  -2.4475225e+02  -2.3350677e+02   2.0000000e+00
  -2.5385299e+02  -9.5002642e+01   2.0000000e+00
  -3.3884709e+02  -3.4916483e+02   1.0000000e+00
  -1.8929826e+01   2.1565173e+02   2.0000000e+00
  -5.4194446e+01   3.6229545e+01   2.0000000e+00
   2.8061658e+02   3.4975272e+02   2.0000000e+00
  -7.3680799e+01  -3.6884419e+02   2.0000000e+00
   2.3324909e+02   3.2889107e+02   2.0000000e+00
   2.8484124e+02  -1.7891381e+01   1.0000000e+00
  -2.3712743e+02  -2.8398876e+02   2.0000000e+00
  -3.2803165e+02  -2.2757496e+02   2.0000000e+00
  -6.0236117e+01   5.6892955e+01   2.0000000e+00
   5.1424592e+01  -3.3776990e+02   2.0000000e+00
  -2.1649931e+02   2.4661054e+02   2.0000000e+00
  -2.9531151e+02   3.0527805e+02   2.0000000e+00
   2.6265544e+02   2.1670704e+02   2.0000000e+00
  -5.8988575e+01   1.2991742e+02   2.0000000e+00
  -2.5323950e+02   2.2847823e+02   2.0000000e+00
   1.8987753e+02  -7.0577479e+01   2.0000000e+00
   2.5226383e+02  -2.3318579e+02   2.0000000e+00
  -2.3197575e+02  -3.0209588e+02   2.0000000e+00
  -1.3635872e+02   2.6972252e+02   1.8000000e+00
  -1.9099730e+02   3.5790709e+02   1.0000000e+00
  -1.2784102e+02  -3.6940475e+02   1.0000000e+00
   3.4330819e+02   3.0642026e+02   2.0000000e+00
  -1.7927744e+02   2.7712625e+02   2.0000000e+00
  -1.8898229e+02   2.7104718e+02   2.0000000e+00
  -6.9076968e+00   7.0301219e+01   2.0000000e+00
   9.0089736e+01   1.6214876e+02   2.0000000e+00
  -1.6305228e+02   1.6921497e+01   2.0000000e+00
  -1.0892256e+01   7.2985545e+01   2.0000000e+00
  -1.1134881e+02   2.1625418e+02   2.0000000e+00
   6.6599819e+00   2.2525766e+02   2.0000000e+00
  -6.8292153e+01   1.3843955e+02   2.0000000e+00
   1.9651794e+02   3.0161747e+02   2.0000000e+00
   1.9820644e+02   1.9832335e+02   2.0000000e+00
   1.2752693e+01   2.3662374e+02   2.0000000e+00
  -5.8791188e+00   1.9222504e+02   2.0000000e+00
   2.9762204e+02  -1.4803616e+02   2.0000000e+00
  -3.3213771e+02  -3.0514317e+02   1.0000000e+00
   2.2849605e+02   1.5655164e+01   2.0000000e+00
  -6.1299074e+01  -3.5575214e+02   2.0000000e+00
   2.6458080e+02  -3.6170656e+02   2.0000000e+00
  -1.9545448e+02   2.7628281e+02   2.0000000e+00
  -2.5028355e+02   8.8693712e+01   2.0000000e+00
  -2.3741665e+02   2.9360055e+02   2.0000000e+00
   1.4450630e+02  -1.3324178e+02   2.0000000e+00
  -2.3634358e+02   2.2699740e+02   2.0000000e+00
  -2.2882190e+02   7.8472347e+01   2.0000000e+00
   1.1299232e+01  -1.2724781e+02   2.0000000e+00
  -8.5019335e+01   4.2202413e+02   2.0000000e+00
  -5.7703929e+01  -2.4028320e+02   2.0000000e+00
   6.0886862e+01  -2.3767057e+02   2.0000000e+00
   1.8535886e+02  -3.4475079e+01   1.0000000e+00
  -3.4710038e+02  -3.6296335e+02   1.0000000e+00
  -3.4236213e+02   2.1571857e+02   1.0000000e+00
   3.4356138e+02   1.3727931e+02   2.0000000e+00
  -7.6106238e+01  -1.5463454e+02   2.0000000e+00
  -2.4944204e+02  -4.1190166e+02   2.0000000e+00
  -1.4714854e+02   5.5292448e+00   2.0000000e+00
  -7.5822897e+00   1.8542856e+02   2.0000000e+00
  -1.5101982e+02   3.4908534e+02   2.0000000e+00
   2.2264561e+02   1.9969017e+02   2.0000000e+00
   1.2698738e+02  -5.9559630e+01   2.0000000e+00
   2.9772456e+02   3.1778289e+02   2.0000000e+00
  -3.2947236e+02  -7.9722170e+01   1.0000000e+00
   6.8549275e+01   1.8137265e+02   2.0000000e+00
   2.8885745e+02   2.4896479e+02   2.0000000e+00
  -3.2699551e+02  -1.3505243e+02   2.0000000e+00
   7.1865466e+01   7.9648778e+00   2.0000000e+00
  -2.3622938e+02   3.1183282e+02   1.0000000e+00
  -2.8457644e+01   4.9140099e+01   2.0000000e+00
   3.1625729e+02   8.3068542e+00   2.0000000e+00
  -2.4918649e+01  -2.2507056e+02   2.0000000e+00
  -1.3173835e+02   1.3372045e+02   2.0000000e+00
  -3.5906915e+02  -1.3122065e+02   2.0000000e+00
   8.1377254e+01  -1.4332726e+02   2.0000000e+00
  -1.7319995e+02   4.4261263e+01   2.0000000e+00
  -2.5679472e+02   2.8291636e+02   2.0000000e+00
   8.9975265e+01  -6.9920963e+01   2.0000000e+00
  -1.1516350e+02  -3.2347851e+02   2.0000000e+00
  -6.0710232e+01   4.6610689e+01   2.0000000e+00
   2.6200598e+02  -1.4037324e+02   2.0000000e+00
  -1.1060315e+02  -3.5325623e+02   2.0000000e+00
  -4.4106940e+01  -2.5083519e+02   2.0000000e+00
   2.6066017e+02  -3.6005088e+02   2.0000000e+00
   1.0886620e+02  -2.3422452e+02   2.0000000e+00
  -9.4302175e+01  -2.7777540e+02   2.0000000e+00
  -2.9577212e+02  -2.4264920e+02   1.0000000e+00
  -1.5696926e+02   2.2234624e+02   2.0000000e+00
  -1.4193101e+02  -3.0617319e+02   2.0000000e+00
  -5.5123809e+01   2.5838904e+02   2.0000000e+00
  -1.6691255e+02  -1.0984053e+02   2.0000000e+00
   3.5696209e+02   2.3836252e+02   1.0000000e+00
  -2.9626219e+02  -2.4650485e+02   1.0000000e+00
   2.6646654e+02   8.9213937e+00   2.0000000e+00
   3.3425301e+02  -3.1741836e+02   1.0000000e+00
   1.4771365e+02  -2.3310883e+02   2.0000000e+00
  -5.4427981e+01   3.6331831e+02   2.0000000e+00
  -7.2570691e+01   2.3982625e+02   2.0000000e+00
  -6.0818524e+01   2.5039425e+02   2.0000000e+00
   8.3600276e+01  -1.6005844e+02   2.0000000e+00
  -1.8853386e+02   2.9443476e+02   2.0000000e+00
   1.5624356e+01  -4.5694096e+01   2.0000000e+00
  -2.4784440e+02  -1.5246954e+02   2.0000000e+00
   8.3186492e+01  -2.7933962e+02   2.0000000e+00
  -3.4808744e+02   3.5119887e+02   1.0000000e+00
   3.0949892e+02  -3.3397779e+02   1.0000000e+00
   1.9177779e+02  -5.1751809e+01   2.0000000e+00
  -3.4755619e+02  -1.1488795e+02   1.0000000e+00
   3.1746977e+02   2.6160747e+00   2.0000000e+00
   1.3086372e+02   1.3211859e+02   2.0000000e+00
  -4.4147125e+01  -2.1805985e+02   2.0000000e+00
   3.0586269e+02   9.7004870e+01   2.0000000e+00
   8.9823968e+01   4.0598803e+01   2.0000000e+00
   1.4753686e+02  -2.0124244e+02   2.0000000e+00
   2.4693219e+02  -3.1160803e+02   2.0000000e+00
   2.6395277e+02   2.6256330e+02   2.0000000e+00
   6.7418479e+01   3.4485283e+02   2.0000000e+00
   3.5783219e+02   2.0854722e+02   2.0000000e+00
  -1.3770221e+02   1.0849214e+02   2.0000000e+00
   1.9091566e+02  -1.3779306e+02   1.0000000e+00
  -2.4411192e+01   3.1305878e+00   2.0000000e+00
   1.4771184e+02   2.6261538e+02   1.0000000e+00
  -4.3615104e+01   1.6136801e+02   2.0000000e+00
   2.0581845e+02   9.9424502e+01   2.0000000e+00
  -3.6344718e+02   5.8408489e+01   2.0000000e+00
   5.3573981e+01   1.4611616e+02   2.0000000e+00
   9.7430436e+01   2.9378544e+01   2.0000000e+00
  -3.3781145e+02  -8.6348909e+01   1.0000000e+00
  -1.1283603e+02   3.0627068e+02   2.0000000e+00
   4.7522667e+00   3.1992842e+02   2.0000000e+00
   1.9312626e+02   2.6384395e+02   2.0000000e+00
  -2.6059908e+02   3.5755330e+02   2.0000000e+00
  -2.9412831e+02  -2.9345028e+02   2.0000000e+00
  -3.3820522e+02  -2.3767465e+02   1.0000000e+00
  -9.9314211e+01  -6.5071298e+01   2.0000000e+00
  -2.8419140e+02  -2.4717707e+02   2.0000000e+00
  -2.8443313e+02  -3.3913227e+02   2.0000000e+00
   5.9828571e+01   1.5038034e+02   2.0000000e+00
  -2.8446568e+02   2.7111108e+02   2.0000000e+00
  -1.6956561e+02   1.5898587e+01   2.0000000e+00
   1.9084289e+02   4.6163383e+01   2.0000000e+00
   1.8487653e+02   1.0125424e+02   2.0000000e+00
  -4.6767877e+00  -4.9412209e+01   2.0000000e+00
   2.4990978e+02  -1.3370962e+02   2.0000000e+00
   2.0022302e+02  -3.4059212e+02   2.0000000e+00
  -1.6585495e+02  -1.9123806e+02   2.0000000e+00
  -2.5258912e+02   1.5915977e+02   1.4000000e+00
   3.1394439e+02  -1.2734689e+01   2.0000000e+00
  -3.2790402e+02   3.0670029e+02   1.0000000e+00
   3.5838227e+02  -6.5575775e+01   1.0000000e+00
   2.0336332e+01   3.5848825e+02   2.0000000e+00
   3.5088813e+02   3.2080444e+02   2.0000000e+00
  -2.5135891e+02   2.7817638e+01   2.0000000e+00
  -3.4539968e+02  -2.8478991e+02   1.0000000e+00
   1.8487172e+02  -2.6555315e+02   2.0000000e+00
  -2.1792416e+02   4.3659714e+01   2.0000000e+00
  -8.6171846e+01   1.9273741e+02   2.0000000e+00
  -2.9756065e+02  -3.2910178e+02   2.0000000e+00
  -3.2401905e+02  -2.4252383e+02   1.0000000e+00
  -1.6849930e+02  -1.0608308e+02   2.0000000e+00
  -2.2869329e+02  -1.3916247e+02   2.0000000e+00
  -2.4960355e+02   3.0290166e+02   1.0000000e+00
   2.0651701e+01   3.5138289e+02   2.0000000e+00
   1.6252477e+01   1.6948977e+02   2.0000000e+00
   8.1623480e+01  -1.1256709e+02   2.0000000e+00
   2.6232541e+02   1.2275316e+02   2.0000000e+00
  -2.4819674e+02   3.4433056e+02   2.0000000e+00
   2.5623349e+02  -3.1895951e+02   2.0000000e+00
   3.5199033e+02   3.4159897e+02   1.0000000e+00
   3.1839155e+02  -2.3798856e+01   2.0000000e+00
  -2.9342728e+02  -2.8182155e+02   2.0000000e+00
  -1.3117603e+02  -3.4257705e+02   2.0000000e+00
  -1.2289748e+02  -3.0997598e+02   2.0000000e+00
   2.4938899e+02   4.6511821e+01   2.0000000e+00
  -3.7562144e+01  -3.1097606e+02   2.0000000e+00
   1.4587000e+02   3.9628252e+01   2.0000000e+00
   1.2227451e+02   6.4682891e+01   2.0000000e+00
  -2.6112926e+02   2.3820023e+02   2.0000000e+00
   1.6817077e+02   3.2458913e+02   2.0000000e+00
  -2.9015975e+02  -1.1585912e+02   2.0000000e+00
  -1.7885125e+01   1.9709439e+02   2.0000000e+00
   1.7614526e+02   1.4514974e+02   2.0000000e+00
   2.2065290e+02  -2.2413394e+02   2.0000000e+00
  -2.0033477e+02   2.1654227e+02   2.0000000e+00
  -3.4871792e+02  -9.7902442e+01   1.0000000e+00
  -8.7246412e+01   6.5956517e+01   2.0000000e+00
   1.4511737e+02   3.0950521e+02   2.0000000e+00
   6.9655334e+01   3.1015475e+02   2.0000000e+00
  -5.7204616e+01  -2.7504828e+02   2.0000000e+00
   1.6877271e+02   1.4072068e+01   2.0000000e+00
  -1.8320986e+02  -3.1396622e+01   2.0000000e+00
   1.3492960e+02  -6.5388766e+01   2.0000000e+00
   2.6765661e+02  -1.5099357e+02   2.0000000e+00
   2.8890526e+02  -2.5085914e+02   2.0000000e+00
  -3.5744195e+02  -3.2368955e+02   1.0000000e+00
  -2.2294352e+02  -2.2197907e+02   2.0000000e+00
   3.2294091e+02   2.5753076e+02   1.0000000e+00
   1.6617111e+02   6.6145631e+01   2.0000000e+00
   5.4391821e+01   2.8126024e+02   2.0000000e+00
   1.7951209e+02   2.6085565e+02   2.0000000e+00
  -2.7860074e+02  -9.6816968e+01   2.0000000e+00
  -1.9026795e+02   3.6597349e+02   1.0000000e+00
  -8.4124574e-01   2.5060827e+02   2.0000000e+00
   2.9325427e+02  -4.9230639e+01   2.0000000e+00
  -1.9239948e+02  -1.7736602e+02   2.0000000e+00
  -2.4951110e+01   3.8109663e+01   2.0000000e+00
  -1.5344561e+02   1.8388296e+00   2.0000000e+00
   6.5297536e+01  -3.3651302e+02   2.0000000e+00
  -5.7140706e+01  -1.1607231e+02   2.0000000e+00
   2.1498413e+02  -2.7987468e+02   2.0000000e+00
   3.6244177e+02   2.9330006e+02   1.0000000e+00
  -2.2446341e+02  -1.8945772e+02   2.0000000e+00
   2.8105222e+02  -3.4937242e+02   2.0000000e+00
  -7.3855244e+01   4.0440788e+02   2.0000000e+00
  -3.5254860e+02  -2.4497699e+01   2.0000000e+00
  -1.3618550e+02  -6.6587213e+01   2.0000000e+00
  -2.4674780e+02   1.0069631e+02   2.0000000e+00
   3.0389057e+02  -3.3298144e+02   2.0000000e+00
   6.3696648e+01  -3.1008870e+02   2.0000000e+00
   1.0626209e+02   3.3938099e+02   2.0000000e+00
   3.1204328e+02  -2.6925415e+02   2.0000000e+00
  -3.0093266e+02  -3.1995152e+02   2.0000000e+00
   3.0853832e+02  -1.7371350e+01   2.0000000e+00
  -2.6795118e+02   4.1686891e+01   2.0000000e+00
  -3.1878102e+02   8.7204932e+01   2.0000000e+00
  -2.7696132e+02   4.3598199e+01   2.0000000e+00
  -3.0548689e+02  -2.8723540e+02   2.0000000e+00
   2.9464892e+02   2.3489786e+02   2.0000000e+00
   1.9578980e+02   3.4827387e+02   1.0000000e+00
  -3.4080615e+02   2.6226508e+02   1.0000000e+00
  -2.6380117e+02   2.6457559e+02   2.0000000e+00
  -2.4540965e+02   2.3763168e+02   2.0000000e+00
  -2.7307829e+02  -2.7242903e+02   2.0000000e+00
  -2.7735315e+02  -3.1782451e+02   2.0000000e+00
   2.2071740e+01  -2.7355182e+02   2.0000000e+00
   2.5463196e+02   5.1274166e+01   2.0000000e+00
   3.6023462e+02  -1.9431533e+02   2.0000000e+00
   5.2672507e+01  -2.5564032e+02   2.0000000e+00
  -1.6850359e+02   3.1743532e+02   2.0000000e+00
   2.2048882e+02  -3.2897520e+02   2.0000000e+00
   3.2119962e+02   1.7065923e+02   2.0000000e+00
   3.0568573e+02   2.5373335e+02   2.0000000e+00
   2.7848241e+02   3.4142387e+02   2.0000000e+00
  -3.3376794e+02  -2.7273960e+02   1.0000000e+00
  -8.2424370e+01  -2.8573536e+02   2.0000000e+00
   1.7459495e+02   2.0658300e+02   2.0000000e+00
  -1.5183272e+02   2.1690843e+02   2.0000000e+00
   2.8959667e+01   9.7663075e+00   2.0000000e+00
   2.1343454e+02  -3.0835881e+02   2.0000000e+00
  -3.3979066e+02  -3.1411804e+02   1.0000000e+00
   1.1034105e+02  -2.7468494e+02   2.0000000e+00
  -3.5791152e+02   8.6173963e+00   2.0000000e+00
   1.4259528e+02   6.8753344e+01   2.0000000e+00
  -3.3442506e+02  -1.2944794e+02   2.0000000e+00
   3.6096673e+02  -3.4717812e+01   1.0000000e+00
   2.9554234e+01  -6.1788171e+01   2.0000000e+00
  -1.2107703e+01  -3.2164009e+02   2.0000000e+00
  -2.2990222e+02   2.9053688e+02   2.0000000e+00
   2.3718759e+00   2.3012165e+02   2.0000000e+00
   6.2376550e+01   9.2903822e+01   2.0000000e+00
   7.1323451e+01  -1.1770159e+02   2.0000000e+00
  -1.9465163e+02   6.1935652e+01   2.0000000e+00
  -3.2105573e+01   9.2500654e+01   2.0000000e+00
  -2.0583690e+02  -3.2357453e+02   1.0000000e+00
   9.2849953e+01   3.6210023e+02   2.0000000e+00
   7.6437532e+01   1.7196914e+02   2.0000000e+00
   3.8735555e+02   1.6946038e+02   2.0000000e+00
   2.5490115e+02  -1.5229467e+02   2.0000000e+00
   7.8150583e+01   1.1158808e+02   2.0000000e+00
   3.1022029e+02  -3.5722854e+02   1.0000000e+00
   2.0026129e+02  -2.2775764e+02   2.0000000e+00
  -3.3673036e+02  -3.5303228e+02   1.0000000e+00
   2.5543068e+02  -1.0035915e+02   2.0000000e+00
   4.3280216e+01  -3.7217452e+02   2.0000000e+00
   1.1816693e+02   1.0682365e+02   2.0000000e+00
   7.3853576e+01  -3.4180670e+02   2.0000000e+00
  -1.8563123e+02   2.8837910e+01   2.0000000e+00
  -1.9097667e+02  -1.6520657e+02   2.0000000e+00
  -2.8296239e+02  -1.0322533e+02   2.0000000e+00
  -3.1022229e+02   2.7477423e+02   2.0000000e+00
   3.0565888e+02  -3.4755712e+02   1.0000000e+00
  -1.0587436e+02   1.5676520e+02   2.0000000e+00
   5.1977333e+01  -5.5026533e+01   2.0000000e+00
  -3.1951104e+02  -3.5917183e+02   1.0000000e+00
   1.4955436e+02   1.0001595e+02   2.0000000e+00
   2.2194716e+02   1.9268774e+02   2.0000000e+00
   6.7334312e+01  -3.3251377e+02   2.0000000e+00
  -4.8588356e+01  -1.2038191e+02   2.0000000e+00
   3.3068197e+02   2.8468194e+02   2.0000000e+00
  -2.8560838e+01   5.2669517e+01   2.0000000e+00
  -2.8632965e+02   3.3750237e+02   2.0000000e+00
   2.4654314e+02   3.5187388e+02   2.0000000e+00
   2.9116676e+02  -1.7298526e+01   1.0000000e+00
  -6.7373663e+01   2.1127840e+02   2.0000000e+00
   1.9524160e+02   2.7503049e+01   2.0000000e+00
  -3.8560994e+02  -1.3447701e+02   2.0000000e+00
  -1.0490294e+02  -8.3989672e+01   2.0000000e+00
  -4.0696919e+01  -2.3898407e+02   2.0000000e+00
   2.4918519e+02  -2.8180532e+02   2.0000000e+00
  -3.5503159e+02   3.2469904e+02   1.0000000e+00
  -1.1669425e+02  -3.0412355e+02   2.0000000e+00
  -1.2627585e+02  -3.0742654e+02   2.0000000e+00
  -1.2482400e+02  -8.3209285e+01   2.0000000e+00
  -3.5293535e+02  -2.0361058e+02   1.0000000e+00
   2.0692831e+02   3.1267150e+02   2.0000000e+00
   7.9955749e+01   2.8351587e+02   2.0000000e+00
  -3.4393800e+02  -1.3754458e+02   2.0000000e+00
   2.3795961e+02   2.0375881e+02   2.0000000e+00
  -9.4169272e+01   4.2219800e+02   2.0000000e+00
  -3.2592837e+02  -1.9093636e+02   1.0000000e+00
  -2.3760431e+01  -9.1774749e+01   2.0000000e+00
  -2.2160983e+02   3.1986355e+02   1.1000000e+00
   2.5679687e+02   1.9931096e+02   2.0000000e+00
  -2.7078525e+02  -5.1587530e+01   2.0000000e+00
  -3.2502125e+02  -3.4814972e+02   1.0000000e+00
   2.3754495e+02  -1.2235650e+02   2.0000000e+00
  -6.0888937e+00   1.4328732e+02   2.0000000e+00
   1.3238542e+02   2.9210073e+02   2.0000000e+00
   3.7609384e+01   2.1102626e+02   2.0000000e+00
  -1.8392949e+02  -1.8639428e+02   2.0000000e+00
   3.0574265e+02  -2.1958881e+01   2.0000000e+00
  -2.9155981e+02   2.5689512e+02   2.0000000e+00
  -3.6915904e+02   9.5822225e+01   2.0000000e+00
   3.4443897e+02   2.3646919e+02   1.0000000e+00
   2.1509313e+01   2.5114781e+02   2.0000000e+00
  -2.6781358e+02  -1.1082103e+02   2.0000000e+00
   2.3890088e+02   8.9622399e+01   2.0000000e+00
   3.1824259e+02  -7.7937392e+01   2.0000000e+00
  -3.6505390e+02  -1.1349996e+02   2.0000000e+00
   1.7570468e+02   6.0915766e+00   2.0000000e+00
  -3.7334867e+01  -9.0818933e+01   2.0000000e+00
   1.0355982e+02  -2.8449819e+02   2.0000000e+00
  -3.5031133e+02   2.6402773e+02   1.0000000e+00
   1.5977672e+02   6.7911715e+01   2.0000000e+00
   1.1600357e+02   3.2252904e+02   2.0000000e+00
   8.3496987e+01  -1.7017646e+02   2.0000000e+00
  -1.1276691e+02  -7.4457870e+01   2.0000000e+00
  -3.4619654e+02  -2.9321409e+02   1.0000000e+00
   1.0640035e+02  -1.4134766e+01   2.0000000e+00
  -1.6899081e+02  -3.2634422e+02   2.0000000e+00
  -1.0328351e+02  -2.6785477e+02   2.0000000e+00
  -2.2900220e+02  -3.9354495e+02   2.0000000e+00
   1.5202586e+02   1.1929801e+02   2.0000000e+00
   6.1990705e+00   1.4703054e+02   2.0000000e+00
   2.2638891e+02   2.1817488e+02   2.0000000e+00
  -1.8725814e-01  -8.0408412e+01   2.0000000e+00
  -3.5201500e+02   2.7676525e+02   1.0000000e+00
  -3.2655877e+02  -3.1652972e+02   1.0000000e+00
   3.5789937e+02  -9.8435365e+01   1.0000000e+00
   8.2019024e+01   1.6695134e+02   2.0000000e+00
  -2.3656223e+02   3.3541794e+02   2.0000000e+00
   2.4937381e+02   6.0470203e+01   2.0000000e+00
  -1.7236145e+02  -3.0050449e+02   2.0000000e+00
   3.5657349e+01   2.1455180e+02   2.0000000e+00
  -3.6135614e+02   4.5374940e+01   2.0000000e+00
   3.1980095e+02   3.3617731e+02   2.0000000e+00
  -1.5561718e+02   3.3434773e+02   2.0000000e+00
   2.8935713e+01  -2.8827992e+02   2.0000000e+00
  -1.0691898e+00  -7.8995686e+01   2.0000000e+00
   7.8800035e+00   3.6513618e+02   2.0000000e+00
  -2.0128370e+02   2.1704144e+02   2.0000000e+00
  -6.1072768e+01   1.3006278e+02   2.0000000e+00
  -3.2224821e+02   5.2366539e+01   2.0000000e+00
   3.3702044e+02  -6.9260091e+01   2.0000000e+00
  -4.4701587e+01  -2.2542957e+02   2.0000000e+00
   2.8017439e+02  -1.3338287e+02   2.0000000e+00
  -2.8919386e+02  -3.3085264e+02   2.0000000e+00
  -2.6761668e+02   1.6638488e+02   2.0000000e+00
   8.6132500e+01  -1.5786873e+02   2.0000000e+00
  -1.2758548e+02   3.9794997e+01   2.0000000e+00
  -2.8893002e+02   3.0439335e+02   2.0000000e+00
  -5.1465855e+01   4.0932307e+01   2.0000000e+00
  -1.6261545e+02  -2.5583924e+02   2.0000000e+00
  -2.9602191e+01  -2.6196155e+02   1.9000000e+00
  -2.4554042e+02   2.9791543e+02   1.0000000e+00
   2.7172615e+02   1.4737969e+02   2.0000000e+00
   2.7513763e+02  -1.2260163e+02   2.0000000e+00
  -9.9419016e+01  -8.4575493e+01   2.0000000e+00
  -1.5835204e+02  -3.6898375e+02   2.0000000e+00
   3.1688224e+02   3.3513061e+02   2.0000000e+00
   3.3320639e+02  -3.0667832e+02   1.0000000e+00
  -2.1626413e+02   2.9588623e+02   1.0000000e+00
   3.4705264e+02   9.6936539e+01   2.0000000e+00
  -3.3473014e+02   3.5560080e+02   1.0000000e+00
   1.1450235e+02   3.1692597e+02   2.0000000e+00
  -9.8568557e+01  -2.3135704e+02   2.0000000e+00
  -1.0579550e+02   2.7837915e+02   1.0000000e+00
   1.5749748e+02  -2.8500548e+02   2.0000000e+00
   7.2185054e+01   3.2997201e+02   2.0000000e+00
  -2.2732036e+02  -1.5335898e+02   2.0000000e+00
   1.5290540e+01   1.8642367e+02   2.0000000e+00
  -8.1492371e+01   4.1086495e+02   2.0000000e+00
  -1.3032704e+01  -6.4537474e+01   2.0000000e+00
  -3.6155439e+02  -1.9348248e+02   1.0000000e+00
  -2.4233099e+02   3.6093430e+02   2.0000000e+00
  -6.0656440e+01   6.4660281e+01   2.0000000e+00
  -3.5359787e+02   2.5550487e-01   2.0000000e+00
  -3.4308063e+02  -8.3480061e+01   1.0000000e+00
   7.7507156e+01   3.3551880e+02   2.0000000e+00
   1.6613555e+02   2.3501451e+01   2.0000000e+00
  -1.0773157e+02  -3.6500600e+02   2.0000000e+00
   3.4905530e+02  -8.5106961e+01   1.0000000e+00
   2.7687959e+02   3.6514371e+02   2.0000000e+00
   6.9730810e+01  -1.5469928e+02   2.0000000e+00
   1.7928695e+02   8.8734321e+01   2.0000000e+00
   2.8249218e+02  -2.5088637e+02   2.0000000e+00
   9.2701860e+01  -2.6760944e+02   2.0000000e+00
  -1.5523383e+01  -2.6898738e+02   2.0000000e+00
   6.7697931e+01   1.8800344e+00   2.0000000e+00
   6.6964958e+01  -1.1466998e+01   2.0000000e+00
  -3.7468082e+01   1.8268648e+02   2.0000000e+00
   1.2259193e+02  -2.4186866e+02   2.0000000e+00
   2.0390793e+01  -3.3533765e+02   2.0000000e+00
   2.0513788e+02  -3.3957434e+02   2.0000000e+00
   1.6293346e+02   7.9201937e+01   2.0000000e+00
  -2.4019783e+01   3.6226619e+02   2.0000000e+00
   7.9076958e+01  -1.9075411e+01   2.0000000e+00
  -3.3284279e+02   1.1328811e+02   2.0000000e+00
   2.5478087e+02   3.3022305e+02   2.0000000e+00
   4.5562913e+01   2.1568602e+02   2.0000000e+00
  -6.4303794e+01   4.2699722e+02   2.0000000e+00
  -1.2759692e+02  -2.4031587e+02   2.0000000e+00
   8.7414979e+01   3.4684059e+02   2.0000000e+00
   1.8386753e+00  -1.3733294e+02   2.0000000e+00
   1.6347914e+02   5.3384002e+00   2.0000000e+00
  -2.2459946e+02   2.9712268e+02   1.0000000e+00
  -2.8618764e+02  -1.1093940e+02   2.0000000e+00
  -3.0507373e+02  -2.6944913e+02   2.0000000e+00
  -3.0166249e+02   2.2284955e+02   2.0000000e+00
   2.4453463e+02  -2.0711350e+02   2.0000000e+00
   1.7734797e+02   3.1494942e+02   2.0000000e+00
  -2.4660955e+02   2.9427297e+02   1.0000000e+00
   1.2403438e+02  -4.8440472e+02   2.0000000e+00
  -1.8375719e+02  -2.7389910e+02   2.0000000e+00
   2.9882281e+02   2.1565857e+01   2.0000000e+00
  -2.6240996e+02   3.9314784e+01   2.0000000e+00
   1.0686355e+02  -2.3094885e+02   2.0000000e+00
  -3.4229659e+02  -3.3265067e+02   1.0000000e+00
  -3.5237574e+02  -3.3974974e+02   1.0000000e+00
  -3.4311844e+01   2.7314954e+02   2.0000000e+00
   2.2619826e+02   1.5180560e+01   2.0000000e+00
   1.4746880e+02  -1.3485142e+02   2.0000000e+00
  -2.7831491e+02  -1.8651858e+02   2.0000000e+00
  -2.5298466e+02   2.2729364e+02   2.0000000e+00
  -6.6150634e+01  -3.5784423e+02   2.0000000e+00
   8.8743509e+01  -3.0611301e+02   2.0000000e+00
  -2.4858757e+02  -4.0735782e+02   2.0000000e+00
   1.7108407e+02  -3.9914578e+01   2.0000000e+00
  -1.7101438e+01  -2.5253756e+02   2.0000000e+00
   2.3400361e+01  -6.5830123e+01   2.0000000e+00
  -2.9083906e+02  -2.4828457e+02   2.0000000e+00
   2.4817195e+02  -7.4949085e+00   2.0000000e+00
  -3.3126504e+02  -2.9199716e+02   2.0000000e+00
  -2.7698537e+02  -4.5799929e+01   2.0000000e+00
  -6.8373006e+01  -5.5976412e+01   2.0000000e+00
   2.0418390e+02   3.1335336e+02   2.0000000e+00
  -1.7535411e+02   6.2758465e+01   2.0000000e+00
   3.5579768e+02   2.4829275e+02   1.0000000e+00
   3.2311270e+02  -2.0935347e+01   2.0000000e+00
  -1.0036532e+02  -1.0999635e+02   2.0000000e+00
   3.4874793e+02  -1.1388439e+02   1.0000000e+00
  -2.0401820e+02   1.5322149e+02   2.0000000e+00
   1.6719948e+02  -3.1421005e+02   2.0000000e+00
   3.0318062e+02   6.7858665e+01   2.0000000e+00
  -1.0433284e+02  -3.6768722e+02   2.0000000e+00
  -1.2547750e+02   3.8193034e+01   2.0000000e+00
  -1.4642555e+02   3.0101261e+02   2.0000000e+00
   7.3295280e+01  -3.6449421e+02   2.0000000e+00
   2.7290769e+02   3.0075345e+00   2.0000000e+00
  -3.3066407e+02  -2.4940777e+02   2.0000000e+00
  -1.5924135e+02   8.7214439e+01   2.0000000e+00
   1.4116529e+02  -3.5615746e+01   2.0000000e+00
  -2.3313165e+01  -6.2326181e+01   2.0000000e+00
   3.3977698e+02  -2.3940734e+02   2.0000000e+00
  -3.5204648e+02   1.1376893e+02   2.0000000e+00
  -1.5782671e+02  -1.1527265e+02   2.0000000e+00
   7.1199697e+01   1.6218387e+02   2.0000000e+00
   3.3432634e+02  -1.9727221e+02   2.0000000e+00
   2.7887376e+01  -2.9876066e+02   2.0000000e+00
  -2.4538074e+02  -4.0856721e+02   2.0000000e+00
  -3.3100972e+01  -9.4537094e+01   2.0000000e+00
  -2.8381798e+02   2.4822476e+01   2.0000000e+00
  -6.6727095e+01  -1.0708342e+02   2.0000000e+00
  -2.9138660e+02  -1.2970414e+02   2.0000000e+00
  -3.7067412e+02   5.9759698e+01   2.0000000e+00
   3.5443978e+02  -2.6909023e+01   1.0000000e+00
   2.6774966e+02  -9.1303821e+01   2.0000000e+00
   6.7867208e+01  -2.6650749e+01   2.0000000e+00
   3.3957784e+02  -2.3968178e+02   2.0000000e+00
   2.2526144e+02  -3.4764178e+01   2.0000000e+00
  -1.9399540e+02  -2.6003085e+01   1.0000000e+00
   6.3843759e+01  -1.1897694e+02   2.0000000e+00
   3.7675553e+02  -1.8354996e+02   2.0000000e+00
   2.6351570e+02   1.9711420e+02   2.0000000e+00
  -1.3180298e+02  -1.0488474e+02   2.0000000e+00
  -2.9256430e+02  -2.9650004e+02   2.0000000e+00
   4.3419296e+01   2.3260820e+01   2.0000000e+00
  -8.6758776e+01  -1.4859559e+02   2.0000000e+00
  -3.7026647e+02   8.5675692e+01   2.0000000e+00
  -3.1972076e+02   3.1429462e+02   2.0000000e+00
  -3.7667597e+01   2.6697388e+02   2.0000000e+00
  -2.3257317e+02  -2.6248515e+02   2.0000000e+00
  -2.2971459e+02  -1.2759739e+02   2.0000000e+00
  -3.0162871e+01   3.1134469e+01   2.0000000e+00
  -4.0057453e+01  -2.2403948e+02   2.0000000e+00
   1.1005612e+02  -2.2715113e+02   2.0000000e+00
   2.3253009e+02  -1.7440597e+00   2.0000000e+00
   3.1439734e+02  -2.7504971e+02   2.0000000e+00
  -2.1382431e+02   3.1897223e+02   2.0000000e+00
   3.5354921e+02   1.9175178e+01   2.0000000e+00
  -1.1455633e+01  -8.1970878e+01   2.0000000e+00
   2.5313346e+02  -1.2472319e+02   2.0000000e+00
  -1.2581378e+02  -3.4646041e+02   2.0000000e+00
  -3.1846337e+02  -1.3925938e+02   2.0000000e+00
   2.3146023e+02   1.9640425e+02   2.0000000e+00
  -3.8493896e+02   7.3167157e-01   2.0000000e+00
   2.5584316e+02   2.2517304e+02   2.0000000e+00
   7.7539922e+00   3.1736197e+02   2.0000000e+00
   2.7872205e+02  -4.7603778e+01   2.0000000e+00
   7.4811008e+01  -2.3734965e+02   2.0000000e+00
   2.5935374e+02   3.0404253e+02   2.0000000e+00
   2.3918205e+02  -1.2896912e+02   2.0000000e+00
   1.1551031e+02  -2.8390332e+02   2.0000000e+00
   5.7030358e+01   3.5003807e+02   2.0000000e+00
   6.3585463e+01  -2.3219177e+02   2.0000000e+00
  -1.4602332e+02   5.6461042e+01   2.0000000e+00
   8.4665253e+01  -3.2259720e+02   2.0000000e+00
  -3.1569365e+02  -2.4831864e+02   1.0000000e+00
  -3.3716750e+02  -3.3798323e+01   2.0000000e+00
   2.2958354e+02  -3.2556859e+02   2.0000000e+00
  -6.4665477e+01   2.8835275e+02   2.0000000e+00
  -3.1779215e+02   5.4273677e+01   2.0000000e+00
  -1.4260887e+02  -3.6525239e+01   2.0000000e+00
   1.9432316e+02   3.3879417e+02   1.0000000e+00
   2.5916605e+02   1.3353492e+02   2.0000000e+00
   3.6311300e+02  -2.3889760e+02   2.0000000e+00
   7.5165555e+01  -3.5782144e+02   2.0000000e+00
  -1.3112611e+02   3.0060733e+02   2.0000000e+00
   9.8646090e+01  -2.7530770e+02   2.0000000e+00
  -3.9623521e+02  -1.5170196e+02   2.0000000e+00
  -3.2473317e+02  -4.3221115e-01   2.0000000e+00
  -6.8379887e+01   2.0114751e+02   2.0000000e+00
   3.6276443e+02  -6.8049695e+01   1.0000000e+00
   8.2648124e+01  -1.4097384e+02   2.0000000e+00
   2.1436774e+02  -2.3679342e+02   2.0000000e+00
   3.9509411e+01   2.3550516e+02   2.0000000e+00
   1.5729301e+02  -2.0421416e+02   2.0000000e+00
  -3.7479889e+02  -1.4564852e+02   2.0000000e+00
   2.9811201e+02  -5.5907895e+00   1.9000000e+00
  -8.1875674e+01   6.7649291e+01   2.0000000e+00
  -3.4194522e+02   3.4762128e+02   1.0000000e+00
  -3.1941303e+02   4.1815537e+01   2.0000000e+00
  -2.0755443e+02   2.1905335e+02   2.0000000e+00
  -2.3382192e+02   3.6852802e+01   2.0000000e+00
   3.5398604e+02   1.1750105e+02   2.0000000e+00
  -8.6685145e+01   4.2060619e+02   2.0000000e+00
  -9.0956796e+00   1.8297648e+02   2.0000000e+00
   1.1052184e+02  -1.1925781e+02   2.0000000e+00
  -1.9634561e+02   1.8018305e+02   2.0000000e+00
   1.9477001e+02   1.9804393e+02   2.0000000e+00
   5.1150559e+01   3.4884493e+01   2.0000000e+00
   1.3720153e+02  -8.9386762e+01   2.0000000e+00
  -2.4613304e+02   3.4082020e+02   2.0000000e+00
   2.2054316e+02   2.3467484e+01   2.0000000e+00
   3.2185675e+02   1.9842419e+02   2.0000000e+00
   5.8697056e+01  -3.0756587e+02   2.0000000e+00
   3.0230961e+02   1.4626255e+01   2.0000000e+00
  -1.3520297e+02   2.4626000e+02   2.0000000e+00
   2.3398955e+02  -2.8114156e+02   2.0000000e+00
  -1.0867996e+02   2.2419202e+02   2.0000000e+00
  -6.4435010e+01   2.2642672e+02   2.0000000e+00
   3.0973788e+02  -2.1968216e+02   2.0000000e+00
   2.3812675e+01   3.6294598e-01   2.0000000e+00
  -3.5715779e+01  -3.4954478e+01   2.0000000e+00
   3.5465476e+02   2.4252678e+02   1.0000000e+00
   2.8303629e+02   2.2275336e+01   2.0000000e+00
   2.9245906e+02  -3.2530032e+02   2.0000000e+00
  -6.3582600e+00   1.5163422e+02   2.0000000e+00
  -1.3019126e+02  -2.0574197e+02   2.0000000e+00
   1.9830298e+02  -2.3480855e+02   2.0000000e+00
   3.2993064e+01   2.1956201e+02   2.0000000e+00
   1.5806111e+02   3.5179513e+02   1.0000000e+00
   2.0330968e+02  -3.1916127e+02   2.0000000e+00
   5.4208172e+01   9.1558307e+01   2.0000000e+00
  -1.0209291e+02  -2.2827936e+02   2.0000000e+00
  -4.4018892e+01  -2.5898103e+02   2.0000000e+00
  -1.7763936e+02   6.5691316e+01   2.0000000e+00
   2.8982917e+02  -3.3580641e+02   2.0000000e+00
  -5.3298025e+01   1.3398281e+02   1.0000000e+00
   4.2589371e+01   1.3604091e+02   2.0000000e+00
   1.7283163e+02  -2.6835227e+00   2.0000000e+00
   3.0466461e+02  -7.0391784e+01   2.0000000e+00
   3.2108536e+02  -3.3992180e+02   1.0000000e+00
   1.4569736e+02  -1.1152731e+02   2.0000000e+00
   2.2777774e+02   1.8843517e+01   2.0000000e+00
  -1.8587749e+02  -1.2388447e+01   1.0000000e+00
   2.1939167e+02  -3.6020498e+02   2.0000000e+00
   3.3773299e+02   3.1662554e+02   2.0000000e+00
   2.6263618e+00  -2.8714619e+02   2.0000000e+00
   2.5505428e+02  -2.8541831e+02   2.0000000e+00
  -9.9616000e+00   3.2810251e+02   2.0000000e+00
   1.8150663e+02   3.1027754e+02   2.0000000e+00
   3.7524843e+02  -2.3234218e+02   2.0000000e+00
  -2.7511759e+02   3.4619581e+02   2.0000000e+00
   3.3106668e+02   3.6246745e+02   1.0000000e+00
   1.7256182e+02   2.3429620e+02   2.0000000e+00
  -8.7019476e+01  -1.3289885e+02   2.0000000e+00
  -9.9347831e+01  -7.5457196e+01   2.0000000e+00
  -2.6547161e+02   5.5478920e+01   2.0000000e+00
   2.2624427e+01   1.4011474e+02   2.0000000e+00
   2.8966786e+02   2.3901115e+02   2.0000000e+00
   3.1770818e+02  -8.8231534e+01   2.0000000e+00
  -2.6929191e+02  -3.2904350e+02   2.0000000e+00
   3.4026077e+02   3.4069867e+01   2.0000000e+00
   2.1117979e+02  -3.4428763e+02   2.0000000e+00
   3.1022923e+02   3.0259166e+02   2.0000000e+00
   2.4711299e+02   2.0407350e+02   2.0000000e+00
   6.2745534e+01   9.6526372e+01   2.0000000e+00
  -3.2171997e+02   3.5079402e+02   1.0000000e+00
  -4.1739877e+02  -4.3714420e+01   2.0000000e+00
   3.5121781e+02  -3.3360126e+01   1.0000000e+00
  -2.0058628e+02  -2.0594626e+02   2.0000000e+00
   2.5609973e+02   2.0745631e+02   2.0000000e+00
  -2.3607437e+02   4.0615676e+01   2.0000000e+00
   1.2890813e+02  -7.5271033e+01   2.0000000e+00
  -3.2953985e+02   9.7758511e+01   2.0000000e+00
  -2.9720890e+02  -3.4253719e+02   2.0000000e+00
  -3.5826852e+02  -1.8133841e+02   1.0000000e+00
  -1.2288487e+02  -1.1843788e+02   2.0000000e+00
  -1.7017356e+02  -9.1572869e+01   2.0000000e+00
   2.6041333e+01  -1.0201921e+02   2.0000000e+00
   3.3359802e+02   3.0664138e+01   2.0000000e+00
  -2.6465501e+02  -1.5950107e+02   2.0000000e+00
   6.1028511e+01  -6.5999235e+01   2.0000000e+00
  -2.7529181e+02  -1.1848564e+02   2.0000000e+00
   1.7616750e+02  -3.7675518e+01   1.0000000e+00
   2.3569882e+02  -2.8660231e+02   2.0000000e+00
   2.3288986e+02  -3.5886100e+02   2.0000000e+00
   3.2332597e+02   8.4965864e+00   2.0000000e+00
   1.5299427e+02  -2.7417432e+02   2.0000000e+00
   3.0840581e+02  -5.4625681e+01   2.0000000e+00
  -3.7363593e+02   1.4139954e+01   2.0000000e+00
   1.8832617e+02  -8.7348737e+01   2.0000000e+00
   4.9998942e+01  -7.3448283e+01   2.0000000e+00
  -2.8608704e+02  -2.9339622e+02   2.0000000e+00
   3.4471090e+01   1.4770768e+02   2.0000000e+00
   3.8843914e+02   1.7584538e+02   2.0000000e+00
   3.5414678e+02   2.4491743e+02   1.0000000e+00
   3.0868928e+02  -3.6383925e+02   1.0000000e+00
  -8.5385411e+01   4.1462927e+02   2.0000000e+00
  -6.6560929e+01  -1.2181520e+02   2.0000000e+00
  -2.4448714e+02   1.8008089e+02   2.0000000e+00
   9.7352596e+01  -3.2236619e+02   2.0000000e+00
   2.3801979e+02   9.7354495e+00   2.0000000e+00
  -3.5184342e+02  -2.6946957e+02   1.0000000e+00
   1.4564723e+02   2.4677979e+02   2.0000000e+00
  -1.6442923e+02   3.2351689e+02   2.0000000e+00
   2.4200289e+02  -2.4074904e+02   2.0000000e+00
  -3.4804685e+02   2.8406539e+02   1.0000000e+00
  -2.7161635e+02   4.1143345e+01   2.0000000e+00
   3.0484550e+02  -2.9733347e+02   2.0000000e+00
   3.1181958e+02  -9.4326427e+00   2.0000000e+00
  -1.2462626e+02   1.0372145e+02   2.0000000e+00
  -1.9216017e+02  -2.7983650e+02   2.0000000e+00
  -2.9124425e+02  -2.8015849e+02   2.0000000e+00
  -2.3748055e+01  -2.3786251e+02   2.0000000e+00
  -1.6945105e+02  -2.4023343e+02   2.0000000e+00
   3.4624213e+02   2.2522524e+02   1.0000000e+00
  -9.6429240e+01   2.7970576e+01   2.0000000e+00
  -2.2962946e+02   3.3341347e+02   2.0000000e+00
   1.6365785e+02  -2.0459316e+02   2.0000000e+00
  -2.1805342e+02   2.9796245e+02   1.0000000e+00
  -3.5608090e+02  -3.3598153e+02   1.0000000e+00
   3.1710102e+02   3.0855244e+02   2.0000000e+00
  -3.0152225e+02  -2.3750379e+02   1.0000000e+00
  -3.6197171e+02  -3.3180941e+02   1.0000000e+00
   5.1123218e+01  -3.5980358e+02   2.0000000e+00
   2.4626981e+02  -3.6556355e+02   2.0000000e+00
   1.0268371e+02   2.5343164e+02   2.0000000e+00
  -3.1225997e+02   3.1240215e+02   2.0000000e+00
   3.6433615e+02   1.3331315e+02   2.0000000e+00
   5.9638041e+01   1.5239550e+02   2.0000000e+00
   3.0173753e+02  -4.7003906e-01   2.0000000e+00
  -1.7297858e+02   3.5520370e+02   1.0000000e+00
  -1.5644646e+02   1.7204075e+02   2.0000000e+00
   1.1073232e+02  -3.7790414e+01   2.0000000e+00
  -6.9233200e+01  -1.1921083e+02   2.0000000e+00
  -6.0367143e+01   5.6295203e+01   2.0000000e+00
   2.8747100e+02   7.4731187e+01   2.0000000e+00
  -3.1221087e+02  -1.8278739e+02   1.0000000e+00
  -1.8315164e+02   2.9178249e+02   2.0000000e+00
   9.7610198e+01  -2.7475878e+02   2.0000000e+00
  -2.1526326e+02   1.9359038e+02   2.0000000e+00
  -8.7797880e+01   4.1150261e+02   2.0000000e+00
   1.3908221e+02  -2.4106986e+02   2.0000000e+00
  -1.4861858e+02   2.5231560e+02   2.0000000e+00
  -1.5410910e+02  -3.6557773e+02   2.0000000e+00
   2.7276940e+02   7.4424136e+00   2.0000000e+00
   3.4972458e+01  -6.7240510e+01   2.0000000e+00
   1.6204871e+02   2.0839497e+02   2.0000000e+00
   2.0943325e+02  -2.9383357e+02   2.0000000e+00
   3.2718130e+02  -2.1470057e+01   2.0000000e+00
  -3.6079120e+02  -3.5741452e+02   1.0000000e+00
   3.2967395e+02   4.5874376e+01   2.0000000e+00
  -2.3302755e+02   2.1198131e+02   2.0000000e+00
   2.4308852e+02   2.5946487e+02   2.0000000e+00
  -2.7897443e+02  -3.0488339e+02   2.0000000e+00
  -1.9092752e+02  -3.2427488e+01   1.0000000e+00
   2.4532560e+02  -3.4821137e+02   2.0000000e+00
   2.2757513e+02  -3.4059986e+02   2.0000000e+00
  -2.0007481e+02  -2.4101536e+02   2.0000000e+00
   2.5828774e+02   3.3448948e+02   2.0000000e+00
  -2.3015545e+01   7.4055619e+01   2.0000000e+00
  -2.9078292e+02   2.7300119e+02   2.0000000e+00
  -1.3816010e+02   3.3392786e+02   2.0000000e+00
  -3.3097699e+02  -3.1797150e+02   1.0000000e+00
  -3.6249101e+02  -3.4547964e+02   1.0000000e+00
   2.9779104e+02  -2.9243348e+02   2.0000000e+00
  -2.7787176e+02   5.2896725e+01   2.0000000e+00
  -2.2711042e+02   3.2079377e+01   2.0000000e+00
   7.2019848e+00   3.5394546e+02   2.0000000e+00
   8.8918145e+01   3.4280588e+02   2.0000000e+00
  -2.0512128e+02  -3.7480254e+02   2.0000000e+00
   2.2485323e+02   3.7112835e+02   1.0000000e+00
  -2.2342729e+02  -1.8645702e+02   2.0000000e+00
  -3.5574973e+02  -3.1254607e+01   2.0000000e+00
  -3.1114402e+02   2.5681804e+02   2.0000000e+00
   1.8054811e+01   2.9553191e+02   2.0000000e+00
  -2.4859355e+02  -1.0775457e+02   2.0000000e+00
  -3.5068068e+02  -1.9891752e+02   1.0000000e+00
  -3.3483759e+02   3.1737785e+02   1.0000000e+00
   2.9204610e+02  -2.0342095e+02   2.0000000e+00
   4.2078796e+01   1.4155565e+02   2.0000000e+00
  -3.2188563e+02  -3.1876364e+02   2.0000000e+00
   2.0062730e+02  -2.2814389e+02   2.0000000e+00
   2.9189618e+02   2.3720529e+02   2.0000000e+00
   6.2348904e+01   2.8127339e+02   2.0000000e+00
  -2.7541072e+02   3.4874680e+02   1.0000000e+00
  -5.6876815e+01   2.5394876e+02   2.0000000e+00
   3.7207490e+02   1.3183251e+02   2.0000000e+00
  -1.2707897e+02   3.9237067e-01   2.0000000e+00
   1.7046783e+02  -9.3524139e+01   2.0000000e+00
  -1.8452230e+02   2.5276800e+01   2.0000000e+00
  -6.0829141e+01  -1.1763893e+02   2.0000000e+00
   5.8727216e+01  -2.2625892e+01   2.0000000e+00
   2.8899877e+02   3.0141682e+02   2.0000000e+00
   1.1122045e+02   7.9285891e+01   2.0000000e+00
   2.3091726e+02  -2.4286855e+02   2.0000000e+00
   5.1798363e+01  -2.9156694e+02   2.0000000e+00
  -3.1051699e+02  -1.1518288e+02   2.0000000e+00
   1.9327625e+02   6.3078902e+01   2.0000000e+00
  -2.3971560e+02   8.6466185e+01   2.0000000e+00
   3.4124791e+02  -1.8514619e+02   2.0000000e+00
   5.5097686e+01   3.4876062e+01   2.0000000e+00
   1.3000705e+02   3.2649670e+02   2.0000000e+00
   1.3819245e+02  -8.1983450e+01   2.0000000e+00
   8.3531302e+01  -2.4165314e+02   2.0000000e+00
   3.5713547e+02   3.6206745e+02   1.0000000e+00
   1.6855684e+02   3.4446175e+02   1.0000000e+00
   1.2373342e+02   2.9325676e+02   2.0000000e+00
  -2.3123679e+02  -1.9317765e+02   2.0000000e+00
   1.7948717e+02  -2.4340281e+00   2.0000000e+00
  -3.4900469e+02   1.0641028e+02   2.0000000e+00
   5.1015444e+01  -3.3694593e+02   2.0000000e+00
  -3.0945050e+02   3.1142245e+02   2.0000000e+00
  -2.2434748e+02   2.7061409e+02   2.0000000e+00
  -3.6798724e+02   6.1298747e+01   2.0000000e+00
  -1.3446358e+02   1.7405402e+02   2.0000000e+00
   7.9467191e+01  -3.0524711e+02   2.0000000e+00
  -1.3967452e+02  -1.1817833e+02   2.0000000e+00
  -2.3070737e+02  -4.1451226e+02   2.0000000e+00
  -2.5461667e+02   4.3909519e+01   2.0000000e+00
   3.3760168e+02  -3.6721900e+02   1.0000000e+00
  -3.1084225e+02  -3.2743388e+02   2.0000000e+00
  -5.8089138e+01   2.5688673e+02   2.0000000e+00
   2.4161541e+02  -4.8741863e+01   2.0000000e+00
  -3.5023221e+02  -3.0519441e+02   1.0000000e+00
   3.1398889e+02  -1.4449592e+02   2.0000000e+00
   3.0636760e+02  -2.1035699e+02   2.0000000e+00
   1.4364788e+02   2.6697574e+02   1.0000000e+00
   3.3290034e+02   3.5101115e+02   2.0000000e+00
   1.1159202e+02  -2.3747576e+02   2.0000000e+00
   2.4817504e+02  -9.3592453e+01   2.0000000e+00
  -3.1925173e+02  -1.4709599e+02   2.0000000e+00
  -3.5198112e+02   3.0524575e+02   1.0000000e+00
   2.3546830e+02  -3.2135649e+02   2.0000000e+00
   1.6050709e+02   2.6706481e+02   2.0000000e+00
   2.1575720e+02  -3.1031891e+02   2.0000000e+00
   6.0359664e+01   1.7714793e+02   2.0000000e+00
  -1.5438443e+02   3.4845565e+02   2.0000000e+00
   3.5258636e+01  -1.9958686e+02   2.0000000e+00
   7.6254365e+01   3.1472362e+02   2.0000000e+00
  -1.5110502e+02   7.1877976e+01   2.0000000e+00
  -2.6892885e+02   3.3719833e+02   2.0000000e+00
  -4.7961010e+01  -2.5729769e+02   2.0000000e+00
   7.9084565e+01   3.4714699e+02   2.0000000e+00
  -1.2532060e+02   1.0517346e+02   2.0000000e+00
   1.9998065e+02  -2.3043007e+02   2.0000000e+00
   1.3754088e+02   2.4380157e+02   2.0000000e+00
   1.2454056e+02   1.2774982e+02   2.0000000e+00
  -3.3024029e+02   3.3130081e+02   1.0000000e+00
   1.3261830e+02   1.6723667e+01   2.0000000e+00
  -3.8776749e+01  -2.9724330e+02   2.0000000e+00
   1.8416411e+02   2.6427080e+01   2.0000000e+00
   1.4947560e+02   3.1511668e+02   2.0000000e+00
   1.4680766e+02  -2.6488127e+02   2.0000000e+00
  -4.6032822e+01  -3.3269581e+02   2.0000000e+00
   4.4755390e+01   5.3672618e+01   2.0000000e+00
  -1.4394931e+02  -2.6278545e+02   2.0000000e+00
  -1.0899877e+02   9.5594152e+01   2.0000000e+00
   3.2414991e+02  -2.9775425e+02   2.0000000e+00
  -3.1059114e+02   3.1082167e+02   2.0000000e+00
  -3.7357145e+01   1.7908543e+02   2.0000000e+00
   8.1563418e+01   2.7493976e+02   2.0000000e+00
   4.1307988e+01  -3.1691115e+02   2.0000000e+00
   2.7060871e+02  -2.8462021e+02   2.0000000e+00
  -2.8907863e+02  -2.6488074e+02   2.0000000e+00
   1.7407408e+02   1.7929120e+01   2.0000000e+00
  -3.0540634e+02   3.9852986e+01   2.0000000e+00
  -3.6811894e+02  -2.4165611e+01   2.0000000e+00
   3.3465807e+02  -3.0507744e+02   1.0000000e+00
  -1.4136988e+02  -3.1039525e+02   2.0000000e+00
   3.3280015e+02   1.0400636e+02   2.0000000e+00
  -6.4347878e+01  -1.2227418e+02   2.0000000e+00
   1.5044540e+02   4.4652487e+01   2.0000000e+00
   4.0444021e+01  -3.6621163e+02   2.0000000e+00
   3.6873087e+02   1.6082227e+02   2.0000000e+00
  -2.6614091e+02   3.6407544e+01   2.0000000e+00
   2.3779266e+02   2.0036574e+02   2.0000000e+00
   3.0390503e+02  -8.3546694e+01   2.0000000e+00
  -2.9940822e+02  -2.3689700e+02   1.0000000e+00
   2.4800780e+02  -3.2078792e+02   2.0000000e+00
  -2.9386807e+02   2.1661846e+02   2.0000000e+00
  -1.7833461e+02  -9.3323349e+00   2.0000000e+00
  -3.2690122e+01   2.5445809e+02   2.0000000e+00
   1.6609873e+02  -2.8141061e+02   2.0000000e+00
  -7.1031219e+01   4.2466040e+02   2.0000000e+00
   3.5772260e+02   2.0717081e+02   2.0000000e+00
  -3.4684722e+02  -3.5146727e+01   2.0000000e+00
  -1.7790912e+01   9.3984882e+01   2.0000000e+00
   1.4029894e+02   3.0062670e+02   2.0000000e+00
   3.5655915e+02   1.1683780e+02   2.0000000e+00
  -3.7148816e+02  -3.7182761e+01   2.0000000e+00
  -3.0618501e+02   3.2403446e+02   2.0000000e+00
   1.3286314e+02  -9.2320038e+01   2.0000000e+00
  -2.1989476e+02  -2.6688167e+02   2.0000000e+00
   1.0778849e+02  -7.9046031e+01   2.0000000e+00
  -1.1853340e+00  -1.2855889e+02   2.0000000e+00
  -1.6054515e+02  -9.6134531e+01   2.0000000e+00
   4.4386507e+00   2.5885289e+02   2.0000000e+00
   2.6146499e+02  -2.8137074e+02   2.0000000e+00
  -5.6901383e+01   8.0695981e+01   2.0000000e+00
  -1.1579741e+02  -1.3206102e+02   2.0000000e+00
   3.0636462e+02  -2.9543606e+02   2.0000000e+00
  -3.1625408e+02  -3.2658637e+02   2.0000000e+00
   2.3575670e+02  -4.0995354e+01   2.0000000e+00
   2.9100033e+02   2.6217195e+02   2.0000000e+00
   2.2045303e+01  -5.8569149e+01   2.0000000e+00
  -2.7410182e+01  -1.9858178e+02   1.5000000e+00
   1.4820407e+02   2.6672239e+02   1.0000000e+00
   1.3493501e+02  -2.3887889e+02   2.0000000e+00
   1.2563455e+02   1.7136818e+02   1.0000000e+00
  -2.7479772e+02   3.0794295e+02   2.0000000e+00
   2.0186585e+02  -2.4526224e+02   2.0000000e+00
   3.6314049e+02  -7.7083612e+01   1.0000000e+00
  -2.5592414e+02   3.4925125e+02   2.0000000e+00
   2.0175013e+01  -3.3675571e+02   2.0000000e+00
  -2.9966667e+01   7.6606199e+00   2.0000000e+00
  -2.7923332e+02   2.4208905e+01   2.0000000e+00
  -2.6099473e+02   2.0165682e+02   2.0000000e+00
  -9.6263561e+01  -3.0983895e+02   2.0000000e+00
   3.7068567e+02   9.4920392e+01   2.0000000e+00
   3.4443653e+02  -1.0785804e+02   1.0000000e+00
   2.7212651e+02  -2.8260878e+02   2.0000000e+00
  -2.4914928e+02   3.3449738e+02   2.0000000e+00
  -2.3971130e+02   3.2114244e+02   1.0000000e+00
   2.7069895e+02   1.2069078e+01   2.0000000e+00
  -1.3747010e+01  -8.3399774e+01   2.0000000e+00
   2.3419548e+02  -3.4621825e+02   2.0000000e+00
  -2.2688261e+02   5.4474712e+01   2.0000000e+00
   3.4962911e+02   1.2129367e+02   2.0000000e+00
   9.6167942e+01  -2.8338598e+02   2.0000000e+00
  -1.4149359e+02  -6.6227702e+01   2.0000000e+00
   6.0509049e+01  -2.4670219e+01   2.0000000e+00
  -2.4053813e+02   3.5460785e+02   2.0000000e+00
   6.9463448e+01  -1.1926533e+02   2.0000000e+00
   3.5856778e+02   3.2681064e+02   1.7000000e+00
   1.8450472e+02  -8.1927075e+01   2.0000000e+00
   1.2649437e+02  -1.4360970e+02   2.0000000e+00
  -3.3736110e+02  -2.7942933e+02   1.0000000e+00
  -1.1493218e+02   6.3474192e+01   2.0000000e+00
   2.5606070e+02  -8.5204794e+01   2.0000000e+00
  -2.3416718e+02   2.2515587e+02   2.0000000e+00
   8.9904462e+01   6.0518558e+01   2.0000000e+00
   1.8689525e+02  -1.0029409e+02   2.0000000e+00
  -1.4290898e+01  -1.0578793e+02   2.0000000e+00
   1.0805335e+02  -3.6651269e+01   2.0000000e+00
  -3.3822878e+02  -1.8705178e+02   1.0000000e+00
   1.8427312e+02   1.0557540e+02   2.0000000e+00
  -1.5537278e+02  -9.2360164e+01   2.0000000e+00
  -2.1712372e+02   3.4268100e+02   2.0000000e+00
   1.8842020e+02   3.4766843e+02   1.0000000e+00
   1.2863155e+01  -9.7287105e+01   2.0000000e+00
   5.9315165e+01  -2.9390623e+02   2.0000000e+00
   3.6893322e+02   2.1651585e+02   1.0000000e+00
   1.6394544e+02  -3.2159633e+02   2.0000000e+00
  -3.3634924e+02   2.5488298e+02   1.0000000e+00
   1.6519479e+02  -3.1104082e+02   2.0000000e+00
   8.8281163e+01   1.3486587e+02   2.0000000e+00
   1.4866765e+02  -8.7442135e+01   2.0000000e+00
   1.8016947e+02   2.0161386e+02   2.0000000e+00
  -7.6842077e+01   2.9034418e+02   2.0000000e+00
   1.1460655e+02   3.2182328e+02   2.0000000e+00
  -1.1963258e+02   2.9051061e+01   2.0000000e+00
   2.8726779e+01  -2.8655953e+02   2.0000000e+00
   3.5565236e+02   8.4612901e+01   2.0000000e+00
   2.2667845e+02   2.2053768e+01   2.0000000e+00
   2.3591487e+02   3.2466197e+02   2.0000000e+00
   1.7660869e+02  -3.1785173e+02   2.0000000e+00
  -2.4946341e+02   3.3687752e+02   2.0000000e+00
   1.3770758e+02  -1.2412245e+02   2.0000000e+00
   2.1613322e+01   4.0343920e+01   2.0000000e+00
   2.3592526e+02   3.6665455e+02   2.0000000e+00
   3.5258378e+02  -1.7703560e+02   2.0000000e+00
   3.6257961e+02  -2.4043823e+02   2.0000000e+00
   1.9151847e+02   1.0549626e+02   2.0000000e+00
   1.3150697e+01   3.7534210e+02   2.0000000e+00
  -2.6156516e+02  -3.3524663e+02   2.0000000e+00
  -2.5774711e+01  -2.5488000e+02   2.0000000e+00
   2.6195920e+02   2.1396843e+02   2.0000000e+00
  -2.4604008e+02   7.1148375e+01   2.0000000e+00
  -2.6086216e+02   2.1582226e+02   2.0000000e+00
   3.0595917e+02   3.6832286e+02   1.0000000e+00
  -2.1751696e+02   2.7852822e+02   2.0000000e+00
  -3.2172655e+01   2.7030757e+02   2.0000000e+00
   2.0892993e+02  -3.1280053e+02   2.0000000e+00
  -1.3084236e+01  -2.7439977e+02   2.0000000e+00
  -4.1655519e+01   6.8014136e+01   2.0000000e+00
  -2.2650018e+02  -1.9566811e+02   2.0000000e+00
   3.3143395e+02   3.0867486e+02   2.0000000e+00
   8.2445542e+01  -3.6710068e+00   2.0000000e+00
   2.5973950e+02   2.8684587e+02   2.0000000e+00
   2.4038849e+02   1.9961090e+02   2.0000000e+00
   2.3520405e+02  -2.4134673e+02   2.0000000e+00
   5.4168236e+01   2.2355693e+02   2.0000000e+00
  -1.5620852e+02  -1.2724883e+02   2.0000000e+00
  -3.1527451e+02  -2.3105730e+02   2.0000000e+00
   2.8262475e+02  -3.2247054e+02   2.0000000e+00
  -1.9656531e+01  -3.0479463e+02   2.0000000e+00
  -1.1184589e+02  -7.2323750e+01   2.0000000e+00
  -8.6638542e+01  -3.0356118e+02   2.0000000e+00
  -2.2863139e+02  -1.0285324e+02   2.0000000e+00
  -1.9956170e+02  -2.4330158e+02   2.0000000e+00
   2.3115634e+02  -4.2535753e+00   2.0000000e+00
  -2.8796474e+01  -9.6985766e+01   2.0000000e+00
   2.3300090e+02   2.0524796e+01   2.0000000e+00
   1.0035804e+02  -2.8443356e+02   2.0000000e+00
  -3.5888110e+02  -1.2317027e+02   2.0000000e+00
   9.1000175e+01   1.5915922e+02   2.0000000e+00
  -3.2864723e+02   2.4729733e+02   1.0000000e+00
  -3.5505287e+02  -1.2501956e+02   2.0000000e+00
   3.4495878e+02  -8.5886598e+01   1.0000000e+00
   3.8134999e+02  -2.1361614e+02   2.0000000e+00
  -2.3181791e+02   6.6822317e+01   2.0000000e+00
   3.6043802e+02  -2.1959176e+02   2.0000000e+00
   1.6276490e+02   3.5299662e+02   1.0000000e+00
  -8.8898974e+01  -3.1122374e+02   2.0000000e+00
  -1.2836708e+02   3.3017150e+02   2.0000000e+00
  -1.4120371e+02  -4.2251180e+01   2.0000000e+00
   4.6265666e+01  -2.9314963e+02   2.0000000e+00
  -3.8631961e+02   5.6445321e+00   2.0000000e+00
   2.6944699e+01  -3.4151926e+02   2.0000000e+00
  -2.1029267e+02   9.8046828e+01   2.0000000e+00
  -1.3267489e+02   3.6892307e+02   2.0000000e+00
   3.7660775e+02   1.1253374e+02   2.0000000e+00
   3.1776783e+02   6.0006842e+01   2.0000000e+00
   2.2860833e+02   3.6696580e+02   2.0000000e+00
   7.6221206e+01   3.6450300e+02   2.0000000e+00
  -1.0932791e+02   6.9369923e+01   2.0000000e+00
  -3.5094876e+02   3.5690334e+02   1.0000000e+00
  -6.4047384e+01   4.2286554e+02   2.0000000e+00
   3.2852323e+02   3.4338031e+02   2.0000000e+00
   2.8543208e+02   3.0467706e+02   2.0000000e+00
  -2.9273860e+02   1.1080353e+02   2.0000000e+00
  -5.7124999e+01   2.3955207e+02   2.0000000e+00
   2.9913878e+02   3.5758230e+02   2.0000000e+00
  -6.5479857e+01  -1.3967712e+02   2.0000000e+00
   9.2822336e+01   2.9086002e+01   2.0000000e+00
  -2.5036881e+02   2.3992149e+02   2.0000000e+00
  -1.7826777e+02   1.3802669e+02   1.3000000e+00
  -3.1087456e+02  -1.0717397e+02   2.0000000e+00
  -3.2863419e+02   2.7730223e+02   1.0000000e+00
  -1.1103401e+02  -3.3778735e+02   2.0000000e+00
  -1.3171634e+02  -3.2310711e+02   2.0000000e+00
   2.7910265e+02  -3.3604424e+02   2.0000000e+00
   2.3844878e+02  -2.6051080e+02   2.0000000e+00
  -2.6446298e+02   3.1124143e+01   2.0000000e+00
   1.3040598e+02   6.9073923e+01   2.0000000e+00
  -1.4006930e+02  -9.9716990e+01   2.0000000e+00
  -1.1418041e+02  -1.0261334e+02   2.0000000e+00
  -2.8604897e+02   3.2818183e+02   2.0000000e+00
   2.3942666e+02   2.7825360e+02   2.0000000e+00
  -1.0319666e+01   5.2168601e+01   2.0000000e+00
   2.8539876e+02  -5.6624153e+00   1.0000000e+00
  -1.4630235e+02  -1.1501498e+02   2.0000000e+00
  -3.5070778e+02   1.1621332e+02   2.0000000e+00
  -2.4713961e+02  -2.8193117e+00   2.0000000e+00
  -3.0163517e+02   4.6636073e+01   2.0000000e+00
   4.1926188e+01  -1.2026764e+02   2.0000000e+00
   2.0938613e+02  -2.2047548e+02   2.0000000e+00
  -3.1016712e+02   1.8475641e+02   1.0000000e+00
   2.5321505e+02   3.6733169e+02   2.0000000e+00
   2.5078318e+02  -3.4000779e+02   2.0000000e+00
   2.7683460e+02  -3.2730105e+02   2.0000000e+00
  -2.6554888e+02  -3.2310636e+02   2.0000000e+00
   2.3129238e+02  -3.6424503e+02   2.0000000e+00
  -5.2502178e+01  -2.4764052e+02   2.0000000e+00
   8.6925912e+00  -3.0692540e+02   2.0000000e+00
   2.6808699e+02  -1.2094172e+02   2.0000000e+00
  -3.1668870e+02   2.5760113e+02   2.0000000e+00
  -1.6314333e+02  -2.6639120e+01   2.0000000e+00
  -1.4616072e+00  -1.4112773e+02   2.0000000e+00
   3.5236681e+02   2.4486171e+02   1.0000000e+00
   5.3291155e+01  -3.2678983e+02   2.0000000e+00
  -9.2379522e+01   1.7708237e+02   2.0000000e+00
  -1.8926848e+02  -3.7834952e+02   2.0000000e+00
  -1.4872287e+02   3.2776751e+02   2.0000000e+00
   2.8477821e+01   1.2948436e+02   2.0000000e+00
  -3.4189505e+02  -3.2384901e+02   2.0000000e+00
   1.1333904e+02   1.0913228e+02   2.0000000e+00
  -1.7499692e+01   4.2921525e+01   2.0000000e+00
  -2.7462131e+02   8.4798265e+01   2.0000000e+00
   1.7680732e+02   2.3938408e+02   2.0000000e+00
  -2.5202498e+02   3.5402743e+02   2.0000000e+00
   3.1904181e+02   1.1035965e+02   2.0000000e+00
  -1.5385285e+01  -3.1565648e+02   2.0000000e+00
   1.6872752e+02   1.4841749e+02   2.0000000e+00
   2.5303644e+02   2.9418284e+02   2.0000000e+00
   1.1905091e+02   1.0201971e+02   2.0000000e+00
  -3.5295057e+02  -4.4146308e+00   2.0000000e+00
  -3.7665415e+02  -2.6304572e+01   2.0000000e+00
   2.4300341e+02   2.0789569e+02   2.0000000e+00
   3.4781896e+02  -2.4263029e+02   2.0000000e+00
   7.9982016e+00   2.4972204e+02   2.0000000e+00
  -1.9053848e+01   3.2658916e+02   2.0000000e+00
  -2.5759960e+02  -4.0904816e+02   2.0000000e+00
   7.3247660e+01  -1.7500103e+01   2.0000000e+00
  -2.0376334e+02  -1.8590320e+02   2.0000000e+00
   9.1549107e+01  -3.1641626e+02   2.0000000e+00
   1.2663830e+01  -1.0828872e+02   2.0000000e+00
   9.6210177e+01   3.0212723e+01   2.0000000e+00
  -2.5591219e+02   2.1314579e+02   2.0000000e+00
   2.7329159e+02  -3.3424039e+02   2.0000000e+00
  -3.7912098e+02  -1.4765506e+02   2.0000000e+00
   1.6614280e+02   2.4753996e+02   2.0000000e+00
   2.0571874e+02  -2.7492469e+02   2.0000000e+00
  -2.5187056e+02   4.4511938e+01   2.0000000e+00
   8.9901275e+01  -3.1809620e+02   2.0000000e+00
   1.5230916e+02   9.4333220e+01   2.0000000e+00
  -2.7253400e+02   2.3027225e+02   2.0000000e+00
  -3.2492885e+02   3.4670370e+02   1.0000000e+00
   3.0394340e+02  -3.4094682e+02   1.0000000e+00
  -5.1401454e+01   7.6255958e+01   2.0000000e+00
   2.3003972e+01   4.3657225e+01   2.0000000e+00
   9.5092551e+01  -2.1818265e+02   2.0000000e+00
   5.8518503e+01   1.6057806e+02   2.0000000e+00
   3.3256521e+02  -2.0492959e+02   2.0000000e+00
   4.6217210e+01   3.6207052e+02   2.0000000e+00
  -3.0205767e+02   1.7021684e+02   1.0000000e+00
   1.3721079e+02   3.2697579e+02   2.0000000e+00
  -3.3420176e+02   1.2241217e+02   2.0000000e+00
  -2.7652885e+02   2.8008388e+02   2.0000000e+00
   2.4377644e+02   1.7327935e+02   2.0000000e+00
  -3.6584843e+02  -2.4448977e+01   2.0000000e+00
  -2.8820281e+02   2.7444378e+02   2.0000000e+00
  -2.3706579e+02   3.2417942e+01   2.0000000e+00
  -1.7713787e+02  -4.3995964e+01   2.0000000e+00
   1.2097544e+02  -2.9968352e+02   2.0000000e+00
  -2.9404596e+02  -2.5017182e+02   2.0000000e+00
  -3.3204023e+02   3.5892150e+01   2.0000000e+00
  -1.3088835e+02   2.5858562e+02   2.0000000e+00
   8.1470488e+00  -1.0931232e+02   2.0000000e+00
  -3.2602912e+02   1.1678444e+02   2.0000000e+00
  -3.3919562e+02  -2.8037856e+02   1.0000000e+00
  -2.9124170e+02   1.6309622e+02   1.0000000e+00
  -7.5344156e+01  -1.5986731e+02   2.0000000e+00
  -2.2230680e+02  -2.9017125e+02   2.0000000e+00
  -7.2364314e+01  -4.1388704e+01   2.0000000e+00
  -2.6428730e+02   7.7883833e+01   2.0000000e+00
  -1.2915036e+02   3.0318503e+02   2.0000000e+00
  -3.0989741e+02   1.1664601e+02   2.0000000e+00
  -2.9924086e+02  -2.2650009e+02   2.0000000e+00
   2.3880265e+02   1.0825225e+02   1.0000000e+00
  -2.9821846e+02   1.9912509e+02   2.0000000e+00
  -3.0680721e+02   1.8411696e+02   1.0000000e+00
   1.4822151e+02  -1.3663984e+02   2.0000000e+00
   3.4736584e+02   2.0926477e+02   1.9000000e+00
  -8.8765883e+01  -1.5086273e+02   2.0000000e+00
   3.8020133e+02  -2.1298816e+02   2.0000000e+00
   1.9853704e+01  -1.9475800e+02   2.0000000e+00
   3.9349329e+00   2.5730767e+02   2.0000000e+00
  -3.5360282e+02  -9.4585472e+01   1.0000000e+00
   3.2658575e+02   3.0393680e+02   2.0000000e+00
   5.2587899e+01  -2.5364364e+02   2.0000000e+00
  -4.5722956e+01   3.5261684e+01   2.0000000e+00
  -3.2828878e+02  -1.9419041e+02   1.0000000e+00
  -2.9688253e+02   3.2954987e+01   2.0000000e+00
   2.6848331e+02   2.9794729e+02   2.0000000e+00
   1.6899130e+02  -2.0245599e+02   2.0000000e+00
  -7.7242209e+01  -7.5134592e+01   2.0000000e+00
  -2.0911197e+02  -1.7722072e+02   2.0000000e+00
   3.3440611e+02   2.1144107e+02   2.0000000e+00
   2.0797171e+01  -3.7082932e+01   2.0000000e+00
  -1.3637874e+02   1.0326381e+02   2.0000000e+00
   8.3631667e+00   2.1641881e+02   2.0000000e+00
  -1.3518716e+02  -1.2589854e+02   2.0000000e+00
  -3.2116857e+02  -1.4373681e+02   2.0000000e+00
   2.2399337e+02  -3.6282507e+02   2.0000000e+00
   1.8405385e+02   2.1721387e+02   2.0000000e+00
  -3.2004896e+02   1.6482772e+02   1.0000000e+00
  -1.2986738e+02  -1.0631763e+02   2.0000000e+00
   2.1810460e+02  -4.6178090e+01   2.0000000e+00
   2.3768920e+02   1.8424846e+02   2.0000000e+00
   7.0852893e+01   9.6641598e+01   2.0000000e+00
  -3.0618177e+02   1.0622428e+02   2.0000000e+00
  -3.4137710e+02  -1.8307731e+02   1.0000000e+00
   1.6232741e+02   1.2600064e+02   2.0000000e+00
  -3.3615169e+02   1.0863944e+02   2.0000000e+00
  -1.2108388e+02   3.6076086e+01   2.0000000e+00
  -3.1701183e+02   2.4026609e+02   1.0000000e+00
   1.0029602e+02  -9.0127580e+00   2.0000000e+00
  -3.1640787e+02   1.6872096e+02   1.0000000e+00
   1.2363958e+02   1.5252357e+02   2.0000000e+00
  -3.0162570e+02  -2.9578640e+02   2.0000000e+00
   1.6988699e+02   1.4805855e+02   2.0000000e+00
  -2.8926424e+02   3.3859190e+02   1.0000000e+00
  -2.6861515e+02   2.8161233e+02   2.0000000e+00
  -2.2464992e+02  -1.3055708e+02   2.0000000e+00
   1.8451452e+02  -3.4623586e+02   2.0000000e+00
  -3.3386017e+02   2.4387371e+02   1.0000000e+00
  -1.4404639e+02  -2.3975083e+02   2.0000000e+00
  -3.1675223e+02   3.5446348e+02   1.0000000e+00
   1.6912932e+02  -2.8080381e+02   2.0000000e+00
  -2.2169395e+00   1.4380446e+02   2.0000000e+00
  -1.8206504e+02   6.5633190e+01   2.0000000e+00
  -1.6663646e+02  -2.9891134e+02   2.0000000e+00
  -3.1760067e+02   5.4923915e+01   2.0000000e+00
   9.6116091e+01  -1.3637783e+02   2.0000000e+00
  -3.1359546e+02  -1.2126596e+02   2.0000000e+00
  -1.3384835e+02   2.6864677e+02   1.3000000e+00
  -2.7606960e+02  -6.5689594e+00   2.0000000e+00
   1.3286770e+02   5.4097723e+01   2.0000000e+00
   3.0835981e+02  -3.4484162e+02   1.0000000e+00
  -8.3441259e+01  -3.1850820e+02   2.0000000e+00
  -9.2440621e+01   1.1016209e+02   2.0000000e+00
  -4.7553738e+01   5.0165870e+01   2.0000000e+00
   3.7898829e+02  -2.3362235e+02   2.0000000e+00
  -6.7105247e-01   7.2462504e+00   2.0000000e+00
  -2.7686248e+02   4.0886486e+01   2.0000000e+00
   1.0161901e+02   1.3210504e+02   2.0000000e+00
   3.2624499e+02  -1.0687130e+02   1.6000000e+00
   6.1053958e+01   1.8659030e+02   2.0000000e+00
   1.9551444e+02   3.3538472e+02   1.0000000e+00
   6.8828784e+01   3.6066104e+02   2.0000000e+00
  -2.5470901e+02   2.5097730e+00   2.0000000e+00
   1.4384695e+02  -1.3455448e+02   2.0000000e+00
   2.5433173e+02   1.9531823e+02   2.0000000e+00
  -8.1850966e+01   7.2203410e+01   2.0000000e+00
   1.4992453e+02  -1.1450408e+02   2.0000000e+00
  -2.5896930e+02  -3.0903541e+01   2.0000000e+00
  -1.7863815e+01  -3.2502172e+02   2.0000000e+00
   1.5319369e+02   2.6411101e+02   2.0000000e+00
   1.5854361e+01   2.0227508e+02   2.0000000e+00
  -1.1220316e+01   1.5770017e+02   2.0000000e+00
   3.1251270e+02   1.1371771e+02   2.0000000e+00
   2.9297504e+02  -1.3623376e+02   2.0000000e+00
  -3.8818745e+01  -3.0173501e+02   2.0000000e+00
   7.6435406e+01   1.8199466e+02   2.0000000e+00
  -3.1391037e+02   1.9975924e+02   1.0000000e+00
  -5.8340092e+01  -1.2020408e+02   2.0000000e+00
  -2.8134937e+02  -3.6649476e+01   2.0000000e+00
   3.3106832e+02  -1.1025933e+02   1.6000000e+00
  -7.5172638e+00   2.2391071e+02   2.0000000e+00
   3.1855529e+02   3.1539910e+02   2.0000000e+00
  -3.1515820e+02   3.1793409e+02   2.0000000e+00
   3.1315624e+02  -3.2049092e+02   2.0000000e+00
   1.2178868e+02  -1.3992046e+02   2.0000000e+00
   1.0041798e+02  -1.2968969e+02   2.0000000e+00
   2.2821561e+02  -3.5972594e+02   2.0000000e+00
   1.7079829e+02  -6.1654051e+01   2.0000000e+00
   1.4247092e+02   3.3494013e+01   2.0000000e+00
  -3.3342128e+02  -3.3108806e+02   2.0000000e+00
  -4.1176061e+01  -2.7024323e+02   2.0000000e+00
  -6.2768850e+01   2.2179827e+02   2.0000000e+00
  -2.7390834e+02   3.0668939e+02   1.9000000e+00
   2.3772070e+02  -1.2971161e+01   2.0000000e+00
   3.1108364e+02  -1.9793009e+01   2.0000000e+00
   1.7730538e+02   2.3717383e+02   2.0000000e+00
   3.5391324e+02  -2.2166400e+02   2.0000000e+00
  -3.3793798e+02  -3.0082589e+02   1.0000000e+00
  -3.7512701e+02  -1.4791746e+02   2.0000000e+00
  -3.2078193e+02  -3.2158397e+02   2.0000000e+00
   3.0212860e+02  -2.8389512e+02   2.0000000e+00
   7.5153913e+01   3.0929097e+02   2.0000000e+00
  -2.1732724e+02  -2.8471827e+02   2.0000000e+00
   2.0639973e+01   1.6810474e+01   2.0000000e+00
   1.2859811e+02   2.9509849e+02   2.0000000e+00
   2.3088104e+02  -3.0666921e+02   2.0000000e+00
   3.2351049e+02   3.3199195e+02   2.0000000e+00
  -3.2945218e+02   3.2898007e+02   1.0000000e+00
   2.4621158e+02  -2.5491164e+01   2.0000000e+00
   4.9100349e+01  -2.9370538e+02   2.0000000e+00
  -3.0364955e+02  -2.2460909e+02   2.0000000e+00
   3.3711288e+02  -3.3568779e+02   1.0000000e+00
   1.8896656e+02  -5.1677362e+01   2.0000000e+00
   1.0306628e+01  -3.6363354e+02   2.0000000e+00
  -5.6586479e+01   3.5251153e+02   2.0000000e+00
  -2.0013575e+02  -3.6816119e+02   2.0000000e+00
  -1.0053370e+02   2.0925064e+01   2.0000000e+00
   3.3372202e+02  -3.3505916e+02   1.0000000e+00
   1.4441461e+02  -7.2187164e+01   2.0000000e+00
  -3.3862296e+02   3.5461711e+02   1.0000000e+00
   3.2018165e+02  -9.6043077e+01   2.0000000e+00
  -2.8563452e+02  -5.1306009e+00   2.0000000e+00
  -2.0007152e+02  -3.6202038e+02   2.0000000e+00
  -3.0954522e+02   8.4654769e+01   2.0000000e+00
   2.7570092e+01  -4.6619871e+01   2.0000000e+00
   7.4482552e+01  -2.8211281e+01   2.0000000e+00
   1.3909182e+02   6.5669517e+01   2.0000000e+00
  -1.3597923e+02   3.6113505e+02   2.0000000e+00
   2.5556254e+02  -1.2550356e+02   2.0000000e+00
   5.1824477e+01   1.6698686e+02   2.0000000e+00
  -2.5079066e+02  -3.8450443e+01   2.0000000e+00
   9.1635850e+01   3.7177005e+02   2.0000000e+00
   3.0630088e+02  -7.0645186e+01   2.0000000e+00
  -1.4156049e+02  -1.1413118e+02   2.0000000e+00
   1.6024451e+02   3.4902879e+02   1.0000000e+00
   1.4399105e+02   5.5223219e+01   2.0000000e+00
  -2.6092877e+02   3.5936857e+02   2.0000000e+00
  -3.6860872e+02   6.2396246e+01   2.0000000e+00
  -2.3765041e+02   3.1614515e+02   1.0000000e+00
   2.1440333e+01  -3.1405133e+02   2.0000000e+00
   1.9225433e+02  -8.2343251e+01   2.0000000e+00
  -2.0166575e+02   2.9080903e+02   2.0000000e+00
   1.8737850e+01  -6.3482629e+01   2.0000000e+00
  -5.0314821e+01   3.6711830e+02   2.0000000e+00
  -2.7266261e+02  -3.2670820e+02   2.0000000e+00
  -4.9411781e+01  -3.1622730e+02   2.0000000e+00
  -1.6846310e+02   1.1776961e+02   2.0000000e+00
  -3.8290468e+02  -6.6230286e-01   2.0000000e+00
   3.5880246e+02   2.8887793e+02   1.0000000e+00
   3.0459987e+02  -7.3200081e+01   2.0000000e+00
   3.0202693e+02  -6.2384630e+01   2.0000000e+00
   3.3962074e+02   2.8891988e+02   1.9000000e+00
  -2.6212459e+02   2.6429393e+02   2.0000000e+00
  -9.7675129e+01  -9.2086746e+01   2.0000000e+00
   1.1522421e+02   3.2226900e+02   2.0000000e+00
   2.3218713e+02   3.0442872e+01   2.0000000e+00
   2.8302084e+02  -1.4227202e+01   1.0000000e+00
   2.4257818e+02  -3.3632496e+02   2.0000000e+00
  -7.6135137e+01  -1.5775643e+02   2.0000000e+00
   3.4189245e+02   1.2669821e+02   2.0000000e+00
   1.9904509e+02   1.0299371e+02   2.0000000e+00
  -2.2093766e+02   2.7614330e+02   2.0000000e+00
  -7.4040730e+01   3.7580618e+02   2.0000000e+00
   7.2641509e+01  -1.4583748e+02   2.0000000e+00
   2.8779251e+02  -1.3788573e+02   2.0000000e+00
  -3.5046539e+02   6.8545646e+01   2.0000000e+00
   1.3058105e+02  -1.3085550e+02   2.0000000e+00
  -2.7408919e+02  -3.0108256e+02   2.0000000e+00
  -3.1280630e+02   2.4313728e+02   2.0000000e+00
  -2.9027914e+01  -2.9572454e+02   2.0000000e+00
  -1.3891008e+02  -3.0167415e+02   2.0000000e+00
  -3.3804564e+02  -3.5292733e+01   2.0000000e+00
  -3.5347775e+02   1.0649099e+02   2.0000000e+00
   3.7439137e+02   1.1176309e+02   2.0000000e+00
   3.3647530e+02  -8.0663562e+01   2.0000000e+00
   2.3549500e+02  -2.7903370e+02   2.0000000e+00
  -8.4417956e+00  -3.0663003e+02   2.0000000e+00
  -2.5803053e+02  -1.9330609e+02   2.0000000e+00
  -1.3927835e+02  -6.6437606e+00   2.0000000e+00
  -1.6371181e+02  -7.6045767e+01   2.0000000e+00
  -1.9150560e+02   6.2288622e+01   2.0000000e+00
  -2.6962049e+02   5.3091000e+01   2.0000000e+00
  -1.4403421e+02   1.7970361e+02   2.0000000e+00
   2.3817410e+02  -3.5596944e+02   2.0000000e+00
   2.4019380e+02   2.7888991e+02   2.0000000e+00
  -2.6218185e+02   2.6969819e+02   2.0000000e+00
  -2.4790066e+02  -2.4276019e+02   2.0000000e+00
   3.7602863e+02  -1.8947151e+02   2.0000000e+00
   2.8978942e+02  -1.1048624e+02   2.0000000e+00
  -1.6325874e+02  -4.4323747e+01   2.0000000e+00
  -1.4096520e+02  -4.7185243e+01   2.0000000e+00
  -1.1621244e+02   2.1514819e+02   2.0000000e+00
   1.9795406e+02   6.7412639e+01   2.0000000e+00
   2.7303135e+01   7.1246986e+01   2.0000000e+00
  -3.0745303e+02  -2.7214273e+02   2.0000000e+00
   8.4985460e+01   3.8597704e+00   2.0000000e+00
   2.3653131e+02  -2.8144899e+02   2.0000000e+00
  -2.7127657e+02  -1.2941171e+02   2.0000000e+00
  -1.4384179e+02   2.2294405e+02   2.0000000e+00
   2.3913927e+02   1.7874216e+02   2.0000000e+00
  -1.4185929e+02   3.1727234e+02   2.0000000e+00
  -1.5462442e+01   3.8685749e+02   2.0000000e+00
   4.6440324e+01  -3.5093292e+02   2.0000000e+00
   1.6223064e+02  -4.3273185e+01   2.0000000e+00
   2.3669239e+02   7.8640871e+01   2.0000000e+00
  -3.2172092e+02  -2.4478605e+02   1.0000000e+00
   2.3920819e+02   3.3151802e+02   2.0000000e+00
  -1.5344304e+02  -2.5700477e+02   2.0000000e+00
  -1.7696029e+02  -3.2454764e+01   2.0000000e+00
  -9.0841645e+01   2.3615552e+02   2.0000000e+00
   1.2575863e+02   5.0545627e+01   2.0000000e+00
   4.0746132e+01  -3.6657353e+02   2.0000000e+00
   2.4435049e+02  -9.4385158e+01   2.0000000e+00
  -3.2561822e+01   4.0279418e+01   2.0000000e+00
   1.2540246e+02   3.2948092e+02   2.0000000e+00
   2.8103288e+02   1.2085949e+01   2.0000000e+00
   5.7648530e+01   1.4386414e+02   2.0000000e+00
  -9.8850169e+01   2.1319068e+02   2.0000000e+00
   3.5291139e+02  -2.4064092e+02   2.0000000e+00
  -1.9508448e+02  -3.4118469e+01   1.0000000e+00
   2.0459798e+02  -3.1455002e+02   2.0000000e+00
   5.6367570e+01   9.2789378e+01   2.0000000e+00
  -2.7592059e+02  -3.1074051e+02   2.0000000e+00
  -3.4872074e+02  -9.1498410e+01   1.0000000e+00
  -3.1427363e+02  -9.9328977e+01   2.0000000e+00
  -3.4180459e+02  -2.0268793e+02   2.0000000e+00
  -3.3879433e+02   2.9206928e+02   1.0000000e+00
   3.5895804e+02  -2.3411776e+02   2.0000000e+00
  -2.4533426e+02  -1.1362522e+02   2.0000000e+00
   3.3570367e+02   8.3188651e+01   2.0000000e+00
  -1.3896803e+02  -1.0262782e+02   2.0000000e+00
   3.1237897e+02   2.1373331e+02   2.0000000e+00
   1.0443132e+02   1.1451758e+02   2.0000000e+00
   2.2482958e+02   3.4008579e+02   2.0000000e+00
   3.5170441e+02  -2.4927432e+02   2.0000000e+00
  -2.5883668e+02  -4.8320377e-01   2.0000000e+00
   9.8760282e+01   2.6019153e+02   2.0000000e+00
   2.9266821e+02   2.9570894e+01   2.0000000e+00
  -4.1046184e+01  -2.2982332e+02   2.0000000e+00
  -4.9436852e+01   9.4885325e+01   1.0000000e+00
   3.3530754e+02   2.7724501e+02   1.0000000e+00
  -2.4616757e+02   1.6065814e+02   1.0000000e+00
   2.5080572e+01   3.0359266e+02   2.0000000e+00
  -1.4406752e+02  -1.2919044e+02   2.0000000e+00
   1.1795724e+02   2.6724037e+02   2.0000000e+00
  -1.3796800e+02   6.4008815e+01   2.0000000e+00
  -2.8077090e+02  -1.0923905e+02   2.0000000e+00
  -3.3051238e+02   3.3744849e+02   1.0000000e+00
   8.7769500e+01   7.4059342e+01   2.0000000e+00
  -1.0705403e+02  -2.8444131e+02   2.0000000e+00
   4.0827323e+01  -2.0091029e+02   2.0000000e+00
  -1.0257253e+02  -2.9536641e+02   2.0000000e+00
  -3.6143705e+02  -1.0757176e+01   2.0000000e+00
  -2.7877826e+02   1.8461113e+02   2.0000000e+00
  -1.1411757e+02   2.1514038e+02   2.0000000e+00
   2.7869970e+02   3.3640051e+02   2.0000000e+00
   2.3078779e+02  -3.0431621e+02   2.0000000e+00
  -3.6012811e+01  -3.7792764e+00   2.0000000e+00
  -1.2151977e+02   1.3923111e+02   2.0000000e+00
   3.6107443e+02  -2.5992677e+02   2.0000000e+00
  -3.3117404e+02   3.2948784e+02   1.0000000e+00
   3.1940943e+02   2.0905918e+02   2.0000000e+00
  -2.9258062e+02  -3.4843662e+01   2.0000000e+00
  -2.7099156e+02   3.5091213e+02   2.0000000e+00
   1.1704268e+02  -1.0991863e+02   2.0000000e+00
   3.6306581e+02   3.2465012e+02   1.0000000e+00
   1.0555311e+02   3.3803921e+02   2.0000000e+00
  -3.4033033e+02   1.1377274e+02   2.0000000e+00
  -3.7193590e+02  -3.0000490e+01   2.0000000e+00
   1.6088525e+02   7.6608662e+00   2.0000000e+00
  -9.9289537e+01  -1.1720068e+02   2.0000000e+00
  -1.0851744e+02   6.5887407e+01   2.0000000e+00
  -2.4390220e+02   3.1318394e+02   1.0000000e+00
  -4.5728482e+00  -5.0593282e+01   2.0000000e+00
  -1.6041990e+02   1.9510704e+01   2.0000000e+00
  -1.4479942e+02  -2.2281890e+02   2.0000000e+00
  -8.3546503e+01  -1.3425475e+02   2.0000000e+00
   2.5174846e+02   2.3963356e+02   2.0000000e+00
   9.6637228e+01  -2.8278535e+02   2.0000000e+00
  -2.6963617e+02  -8.6836985e+00   2.0000000e+00
  -1.0642049e+02   7.0809796e+01   2.0000000e+00
  -9.2970049e+01  -3.1852072e+02   2.0000000e+00
   9.1952970e+01   1.6160597e+02   2.0000000e+00
  -2.6920858e+02   1.9563794e+00   2.0000000e+00
   2.4793093e+02  -2.3684588e+02   2.0000000e+00
  -7.7245840e+01   3.7889039e+02   2.0000000e+00
   2.5056629e+02  -3.4442710e+02   2.0000000e+00
  -3.6470318e+02   5.2169910e+01   2.0000000e+00
   2.8473420e+02  -3.1879035e+02   2.0000000e+00
   4.4844735e+01   2.2336333e+02   2.0000000e+00
  -3.0627755e+02  -3.3508254e+02   2.0000000e+00
  -3.0030446e+02  -3.0627588e+02   2.0000000e+00
   2.5687798e+02  -2.9210917e+02   2.0000000e+00
  -1.3887919e+02   3.5961297e+02   2.0000000e+00
   3.4951901e+02   2.5014549e+01   2.0000000e+00
   2.5737629e+02   1.9262231e+02   2.0000000e+00
