  -2.8184888e+02   8.9601930e+01   2.0000000e+00
   1.0198423e+02   6.7605948e+01   2.0000000e+00
  -4.5299060e+01   1.2555183e+00   2.0000000e+00
   1.3535265e+01   1.5769174e+02   2.0000000e+00
  -1.8125397e+01   2.8732911e+02   1.0000000e+00
  -4.8053053e+01  -3.6181005e+01   2.0000000e+00
  -3.0205838e+02   2.7622967e+02   1.0000000e+00
   1.4378431e+02  -2.7797572e+02   2.0000000e+00
  -1.9830669e+02  -3.1024337e+02   1.0000000e+00
   1.0610284e+02  -8.5871295e+01   2.0000000e+00
   9.0152840e+01   2.8515236e+02   2.0000000e+00
   2.0702851e+02  -1.4176918e+01   2.0000000e+00
   2.2240653e+02   1.5996808e+02   2.0000000e+00
   2.6704344e+02   1.1135062e+02   2.0000000e+00
  -1.0313208e+02   6.3722329e+01   2.0000000e+00
   5.7191307e+00   3.1443297e+02   1.0000000e+00
   1.9585750e+02  -7.3427870e+00   2.0000000e+00
  -1.6660974e+02  -2.3271688e+02   2.0000000e+00
  -2.8592298e+02   3.1367029e+02   1.0000000e+00
  -2.6293622e+02  -2.5393309e+02   2.0000000e+00
   3.5709286e+01   7.8579673e+01   2.0000000e+00
  -3.4322323e+01   3.2838329e+02   2.0000000e+00
  -1.9665790e+02   8.2378953e+01   2.0000000e+00
   2.3750476e+02   2.2965294e+02   2.0000000e+00
  -2.5716610e+02   1.1444026e+02   2.0000000e+00
  -2.8367809e+02   1.9288412e+02   1.0000000e+00
  -2.7546215e+02  -1.7298379e+02   2.0000000e+00
   3.1030091e+02  -2.7231752e+02   2.0000000e+00
  -2.5144410e+02  -1.9882149e+02   2.0000000e+00
   5.3743898e+01   1.4977944e+02   2.0000000e+00
  -1.1086017e+01  -3.4253162e+02   2.0000000e+00
   1.8068800e+02  -7.4279970e+01   2.0000000e+00
   2.4812002e+02  -1.6869095e+02   2.0000000e+00
  -1.6472011e+02   3.0679510e+02   2.0000000e+00
  -3.1385286e+02  -1.3623160e+02   2.0000000e+00
   2.4566674e+02   2.0529734e+02   2.0000000e+00
   1.1172502e+02   1.3296371e+02   2.0000000e+00
   3.4178415e+01   2.5253294e+01   1.0000000e+00
  -2.6179805e+02  -9.4291122e+01   2.0000000e+00
  -2.2672843e+01  -1.0972125e+02   2.0000000e+00
   4.9960773e+00  -3.4510773e+02   2.0000000e+00
   2.3899687e+02  -3.0429782e+02   1.0000000e+00
  -1.1511292e+02   2.3429752e+02   2.0000000e+00
  -2.6363824e+02   6.8456956e+00   2.0000000e+00
  -6.8686560e+01   5.1824219e+01   2.0000000e+00
   2.4848835e+02  -1.6055674e+02   2.0000000e+00
  -1.0176782e+02  -1.7090554e+02   2.0000000e+00
   1.8547220e+02  -3.2124753e+01   2.0000000e+00
  -2.9259263e+02   1.2783715e+02   2.0000000e+00
   7.8997053e+01  -2.9558460e+02   2.0000000e+00
  -5.3194204e+01   2.5006549e+02   2.0000000e+00
   2.2140416e+02   1.4667092e+01   2.0000000e+00
   1.6198869e+02   1.2464807e+02   2.0000000e+00
   1.8339263e+02  -1.5833337e+02   2.0000000e+00
  -2.4690253e+02  -3.8437407e+01   1.0000000e+00
   2.0716087e+00  -1.2859703e+02   2.0000000e+00
   2.6387240e+02  -1.8525102e+01   2.0000000e+00
   1.3580707e+02  -2.7046767e+02   2.0000000e+00
  -1.3279252e+02   1.5002527e+02   2.0000000e+00
   3.0384430e+02  -6.5201599e+01   2.0000000e+00
   5.9092164e+00  -1.1826985e+02   2.0000000e+00
   1.4203916e+01   6.8592286e+00   2.0000000e+00
   1.0948089e+02  -1.5769182e+02   2.0000000e+00
   2.0835713e+02  -1.3972291e+02   2.0000000e+00
  -1.0965701e+02  -2.4509076e+02   2.0000000e+00
  -2.0900180e+02  -2.4703358e+02   2.0000000e+00
  -2.1555306e+02  -1.9458973e+02   2.0000000e+00
   2.1049078e+02  -2.6981232e+02   2.0000000e+00
   3.2313757e+02   1.6812731e+02   1.0000000e+00
   1.1358790e+02   3.0354578e+02   1.0000000e+00
   1.5353169e+02   2.9452869e+02   2.0000000e+00
  -3.0048203e+02  -3.1460853e+02   1.0000000e+00
  -2.8084466e+02  -9.3634144e+01   1.0000000e+00
   2.7751589e+02  -1.4196397e+02   2.0000000e+00
   3.1200429e+01   1.6906972e+02   2.0000000e+00
  -2.6008085e+02  -1.1707658e+02   2.0000000e+00
  -1.6079663e+02   1.7666897e+02   2.0000000e+00
   5.5232186e+01   1.3158953e+02   2.0000000e+00
   1.1720057e+02  -2.1575714e+02   2.0000000e+00
   1.1123741e+02   6.5096692e+01   2.0000000e+00
   2.7104752e+02   2.3685807e+02   1.0000000e+00
   2.1711641e+02  -1.7262887e+02   1.0000000e+00
  -2.6642134e+02   1.4556945e+02   2.0000000e+00
  -3.0445875e+02  -2.9841878e+02   1.0000000e+00
  -3.3735994e+00   2.3126010e+02   2.0000000e+00
  -9.9439490e+01   2.9010739e+02   2.0000000e+00
  -4.5541007e+01   1.8201922e+02   2.0000000e+00
  -2.7631729e+02  -3.0298847e+02   1.0000000e+00
  -1.2140081e+02  -2.8222171e+01   2.0000000e+00
   2.6254732e+01   2.8260293e+02   1.0000000e+00
   2.2482491e+02  -2.6002215e+02   1.0000000e+00
   2.5421460e+02   1.7570399e+02   2.0000000e+00
  -9.2476129e+01   1.3832415e+02   2.0000000e+00
  -2.8178993e+02   1.8740575e+02   1.0000000e+00
  -9.5547484e+01   4.8151846e+01   2.0000000e+00
  -6.9436480e+01  -1.4591779e+02   2.0000000e+00
  -1.4448290e+02  -4.9216232e+01   2.0000000e+00
  -9.4246078e+01  -2.9402278e+02   1.0000000e+00
  -1.0472282e+02  -2.7756814e+01   2.0000000e+00
   1.0673333e+02  -1.7640760e+02   2.0000000e+00
  -1.2001179e+02   2.0862757e+02   1.0000000e+00
  -2.3260705e+02   8.5100712e+01   2.0000000e+00
  -3.1222002e+02  -1.0082023e+02   2.0000000e+00
   1.0136948e+02  -1.0651442e+02   2.0000000e+00
  -2.6368131e+02  -2.5748680e+02   2.0000000e+00
   3.0057789e+02  -1.6314270e+02   2.0000000e+00
  -2.0496088e+01   1.8048681e+01   2.0000000e+00
  -2.4191078e+02  -8.1272109e+01   2.0000000e+00
   1.0589149e+02   2.2367569e+02   2.0000000e+00
  -1.6830791e+02   1.6472283e+02   2.0000000e+00
   1.7479650e+02  -3.1145212e+02   2.0000000e+00
  -2.9546327e+02  -2.1365075e+02   2.0000000e+00
   2.6803589e+02  -1.3991075e+01   2.0000000e+00
   1.1910538e+01   1.1497421e+02   2.0000000e+00
  -1.5820050e+02  -1.8970441e+02   2.0000000e+00
  -1.1152179e+02  -8.8029795e+01   2.0000000e+00
   1.5915287e+02  -2.7318664e+02   2.0000000e+00
  -1.6983228e+02  -2.0553816e+01   2.0000000e+00
   1.1375974e+02   1.0220011e+02   2.0000000e+00
   1.5746353e+02  -2.6028179e+02   2.0000000e+00
  -2.7321069e+02  -1.4095861e+02   2.0000000e+00
   6.0015100e+01   1.7700508e+02   2.0000000e+00
   5.0836132e+01   5.5840983e+01   2.0000000e+00
  -1.5730595e+02   1.6012249e+02   2.0000000e+00
  -4.4222826e+01  -2.2490859e+02   2.0000000e+00
  -2.9724257e+02   2.2149071e+02   1.0000000e+00
   2.4669413e+02   1.7504837e+01   2.0000000e+00
   9.7701541e+01   2.9718540e+02   2.0000000e+00
  -3.2144800e+02  -2.0865572e+01   2.0000000e+00
   2.1464942e+01  -1.0903413e+02   2.0000000e+00
   3.2853447e+02  -2.5440050e+02   2.0000000e+00
  -8.0615354e+01  -3.0662509e+02   1.0000000e+00
  -7.8937247e+01   8.7630872e+01   2.0000000e+00
  -1.4869803e+02   2.9198544e+01   2.0000000e+00
   2.2597203e+02   2.6952613e+02   2.0000000e+00
  -1.1095339e+02  -8.4840365e+01   2.0000000e+00
  -2.4605415e+02   1.0553557e+02   2.0000000e+00
   7.6839642e+01   4.7985087e+01   2.0000000e+00
  -1.4389909e+02   1.0274572e+01   2.0000000e+00
   1.8970642e+02  -7.3176788e+01   2.0000000e+00
   3.6222763e+01  -1.7899700e+02   2.0000000e+00
   7.9502007e-02  -1.5675206e+01   2.0000000e+00
   2.0664067e+02  -1.1704583e+02   2.0000000e+00
   2.2815165e+01  -2.1906371e+02   2.0000000e+00
   2.4523897e+01  -2.2179680e+02   2.0000000e+00
  -8.8236621e+01   2.4241668e+02   2.0000000e+00
  -1.5442616e+02  -1.6215082e+02   2.0000000e+00
   1.6286838e+02  -7.0313131e+00   2.0000000e+00
   3.0590870e+02  -7.8042936e+01   2.0000000e+00
  -3.0196390e+02  -6.4020152e+01   1.0000000e+00
  -4.3158142e+01   2.6883379e+02   2.0000000e+00
  -1.8694218e+02   9.1910850e+01   2.0000000e+00
  -2.3623822e+02  -2.5857398e+02   1.0000000e+00
   1.2566857e+02   3.0857059e+02   1.0000000e+00
  -3.0032106e+02   2.3496205e+02   1.0000000e+00
   1.3733614e+01  -1.4643630e+02   2.0000000e+00
  -1.3949893e+02   2.9126843e+02   2.0000000e+00
   9.7039762e+01   2.6505244e+02   2.0000000e+00
  -2.8343319e+02   1.3628076e+02   2.0000000e+00
   3.0759524e+01   1.2502300e+02   2.0000000e+00
   1.0164338e+02   1.4840872e+02   2.0000000e+00
   1.1280506e+02   1.2434386e+02   2.0000000e+00
  -2.6312519e+02   1.2589596e+01   2.0000000e+00
   2.2477641e+02   2.8471005e+01   2.0000000e+00
  -1.6585348e+02   6.1229624e+01   2.0000000e+00
  -2.7803259e+02  -2.0270518e+02   2.0000000e+00
  -3.1359913e+02   2.2809335e+02   2.0000000e+00
  -1.3943817e+02   1.0601446e+02   2.0000000e+00
  -1.2930061e+02  -2.4198223e+02   2.0000000e+00
  -2.2337525e+02  -8.9746872e+01   2.0000000e+00
   3.0017367e+02   4.8641448e+01   2.0000000e+00
  -2.0738233e+01   2.0867542e+02   2.0000000e+00
  -2.2667852e+02   2.9129572e+02   2.0000000e+00
  -5.6358490e+01  -8.2222444e+01   2.0000000e+00
   3.0065696e+02   1.1271269e+02   1.0000000e+00
   1.3485167e+02   9.4855050e+00   2.0000000e+00
  -7.7639507e+01  -1.8150829e+02   2.0000000e+00
  -5.5200766e+01   1.5098967e+02   2.0000000e+00
   2.0776301e+02  -6.2439678e+01   2.0000000e+00
   1.2960066e+02   1.5295693e+02   2.0000000e+00
  -1.3253158e+02  -1.4321369e+02   2.0000000e+00
  -2.2012057e+02  -1.2227601e+02   2.0000000e+00
  -2.0490165e+02   2.7205046e+01   2.0000000e+00
   9.9564153e+01   3.1601820e+02   1.0000000e+00
  -5.8607734e+01   2.0284977e+02   2.0000000e+00
   1.3562303e+02  -1.4930938e+02   2.0000000e+00
  -2.6253188e+02  -1.0423397e+02   2.0000000e+00
  -2.0708285e+01   2.2172317e+02   2.0000000e+00
   1.2216147e+02  -3.8664083e+01   2.0000000e+00
  -1.2546410e+02   1.1600396e+02   2.0000000e+00
  -5.0680018e+01   2.6669671e+02   2.0000000e+00
   1.5247589e+02  -1.7608778e+00   2.0000000e+00
  -1.9409114e+02   2.2812361e+02   2.0000000e+00
  -1.6711884e+02   3.0519150e+02   2.0000000e+00
  -5.4885901e+01  -3.2622467e+02   2.0000000e+00
  -1.8565981e+02  -3.1192728e+02   1.0000000e+00
  -2.4962536e+01   3.0104048e+02   2.0000000e+00
  -9.3777526e+01   8.9301116e+01   2.0000000e+00
  -2.7750422e+02  -2.6975541e+02   2.0000000e+00
   1.3454942e+02  -1.7092673e+02   2.0000000e+00
  -1.5306610e+02   1.4509360e+02   2.0000000e+00
  -9.1930844e+01   7.6219851e+00   2.0000000e+00
  -1.0506879e+00  -6.8385740e+01   2.0000000e+00
  -1.9402251e+02  -3.0648451e+02   1.0000000e+00
  -2.3083106e+02  -3.1543506e+01   1.0000000e+00
   2.4396427e+02   1.5065340e+02   2.0000000e+00
   9.6542858e+01   2.8955131e+02   2.0000000e+00
   1.0270335e+02  -1.0533375e+02   2.0000000e+00
   9.6232729e+01   9.7141309e+01   2.0000000e+00
   5.7399070e+00   2.0089552e+02   2.0000000e+00
  -1.5991393e+02  -1.6020839e+01   2.0000000e+00
   2.4387435e+02   4.6115824e+01   2.0000000e+00
  -1.5513090e+02  -8.4755071e+01   2.0000000e+00
  -6.0259287e+00  -3.0424819e+02   2.0000000e+00
   3.1393396e+02  -1.4254636e+02   2.0000000e+00
  -2.7077228e+02   2.1998704e+02   1.0000000e+00
  -3.0085765e+02   2.4750765e+02   1.0000000e+00
  -2.9557586e+02   1.3197515e+02   2.0000000e+00
   3.2168579e+02  -2.5821728e+02   2.0000000e+00
  -1.4518953e+02   1.6082762e+01   2.0000000e+00
   1.8314283e+02   2.4133489e+02   2.0000000e+00
  -6.3798183e+01  -1.9531870e+02   2.0000000e+00
  -1.2401463e+02   5.2067400e+01   2.0000000e+00
  -1.1401273e+02  -1.9671561e+02   2.0000000e+00
   2.0311674e+02  -9.8371753e+01   2.0000000e+00
  -1.6966483e+02   1.8267883e+01   2.0000000e+00
  -2.2670747e+02  -3.7603321e+01   1.0000000e+00
  -2.6433227e+02   2.0319200e+01   2.0000000e+00
   2.7938289e+02   2.3141524e+02   1.0000000e+00
  -2.4047564e+02   1.9433547e+02   2.0000000e+00
   4.9247056e+01   2.9778510e+02   1.5000000e+00
  -6.4665364e+01   1.9939887e+02   2.0000000e+00
  -1.3433970e+01  -1.7585936e+02   2.0000000e+00
   2.7592376e+02   1.3451436e+02   1.0000000e+00
  -2.0555958e+02   1.3519217e+02   2.0000000e+00
   2.8262403e+02  -3.0463846e+02   1.0000000e+00
   1.2600118e+02   1.9535704e+02   2.0000000e+00
  -1.9268194e+02  -1.1221789e+02   2.0000000e+00
   2.9849312e+02  -2.4477958e+02   2.0000000e+00
  -2.9694520e+02  -2.7445628e+01   1.0000000e+00
   1.4834642e+02   3.0972638e+01   2.0000000e+00
  -2.7240409e+02   3.0968310e+02   1.0000000e+00
  -3.1986731e+02   6.5944924e+01   2.0000000e+00
   5.2680806e+01   7.3266073e+01   1.0000000e+00
  -3.6398262e+01   1.6669982e+02   2.0000000e+00
   3.0113054e+02   3.1726304e+02   1.0000000e+00
  -1.7338766e+01  -7.2532553e+01   2.0000000e+00
   1.7611140e+02  -1.5090474e+02   2.0000000e+00
   1.6454937e+02  -2.5353242e+02   2.0000000e+00
   1.7007614e+01  -9.1709933e+01   2.0000000e+00
  -2.8279606e+02   2.3636501e+02   1.0000000e+00
  -2.6390506e+02   2.1476868e+02   1.0000000e+00
   2.2069127e+02   4.4635027e+01   2.0000000e+00
  -1.5394236e+02  -6.5192590e+01   2.0000000e+00
   2.6831646e+02  -1.2574234e+02   1.0000000e+00
  -1.4690951e+02  -1.9851800e+02   2.0000000e+00
   2.1849727e+02   3.6552027e+01   2.0000000e+00
  -7.9103145e+01  -4.5089396e+00   2.0000000e+00
   9.2208610e+00   1.5096730e+02   2.0000000e+00
  -2.1603975e+02   2.8663053e+02   2.0000000e+00
  -1.4299051e+01  -2.3266677e+02   1.0000000e+00
   5.0304262e+01   3.0003248e+02   1.6000000e+00
  -1.4103497e+02   1.7621405e+02   2.0000000e+00
   1.8818189e+02   1.6333285e+02   2.0000000e+00
  -2.0614519e+02  -7.4530046e+01   2.0000000e+00
   7.3478930e+01  -1.3836036e+02   2.0000000e+00
   1.9090565e+02   2.8530035e+02   2.0000000e+00
  -2.4824928e+02   9.4637215e+01   2.0000000e+00
   2.7151023e+02   2.5692308e+02   2.0000000e+00
   2.4579738e+02  -3.1715709e+01   2.0000000e+00
  -2.4745249e+02  -2.9502278e+02   1.0000000e+00
   2.0710923e+02  -5.3907385e+01   2.0000000e+00
  -1.3727348e+02  -1.2252634e+02   2.0000000e+00
   9.3769511e+01  -6.5233640e+01   2.0000000e+00
  -1.5283622e+02   2.1944800e+02   2.0000000e+00
   2.6581475e+02   1.4923416e+02   1.0000000e+00
   7.8076149e+01   1.5951034e+02   2.0000000e+00
   1.9169968e+02   1.2185004e+02   2.0000000e+00
  -1.9920710e+02   3.5665963e+01   2.0000000e+00
  -8.7263699e+01  -1.3675279e+02   2.0000000e+00
  -8.8015134e+01   5.4792570e+01   2.0000000e+00
  -2.7124792e+02   1.3116438e+02   2.0000000e+00
  -1.4454542e+02  -4.2329743e+01   2.0000000e+00
   1.2219517e+02  -8.9146819e+01   2.0000000e+00
   2.0370943e+02   2.4403791e+02   2.0000000e+00
   3.0597357e+02   1.3979585e+02   1.0000000e+00
   1.3853520e+02  -3.9420997e+01   2.0000000e+00
   2.2916785e+02   2.4526819e+02   2.0000000e+00
  -2.5668469e+02  -2.7600572e+02   2.0000000e+00
   3.0638212e+02   1.5456686e+02   1.0000000e+00
   2.7235403e+02   2.0381716e+02   2.0000000e+00
   2.2754730e+02  -2.5012760e+02   1.0000000e+00
  -2.1376158e+02   7.6485931e+01   2.0000000e+00
  -3.1238038e+02  -2.5597745e+02   2.0000000e+00
  -2.1214167e+02   8.6479704e+01   2.0000000e+00
  -3.1199906e+02   2.1649697e+02   2.0000000e+00
   2.1709377e+02   1.2163524e+02   2.0000000e+00
  -8.9809069e+01  -2.7153668e+02   1.0000000e+00
  -2.6455815e+02  -9.0128919e+01   2.0000000e+00
  -3.0540205e+02  -1.5409008e+02   2.0000000e+00
  -5.0690130e+01   6.6745371e+01   2.0000000e+00
   1.2047629e+02   2.1107531e+02   2.0000000e+00
   1.3638684e+01  -3.1510084e+02   2.0000000e+00
   3.3903400e+01  -7.0062674e+01   2.0000000e+00
   3.0876411e+01  -3.0991771e+02   2.0000000e+00
   1.1337500e+02   2.6030847e+02   2.0000000e+00
  -2.8334634e+02  -5.9909501e+01   1.0000000e+00
  -2.6997709e+02  -4.4971578e+01   1.0000000e+00
   8.3098143e+01  -6.0827228e+01   2.0000000e+00
  -2.2651860e+02  -3.0538327e+02   1.0000000e+00
   1.9042051e+02  -1.9185248e+02   2.0000000e+00
   2.8211391e+02  -4.4730655e+01   2.0000000e+00
  -2.8224203e+02   2.9972242e+02   1.0000000e+00
  -1.9565690e+02  -2.4246572e+02   2.0000000e+00
   2.4422993e+01   7.9926561e+01   2.0000000e+00
   2.2590423e+02   1.8319173e+02   2.0000000e+00
  -7.2746821e+01   1.5127660e+02   2.0000000e+00
  -2.2590706e+02  -2.1374764e+02   2.0000000e+00
   1.8532980e+02  -3.2117726e+02   2.0000000e+00
   2.5109644e+02  -2.8981269e+02   1.0000000e+00
  -3.4222113e+01  -9.3451453e+01   2.0000000e+00
  -6.3952037e+01  -2.2015307e+02   2.0000000e+00
   1.4654833e+02  -1.4197805e+02   2.0000000e+00
  -2.4863483e+02  -1.6790990e+02   2.0000000e+00
   1.6615379e+02  -3.9754458e+01   2.0000000e+00
   2.5777444e+02   7.7237461e+00   2.0000000e+00
  -1.4425720e+02  -4.9528127e+01   2.0000000e+00
   5.1111660e+01   3.0426621e+02   1.7000000e+00
  -1.4156960e+02  -1.3881522e+02   2.0000000e+00
   1.9922766e+02  -1.2211264e+02   2.0000000e+00
   2.7032686e+02  -1.9535899e+02   2.0000000e+00
  -1.6453274e+02   2.3480956e+02   2.0000000e+00
  -6.8379741e+01   1.7053750e+02   2.0000000e+00
  -1.8047561e+02   1.9212215e+02   2.0000000e+00
  -5.9269478e+01   8.0204193e+01   2.0000000e+00
  -1.8174221e+02  -7.3158509e+01   2.0000000e+00
   2.3955434e+02   1.4510307e+02   2.0000000e+00
  -3.3529542e+01  -5.9457721e+01   2.0000000e+00
   2.7083860e+02  -6.1576281e+01   2.0000000e+00
   2.9762292e+02  -1.2073139e+02   1.0000000e+00
   1.8202151e+02   1.5287670e+02   2.0000000e+00
   2.0080871e+02   1.5458995e+02   2.0000000e+00
   1.5237827e+02  -3.7584808e+01   2.0000000e+00
   1.7572731e+02  -4.3791170e+01   2.0000000e+00
  -4.6951956e+01  -5.7527202e+01   2.0000000e+00
  -9.6803578e+01   1.3290688e+02   2.0000000e+00
   1.3866918e+02   6.1389910e+00   2.0000000e+00
   6.3861604e+01   2.2417254e+02   2.0000000e+00
   1.6300878e+02  -2.8381530e+02   2.0000000e+00
   1.7525481e+02   1.7504687e+02   2.0000000e+00
   3.0952634e+02   1.7517132e+02   1.0000000e+00
   7.3343881e+00  -3.4723426e+02   2.0000000e+00
   2.9705550e+02   1.2669321e+02   1.0000000e+00
   3.0540752e+02  -2.9047016e+02   1.0000000e+00
  -1.5341176e+02  -3.0408891e+02   1.0000000e+00
  -1.4246680e+02   2.2405088e+02   2.0000000e+00
   3.5178550e+01   9.4065664e+01   2.0000000e+00
  -2.2458466e+01   3.1159357e+02   2.0000000e+00
   2.7467881e+02   2.6942405e+02   1.0000000e+00
   1.5881639e+02  -1.0488201e+02   2.0000000e+00
  -9.6932837e+01  -2.6832027e+02   1.0000000e+00
  -2.2963532e+00   2.3196051e+02   2.0000000e+00
   1.7701422e+02  -3.2182101e+02   2.0000000e+00
   2.8992639e+02  -2.9332076e+02   1.0000000e+00
   2.5025537e+02  -2.1597150e+02   2.0000000e+00
   2.6271150e+02  -2.5559809e+02   1.0000000e+00
   1.5104704e+02  -2.5202415e+02   2.0000000e+00
   2.8907136e+02  -1.6312994e+02   2.0000000e+00
   3.4069323e+01   3.0590986e+02   1.2000000e+00
   6.1337134e+01  -3.3571158e+02   2.0000000e+00
   1.5708649e+02   2.8891098e+02   2.0000000e+00
   2.6139813e+02   3.1782917e+02   1.0000000e+00
  -1.6879930e+02  -2.8304365e+02   1.0000000e+00
  -3.0499346e+02  -1.0806815e+02   2.0000000e+00
   2.8143142e+02  -3.0999921e+02   1.0000000e+00
   4.1569284e+01  -8.1317399e+01   2.0000000e+00
  -5.9131049e+01  -3.2434202e+02   2.0000000e+00
  -2.7579035e+01   2.0528743e+02   2.0000000e+00
   1.9257266e+02  -6.5484522e+01   2.0000000e+00
  -2.1128927e+02  -1.5046257e+01   2.0000000e+00
  -2.5420517e+01  -2.4704995e+02   1.0000000e+00
   3.0193770e+02  -8.7946687e+01   2.0000000e+00
  -8.9462356e+01  -1.3390024e+02   2.0000000e+00
   3.0857768e+02   1.7192288e+02   1.0000000e+00
   1.6184852e+02   1.7800910e+02   2.0000000e+00
  -3.1999316e+02  -1.1668161e+02   2.0000000e+00
  -1.7104197e+02   9.8189381e+01   2.0000000e+00
  -7.6541886e+01  -1.5138884e+02   2.0000000e+00
  -2.8059908e+02  -2.0442086e+02   2.0000000e+00
   3.4118604e+01   4.5451997e+01   2.0000000e+00
   2.2876047e+02  -2.4721757e+02   1.0000000e+00
   2.3042154e+02   7.9634387e+01   2.0000000e+00
  -3.1660367e+02  -1.9720704e+02   2.0000000e+00
  -2.0462394e+02  -2.2938459e+02   2.0000000e+00
   7.2867233e+01  -9.0516546e+01   2.0000000e+00
   9.5076183e+00  -1.3325362e+02   2.0000000e+00
  -1.7820195e+02   2.5662904e+02   2.0000000e+00
  -1.8170752e+02   2.8248397e+02   2.0000000e+00
  -1.5734600e+02  -1.0324266e+02   2.0000000e+00
   1.3550491e+02  -2.7474758e+02   2.0000000e+00
   2.0173400e+02   2.3261172e+02   2.0000000e+00
  -2.2987047e+02   2.0156370e+02   2.0000000e+00
  -1.9067399e+02   3.5349780e+01   2.0000000e+00
   1.1966395e+02  -6.4852781e+01   2.0000000e+00
  -2.2685831e+02   1.3846283e+02   2.0000000e+00
   1.8249707e+01   4.5705159e+01   2.0000000e+00
   4.5129860e+01   1.2976373e+02   2.0000000e+00
  -3.1649289e+02  -7.7262378e+01   2.0000000e+00
   6.9760182e+01  -1.0333873e+02   2.0000000e+00
  -2.5624819e+02  -1.0122483e+02   2.0000000e+00
  -1.1902418e+01   3.0301872e+02   1.0000000e+00
   1.1923930e+01  -1.6774385e+02   2.0000000e+00
  -3.0755207e+02   9.7316550e+01   2.0000000e+00
  -1.2692339e+02  -8.2143141e+01   2.0000000e+00
  -3.2828089e+02  -1.7619887e+02   2.0000000e+00
  -1.1986362e+02   4.1362773e+01   2.0000000e+00
  -1.7020099e+01  -2.9100886e+02   2.0000000e+00
   1.1953734e+02   2.0590862e+02   2.0000000e+00
  -2.6466026e+02   4.2597072e+01   2.0000000e+00
   2.4114940e+02   1.3841008e+02   2.0000000e+00
   1.1250267e+02  -1.7109039e+02   2.0000000e+00
   2.8093135e+02   2.9835053e+02   1.0000000e+00
  -2.3479737e+02   1.7646947e+02   2.0000000e+00
   2.0975394e+02  -2.8938037e+02   1.0000000e+00
  -2.8377329e+02  -3.0465979e+02   1.0000000e+00
   2.1188867e+02   1.9628043e+02   2.0000000e+00
   2.2454740e+01  -2.8634260e+02   2.0000000e+00
   1.8590163e+02   1.3060678e+02   2.0000000e+00
  -1.5127650e+02   1.8004515e+02   2.0000000e+00
  -2.2421293e+02   9.9720373e+01   2.0000000e+00
  -9.2272799e+01   1.1502689e+02   2.0000000e+00
  -2.8164169e+02   2.1597227e+01   2.0000000e+00
  -1.9527694e+02  -1.1313470e+02   2.0000000e+00
   2.2460277e+01   3.1611365e+00   2.0000000e+00
   2.8188234e+02  -2.5082584e+01   2.0000000e+00
  -8.7169287e+01  -9.7049564e+01   2.0000000e+00
  -1.4975715e+02  -2.2874644e+02   2.0000000e+00
  -2.9307175e+02  -2.0536387e+02   2.0000000e+00
  -1.0890150e+02  -5.6151206e+01   2.0000000e+00
   4.6606829e+01   1.0782737e+02   2.0000000e+00
   1.3073009e+02   2.4692548e+02   2.0000000e+00
  -1.9489205e+02   1.4985770e+02   2.0000000e+00
   1.5448248e+02  -7.4738180e+01   2.0000000e+00
  -3.6895826e+01   1.7131019e+02   2.0000000e+00
  -1.6033380e+02  -1.5975529e+01   2.0000000e+00
  -1.7292132e+02   1.0224398e+02   2.0000000e+00
   3.2386874e+02  -1.3556973e+02   1.0000000e+00
  -8.2562898e+01  -1.9637724e+02   2.0000000e+00
  -2.9927964e+02   2.3101041e+01   2.0000000e+00
  -1.9390021e+02  -6.6300919e+01   2.0000000e+00
   8.1124754e+00   1.7232058e+02   2.0000000e+00
   1.2059764e+01  -4.6071398e+01   2.0000000e+00
   1.5639690e+02  -1.8150939e+02   2.0000000e+00
  -2.4801296e+02   1.7668886e+02   2.0000000e+00
   3.2128794e+02  -2.8434343e+02   1.0000000e+00
  -3.9370178e+01  -1.5984373e+02   2.0000000e+00
  -3.0511217e+02  -2.0871270e+02   2.0000000e+00
  -1.8067049e+02   2.3927977e+02   2.0000000e+00
   2.6286968e+02   1.9394309e+01   2.0000000e+00
  -7.3485994e+00   1.3712491e+02   2.0000000e+00
  -2.3791087e+02   5.3050960e+01   2.0000000e+00
  -1.2273259e+02  -1.3807984e+02   2.0000000e+00
  -2.6401095e+02   2.7205263e+02   1.0000000e+00
  -1.6232396e+02  -9.6243149e+01   2.0000000e+00
  -1.7037682e+02   2.8589196e+02   2.0000000e+00
   7.3593769e+01   1.1982393e+02   2.0000000e+00
  -1.2310480e+02   2.0535840e+02   1.0000000e+00
   6.8790053e+01   4.6885919e+01   2.0000000e+00
  -2.9811548e+02   4.2746543e-01   2.0000000e+00
   1.4633783e+02   1.3923627e+02   2.0000000e+00
  -1.6650804e+02   1.9811828e+02   1.0000000e+00
   2.5191659e+01   1.3117388e+02   2.0000000e+00
   3.1126774e+02  -2.9090139e+02   1.0000000e+00
   2.6876567e+02  -2.5015337e+01   2.0000000e+00
   1.9264183e+00  -4.7112241e+01   2.0000000e+00
  -2.9773809e+02   2.1360056e+02   1.0000000e+00
  -3.5954756e+01  -6.0502816e+00   2.0000000e+00
  -5.4377573e+01  -1.8107421e+02   2.0000000e+00
   2.6280298e+02  -9.4502621e+01   2.0000000e+00
   7.8491190e+01  -2.2969826e+02   2.0000000e+00
  -1.0657115e+02   5.9716459e+01   2.0000000e+00
   1.8828626e+02   8.9208996e+00   2.0000000e+00
   1.5318073e+02   2.3316516e+02   2.0000000e+00
   7.6046810e+01  -1.4375489e+02   2.0000000e+00
   1.7341558e+02  -2.7624838e+01   2.0000000e+00
  -4.6187503e+00  -2.9665359e+02   2.0000000e+00
  -8.8613336e+01  -1.6958542e+01   2.0000000e+00
  -3.4934615e+01   3.0924458e+02   2.0000000e+00
  -2.9455272e+02   2.4344394e+02   1.0000000e+00
  -1.6811195e+02   2.6032155e+02   2.0000000e+00
   1.4961993e+02  -1.2871711e+02   2.0000000e+00
   1.0558536e+02  -2.1376190e+02   2.0000000e+00
  -1.1254188e+02  -2.4082763e+02   2.0000000e+00
  -1.3009725e+02   1.9120644e+01   1.0000000e+00
  -2.6715918e+02  -9.6990056e+01   2.0000000e+00
  -7.6951909e+01  -1.2504166e+01   2.0000000e+00
   3.0700188e+02   2.7483801e+00   2.0000000e+00
  -1.0254691e+02  -2.7886904e+02   1.0000000e+00
  -2.2125826e+02   2.8848128e+02   2.0000000e+00
   8.0778779e+01  -2.7766775e+02   2.0000000e+00
  -2.2153924e+02  -7.1728569e+01   1.0000000e+00
  -4.6470524e+00   2.0285238e+02   2.0000000e+00
  -2.0684689e+02  -1.0145416e+02   2.0000000e+00
  -8.2359657e+01  -1.8764843e+02   2.0000000e+00
  -2.9723627e+02  -2.0354685e+02   2.0000000e+00
   4.7638012e+01   6.8703946e+01   2.0000000e+00
  -1.9933239e+02  -1.6877100e+02   2.0000000e+00
  -1.3399621e+02   1.5594905e+02   2.0000000e+00
   1.5054604e+01  -1.4267768e+02   2.0000000e+00
  -1.8002911e+02   2.9502648e+02   2.0000000e+00
   2.4343563e+01   3.1099802e+02   1.0000000e+00
   2.3251793e+02   9.3823616e+01   2.0000000e+00
   2.2663351e+02   6.4568470e+01   2.0000000e+00
   2.7495131e+02   5.5662199e+01   2.0000000e+00
   2.3189272e+02   1.9199571e+02   2.0000000e+00
  -3.0814750e+02  -1.5886842e+02   2.0000000e+00
  -2.0725644e+02  -3.4064106e+01   1.0000000e+00
   4.3075054e+01  -1.6402557e+02   2.0000000e+00
   3.0485465e+02  -1.6074807e+02   2.0000000e+00
   2.8672998e+02   1.7337073e+02   1.0000000e+00
   2.0481349e+02   2.5821855e+02   2.0000000e+00
   2.1164898e+02  -1.7081085e+01   2.0000000e+00
  -7.6203384e+01   2.5179945e+02   2.0000000e+00
  -1.5070560e+02  -9.0236636e+01   2.0000000e+00
   3.1529611e+02  -3.1748401e+02   1.0000000e+00
  -8.7504052e+01   2.5650290e+02   2.0000000e+00
   1.2930561e+02   2.4205585e+02   2.0000000e+00
  -1.2116218e+02   2.7670675e+02   2.0000000e+00
  -6.1672494e+01   3.1598262e+02   2.0000000e+00
  -1.0878678e+02   6.6786572e+01   2.0000000e+00
  -2.5144614e+02   2.0161261e+02   2.0000000e+00
   3.7215660e+01  -2.4690721e+02   2.0000000e+00
   1.8089066e+02  -2.7079255e+02   2.0000000e+00
   7.2724444e+01   1.9509477e+02   2.0000000e+00
   3.2292896e+01   1.7589829e+02   2.0000000e+00
   2.6811977e+02  -1.8121013e+02   2.0000000e+00
   2.4738019e+02   9.8529982e+01   2.0000000e+00
  -1.2802006e+02  -3.6368824e+01   2.0000000e+00
  -2.1849771e+02   4.3760775e+01   2.0000000e+00
  -2.7321526e+02   1.4344629e+02   2.0000000e+00
  -8.4184101e+01  -1.8902176e+02   2.0000000e+00
  -1.9871106e+02  -2.4324020e+02   2.0000000e+00
   2.0677180e+02  -2.3511712e+02   2.0000000e+00
   1.8588037e+02   2.2984195e+02   2.0000000e+00
  -2.1161978e+02   2.3372147e+02   2.0000000e+00
   6.5060676e+01   3.1609747e+02   2.0000000e+00
  -3.6016476e+01   1.4520977e+02   2.0000000e+00
  -3.2113889e+02   6.5445026e+00   2.0000000e+00
   4.2158065e+01  -2.6190121e+02   2.0000000e+00
   1.8018235e+02  -1.5336210e+02   2.0000000e+00
   1.7311982e+02  -1.0163334e+02   2.0000000e+00
   2.6849970e+02   1.8719968e+02   2.0000000e+00
   1.5184279e+02   1.7443476e+02   2.0000000e+00
   2.8694151e+02  -2.9651100e+02   1.0000000e+00
   2.7773591e+01  -2.5961976e+02   2.0000000e+00
   2.1651154e+02  -1.3437346e+02   2.0000000e+00
   3.5545963e+01  -2.2004501e+02   2.0000000e+00
  -2.4774243e+00  -1.7229380e+02   2.0000000e+00
   2.6371367e+02  -3.0434436e+02   1.0000000e+00
   2.0823532e+02   3.1936743e+02   1.5000000e+00
  -1.0585958e+02  -1.4913949e+02   2.0000000e+00
   1.3685579e+02  -9.8629428e+01   2.0000000e+00
   2.6129125e+02  -1.7699923e+02   2.0000000e+00
  -3.6538685e+01   1.7643392e+02   2.0000000e+00
  -3.1794038e+02  -1.5729630e+02   2.0000000e+00
   3.2444179e+02  -3.1627333e+02   1.0000000e+00
  -2.5018733e+02  -9.6351315e+01   2.0000000e+00
  -1.0282794e+02  -1.1155925e+02   2.0000000e+00
  -1.5693398e+02   1.2216331e+02   2.0000000e+00
   1.6660147e+02  -2.9186320e+02   2.0000000e+00
  -1.2833654e+00  -3.1273365e+02   2.0000000e+00
  -9.6908775e+01   1.3566918e+01   2.0000000e+00
   2.2428943e+02   2.9339650e+02   2.0000000e+00
  -2.8864039e+02   1.9093268e+02   1.0000000e+00
  -2.0061698e+02   2.5565206e+02   2.0000000e+00
  -5.0866772e+01   6.7553142e+01   2.0000000e+00
   2.0955175e+02   2.2094320e+02   2.0000000e+00
  -6.6429723e+01  -1.5750331e+02   2.0000000e+00
  -2.6683351e+02  -2.7059867e+02   2.0000000e+00
   2.8069408e+02  -2.1097871e+02   2.0000000e+00
  -2.4217381e+01   3.1321374e+02   2.0000000e+00
   4.2555939e+01  -1.8338425e+02   2.0000000e+00
  -9.3778863e+01   2.3410398e+02   2.0000000e+00
  -2.6694449e+02   7.5379581e+01   2.0000000e+00
   7.7018079e+01   2.9659265e+02   2.0000000e+00
   2.8407092e+01  -1.8182766e+01   2.0000000e+00
  -2.6464841e+01  -2.9248616e+02   2.0000000e+00
   8.7897189e+01  -1.6285518e+02   2.0000000e+00
  -1.0199507e+02   6.2909129e+01   2.0000000e+00
   1.9549567e+02   3.1819371e+02   2.0000000e+00
   2.9186200e+02  -2.2835396e+02   2.0000000e+00
   8.1513407e+01  -7.9718838e+01   2.0000000e+00
  -2.9412934e+02   1.6037754e+02   2.0000000e+00
   9.6664206e+01   3.5334641e+01   1.0000000e+00
  -2.8728801e+02   1.6740348e+02   2.0000000e+00
   2.1866455e+02   1.9764123e+02   2.0000000e+00
   2.6008841e+02  -1.3941127e+02   1.0000000e+00
  -1.9602975e+02  -1.3635390e+02   2.0000000e+00
  -1.5093593e+02   1.0086958e+02   1.0000000e+00
   2.8431125e+01   5.8053781e+01   2.0000000e+00
  -2.4340088e+02  -1.5593289e+02   2.0000000e+00
  -2.3871745e+02   1.0078515e+02   2.0000000e+00
  -2.8073729e+02   1.1669076e+02   2.0000000e+00
  -7.9583579e+01  -2.0603372e+02   2.0000000e+00
  -3.0193531e+02  -2.1009631e+02   2.0000000e+00
  -3.8066676e+01   1.5084852e+02   2.0000000e+00
  -2.0384548e+02  -7.6428652e+00   2.0000000e+00
   1.4266940e+02   1.8288407e+02   2.0000000e+00
   1.0544213e+02  -7.2974473e+01   2.0000000e+00
  -2.2478846e+02  -1.2727177e+02   2.0000000e+00
   9.9614537e+01  -2.8830046e+02   2.0000000e+00
   2.2313773e+02   1.1345289e+02   2.0000000e+00
   2.7904924e+02  -2.5612561e+02   2.0000000e+00
  -7.1024025e+01  -2.5338220e+02   2.0000000e+00
  -1.8742662e+02   6.0973207e+01   2.0000000e+00
   1.3539684e+02  -2.0818873e+02   2.0000000e+00
   2.7765260e+02   2.0693640e+02   1.0000000e+00
   2.6727700e+01  -5.1451605e+01   2.0000000e+00
  -4.8278390e+01   2.2186361e+01   2.0000000e+00
  -8.2469878e+01  -1.8158221e+02   2.0000000e+00
  -1.0149268e+02   1.6509346e+02   2.0000000e+00
   1.1735250e+02  -4.5373819e+01   2.0000000e+00
  -3.2563952e+01   1.0550713e+02   2.0000000e+00
   2.5018983e+02   1.4287900e+02   2.0000000e+00
  -4.6888096e+01   8.3881101e+01   2.0000000e+00
  -9.9365146e+00   3.0229460e+02   1.0000000e+00
   1.6503967e+02  -8.1712789e+01   2.0000000e+00
   1.5633367e+02  -1.2377017e+01   2.0000000e+00
   1.4843961e+02  -1.1489969e+02   2.0000000e+00
  -1.6214831e+02  -2.2096019e+02   2.0000000e+00
  -1.4756788e+02  -2.8338309e+02   1.0000000e+00
  -1.1085481e+02   6.2898531e+01   2.0000000e+00
  -7.5084079e+01  -3.0034748e+01   2.0000000e+00
  -5.4077733e+01   8.6260663e+01   2.0000000e+00
  -2.5392535e+02   1.0979545e+02   2.0000000e+00
  -1.5239139e+02  -2.2462299e+02   2.0000000e+00
   1.1938875e+02   1.7899549e+02   2.0000000e+00
   2.9312154e+02   3.9909383e+00   2.0000000e+00
  -1.0656536e+02  -6.1887434e+01   2.0000000e+00
  -2.3206638e+02   1.7337416e+02   2.0000000e+00
  -1.5208682e+02   4.0930769e+01   2.0000000e+00
   1.3922069e+02  -2.0466807e+02   2.0000000e+00
   5.9327458e+01   4.8120416e+01   2.0000000e+00
  -2.9805046e+02  -4.0055826e+01   1.0000000e+00
  -1.6376884e+02   3.2248084e+02   2.0000000e+00
   2.3818023e+02   2.5571090e+02   2.0000000e+00
   9.3769270e+01  -1.0732868e+02   2.0000000e+00
  -3.9484429e+00  -2.7542270e+02   2.0000000e+00
   1.9436949e+02   3.0579282e+02   2.0000000e+00
   8.8747397e+01  -3.2549658e+02   2.0000000e+00
  -1.7902643e+02   3.0961377e+02   2.0000000e+00
  -2.5751503e+02   5.9763248e+00   2.0000000e+00
   1.0519853e+02   6.5320114e+01   2.0000000e+00
   2.4908469e+02  -2.0521057e+02   2.0000000e+00
  -3.0791613e+02  -2.0289479e+02   2.0000000e+00
  -2.9730205e+02  -5.7596886e+00   2.0000000e+00
  -2.6647919e+02   1.8625380e+02   1.0000000e+00
   3.5269059e+01  -1.2587065e+02   2.0000000e+00
  -9.6546351e+01  -3.1519263e+00   2.0000000e+00
  -1.8408748e+02  -6.9484810e+01   2.0000000e+00
  -4.6570911e+01  -2.5545970e+02   2.0000000e+00
   1.8758659e+02   3.0487862e+02   2.0000000e+00
   2.9078231e+02   5.3980869e+01   2.0000000e+00
  -1.1053923e+02   2.5691074e+02   2.0000000e+00
  -2.1443343e+02  -1.6508993e+02   2.0000000e+00
  -2.1821089e+02  -2.7946669e+02   2.0000000e+00
  -5.5900060e+01   1.5442340e+02   2.0000000e+00
  -2.9618123e+02  -2.4900148e+02   2.0000000e+00
   2.7228931e+02   3.1661646e+02   1.0000000e+00
   1.8791091e+02   7.6510000e+01   2.0000000e+00
  -6.4175877e+01  -3.6140735e+01   2.0000000e+00
  -2.3904225e+02  -2.8991339e+02   1.0000000e+00
   2.9796663e+02  -2.2742643e+02   2.0000000e+00
  -2.7847671e+02  -2.8745872e+02   2.0000000e+00
   2.1181422e+02   1.8277395e+02   2.0000000e+00
  -2.0953744e+02   4.5122548e+01   2.0000000e+00
   2.5832471e+02   1.1612586e+02   2.0000000e+00
  -7.3705063e+01   3.8545326e+01   2.0000000e+00
   1.1157127e+02   2.7616466e+02   2.0000000e+00
   2.2381968e+00  -1.6820355e+02   2.0000000e+00
   1.7023107e+02   2.9395281e+02   2.0000000e+00
  -1.8912249e+02  -3.6669020e+00   2.0000000e+00
   3.6890710e+01  -4.4567129e+01   2.0000000e+00
   2.5545132e+01  -3.1600924e+02   2.0000000e+00
   2.2264363e+02   7.5688873e+01   2.0000000e+00
   2.2750737e+02   3.0152742e+02   2.0000000e+00
   1.0219419e+02  -1.0096670e+02   2.0000000e+00
  -9.7992132e+01  -2.1179462e+02   2.0000000e+00
  -1.6509596e+02  -2.4718787e+02   2.0000000e+00
  -1.0584382e+02  -1.8106449e+02   2.0000000e+00
   1.9175348e+02   1.9367959e+02   2.0000000e+00
  -2.5062239e+02  -2.5777289e+02   2.0000000e+00
  -1.5278630e+02  -2.7533369e+02   1.0000000e+00
   2.2034014e+02  -4.6692855e-01   2.0000000e+00
  -1.1028519e+02  -1.1724818e+02   2.0000000e+00
   2.4904237e+02   2.9113258e+01   2.0000000e+00
   8.2262796e+01   2.4695247e+02   2.0000000e+00
  -8.4398915e+01   2.8713908e+02   2.0000000e+00
   1.0263842e+02   1.6277221e+02   2.0000000e+00
   3.0398147e+02  -1.3125912e+02   1.0000000e+00
  -2.9669784e+02  -2.8875639e+02   1.0000000e+00
  -2.3256542e+02  -5.1395194e+00   2.0000000e+00
   2.4665261e+02  -2.8450177e+02   1.0000000e+00
  -2.6158259e+02   1.7999355e+02   1.0000000e+00
   3.9527639e+01  -9.0411432e+01   2.0000000e+00
  -2.8585918e+02   4.8551830e+01   2.0000000e+00
   1.9366607e+02   2.2036885e+02   2.0000000e+00
   2.0706365e+02  -1.3616840e+02   2.0000000e+00
  -9.8421200e+01  -2.1608866e+02   2.0000000e+00
  -2.4846328e+02  -9.8913269e+01   2.0000000e+00
  -2.6580235e+02   1.6540418e+02   2.0000000e+00
   2.4956054e+02  -1.5581663e+02   1.1000000e+00
  -1.1274211e+02  -2.4877500e+02   1.2000000e+00
   8.8750646e+01   1.2537498e+02   2.0000000e+00
   1.9746123e+00  -1.6305670e+02   2.0000000e+00
   1.6777072e+02  -1.7141422e+02   2.0000000e+00
   3.1438755e+02  -1.2500924e+02   1.0000000e+00
  -4.8490607e+01   1.5308285e+02   2.0000000e+00
   1.0663498e+02   1.9271594e+02   2.0000000e+00
   8.2098200e+01  -6.1279522e+01   2.0000000e+00
  -2.2615098e+02   3.2607583e+02   2.0000000e+00
   1.1540395e+02   1.5550118e+02   2.0000000e+00
  -1.1429889e+02  -7.5341221e+01   2.0000000e+00
  -2.1913321e+02  -2.8914408e+02   1.0000000e+00
  -2.4131311e+02   2.1056693e+02   1.0000000e+00
  -3.0417747e+02   1.1501782e+02   2.0000000e+00
  -1.9585200e+02  -1.1676808e+02   2.0000000e+00
   2.1583067e+02  -1.1309865e+02   2.0000000e+00
  -2.6598839e+02   3.6717358e+00   2.0000000e+00
   1.6866121e+02   6.3748122e+01   2.0000000e+00
  -2.6814137e+01  -6.5861042e+01   2.0000000e+00
  -2.3938808e+02   9.8948521e+01   2.0000000e+00
   1.6163457e+02   2.2734067e+02   2.0000000e+00
  -1.0606306e+01  -4.8208483e+01   2.0000000e+00
  -2.5463669e+01   2.0521279e+02   2.0000000e+00
  -2.9567110e+02  -5.5391167e+01   1.0000000e+00
   2.2027537e+01  -3.0412597e+01   2.0000000e+00
   2.0570486e+02   8.6630014e+01   2.0000000e+00
   7.8723753e+01  -9.4914957e+01   2.0000000e+00
   2.2178865e+02  -1.7261379e+02   1.0000000e+00
  -1.7161186e+02  -5.6048067e+01   2.0000000e+00
  -1.0282061e+02  -2.2266014e+02   2.0000000e+00
   9.5675554e+01   2.7777769e+02   2.0000000e+00
  -2.5687730e+02   2.1546950e+02   1.0000000e+00
  -1.3611514e+02   4.9146103e+01   2.0000000e+00
   3.0341546e+02   2.5900393e+02   1.0000000e+00
   4.9123987e+01   2.1481625e+02   2.0000000e+00
  -2.2735429e+02   2.8847545e+02   2.0000000e+00
  -1.8887217e+02   2.5092361e+02   2.0000000e+00
  -5.3436277e+01   2.8621176e+01   2.0000000e+00
   2.0834313e+01   7.4058174e+01   2.0000000e+00
  -9.0188595e+01  -6.3453899e+01   2.0000000e+00
   1.3040634e+02   2.9286771e+01   2.0000000e+00
  -1.9016230e+02   1.2199677e+01   2.0000000e+00
   1.7852239e+02  -1.2928582e+02   2.0000000e+00
  -2.7374912e+02   1.5740753e+02   2.0000000e+00
  -2.2293910e+02   1.1793562e+02   2.0000000e+00
  -1.7310442e+02  -4.7498701e+01   2.0000000e+00
   2.5863946e+02   1.3438218e+02   2.0000000e+00
  -1.1542493e+02  -2.6562681e+02   1.0000000e+00
   3.0459949e+02   1.0592723e+02   1.0000000e+00
   2.9470471e+02   3.3859206e+01   2.0000000e+00
   3.0839406e+02   1.5454296e+02   1.0000000e+00
  -2.5143340e+01   2.1180653e+02   2.0000000e+00
  -1.6177131e+02  -1.6609236e+02   2.0000000e+00
  -1.6989292e+02  -2.9609860e+02   1.0000000e+00
   1.5384736e+02  -4.8907369e+01   2.0000000e+00
  -2.9967566e+02   9.5229805e+01   2.0000000e+00
  -2.8353378e+02  -6.3575237e+00   2.0000000e+00
  -3.2161279e+02  -4.6523727e+01   1.6000000e+00
   2.6402135e+02  -3.8281227e-01   2.0000000e+00
  -1.7698716e+02   1.5409564e+02   2.0000000e+00
   7.7274389e+01   8.7140038e+01   2.0000000e+00
  -1.2502670e+02  -3.0056620e+02   1.0000000e+00
   1.9928601e+02  -7.8349256e+01   2.0000000e+00
   2.2054972e+02   2.8158705e+02   2.0000000e+00
  -1.0716316e+00   3.1504020e+02   1.0000000e+00
  -1.8974084e+02  -2.9179309e+02   1.0000000e+00
  -5.4431378e+01  -1.4009647e+02   2.0000000e+00
  -2.7068970e+02  -1.9811507e+02   2.0000000e+00
  -2.0335178e+02  -3.0385703e+02   1.0000000e+00
  -2.7142834e+02  -1.9129972e+02   2.0000000e+00
  -3.1913070e+02  -6.7450630e+01   1.0000000e+00
   7.7131944e+01  -2.4467580e+02   2.0000000e+00
  -1.1084362e+02  -3.0234585e+02   1.0000000e+00
   3.7601616e+01   7.5312137e+01   2.0000000e+00
   2.0676308e+02  -4.4774287e+01   2.0000000e+00
  -1.5959950e+00   2.8417861e+02   1.0000000e+00
  -3.0270665e+02  -1.1495825e+02   2.0000000e+00
   1.6099330e+02   1.1048445e+02   2.0000000e+00
  -4.2268770e+01  -6.3509316e+01   2.0000000e+00
   3.3335357e+01  -1.8110618e+01   2.0000000e+00
   2.5267392e+02  -2.4534657e+02   2.0000000e+00
  -1.8750232e+02  -1.0524406e+02   2.0000000e+00
  -3.2013892e+01  -6.4772679e+01   2.0000000e+00
  -1.6108128e+02   2.1777529e+02   2.0000000e+00
  -2.4084052e+02   1.8007810e+02   2.0000000e+00
   2.2914914e+02  -2.5591550e+02   1.0000000e+00
  -1.7661857e+02   8.6263150e+01   2.0000000e+00
  -2.9152992e+02  -2.2195923e+02   2.0000000e+00
  -3.1142739e+02  -7.2641567e+01   1.0000000e+00
  -2.7285054e+01  -2.9695240e+01   2.0000000e+00
  -2.9389769e+02  -2.1278952e+01   2.0000000e+00
  -3.0665698e+02  -2.7084735e+02   2.0000000e+00
  -1.5110294e+02   1.1206518e+02   1.9000000e+00
  -3.3637934e+01   1.6193272e+02   2.0000000e+00
  -1.6888395e+02   3.2573552e+02   2.0000000e+00
  -1.7010732e+01  -3.2812943e+02   2.0000000e+00
   1.7166800e+02  -1.6364545e+00   2.0000000e+00
   1.6645592e+02   1.1065601e+02   2.0000000e+00
  -3.1399025e+01   1.9164082e+02   2.0000000e+00
   3.5806389e+01   2.1365659e+02   2.0000000e+00
  -3.2198283e+02  -1.0068304e+02   2.0000000e+00
  -2.0971975e+02  -2.3732237e+02   2.0000000e+00
   2.2804381e+02   2.8950702e+02   2.0000000e+00
  -2.9961767e+02   3.0661517e+01   2.0000000e+00
  -2.3565795e+02   7.6339310e+01   2.0000000e+00
  -5.9585596e+01   5.6647993e+01   2.0000000e+00
  -1.0263531e+02   2.6900180e+02   2.0000000e+00
   5.3231786e+01  -2.8706686e+02   2.0000000e+00
  -5.5710117e+01  -3.2637380e+02   2.0000000e+00
   3.1639976e+02   1.4147951e+01   2.0000000e+00
   2.1492553e+02   2.8263495e+01   2.0000000e+00
  -8.8699549e+01  -1.0147029e+02   2.0000000e+00
   1.0311184e+02   3.6543165e+01   1.0000000e+00
   1.5366995e+02  -1.3794202e+02   2.0000000e+00
   1.9196811e+02   1.1480671e+01   2.0000000e+00
  -1.6179136e+02   2.5775501e+02   2.0000000e+00
   1.2833781e+02  -2.2396023e+02   2.0000000e+00
   1.4057784e+02  -3.0320668e+02   2.0000000e+00
   2.6028279e+02  -1.0140278e+02   2.0000000e+00
   2.8395912e+01   9.5148631e+01   2.0000000e+00
  -1.0696169e+01   1.7510829e+02   2.0000000e+00
   1.0102621e+02   7.7914689e+01   2.0000000e+00
  -2.2355062e+02  -2.6823905e+02   1.0000000e+00
  -3.3432820e+01  -1.7114470e+02   2.0000000e+00
   8.8602485e+01  -3.2424505e+02   2.0000000e+00
   8.3565041e+01   2.2145348e+01   1.0000000e+00
   1.2234789e+02  -2.4733866e+02   2.0000000e+00
   2.1832067e+02  -1.9253924e+02   1.0000000e+00
   2.9180979e+02   1.9484290e+02   1.0000000e+00
   1.2826022e+02   2.5741449e+02   2.0000000e+00
   1.1292701e+02  -6.9741011e+01   2.0000000e+00
   1.3697676e+02   2.5311235e+02   2.0000000e+00
   1.4987421e+02   1.8378401e+02   2.0000000e+00
   1.8344882e+02   1.4918799e+02   2.0000000e+00
  -3.0228675e+02  -1.2484596e+02   2.0000000e+00
  -2.5664505e+02  -8.1919739e+00   1.3000000e+00
  -8.6357822e-01   2.9525695e+02   1.0000000e+00
  -1.6837286e+02  -2.0624976e+02   2.0000000e+00
   1.7052881e+01   4.2211913e+00   2.0000000e+00
   2.7582536e+02  -1.9542392e+02   2.0000000e+00
   8.5615096e+01   3.1437918e+02   2.0000000e+00
  -2.8879571e+02   1.2514650e+02   2.0000000e+00
   1.3633578e+01   4.2753695e+00   2.0000000e+00
   1.0646748e+02   2.8212114e+02   2.0000000e+00
  -2.7998816e+02  -2.9871748e+02   1.0000000e+00
  -2.8599505e+02   1.7133257e+02   2.0000000e+00
  -2.7576032e+02   2.5527668e+02   1.0000000e+00
   1.0760326e+02   2.0546432e+02   2.0000000e+00
   2.9936609e+02   9.3637485e+01   2.0000000e+00
  -2.2075787e+02  -2.4843235e+02   1.0000000e+00
   3.1047776e+02  -2.6913026e+02   2.0000000e+00
  -1.3135383e+02  -2.1357238e+01   2.0000000e+00
   2.4418806e+01   3.2072360e+02   1.0000000e+00
  -1.5150768e+02  -3.0810927e+02   1.0000000e+00
   2.0913958e+02   1.0488455e+02   2.0000000e+00
  -9.7241351e+01   1.0026043e+02   2.0000000e+00
   2.2917441e+02   1.2430659e+02   2.0000000e+00
  -2.2041881e+02  -1.6217640e+02   2.0000000e+00
  -1.5179773e+02   7.9760778e+01   1.0000000e+00
   3.8997632e+00   1.1799218e+02   2.0000000e+00
   2.3456582e+02  -1.9997547e+02   2.0000000e+00
  -1.0989677e+02   9.4752170e+01   2.0000000e+00
  -5.0167629e+01  -3.0889013e+02   2.0000000e+00
  -2.4245337e+02  -2.3405543e+02   2.0000000e+00
   1.0924013e+02   1.5999206e+02   2.0000000e+00
  -6.1038860e+01   6.5224699e+01   2.0000000e+00
  -2.9347737e+01   1.6265317e+02   2.0000000e+00
  -1.5151343e+02   3.2509145e+02   2.0000000e+00
  -1.8912912e+02   2.7562094e+02   2.0000000e+00
   6.6647319e+01  -3.8870537e+00   2.0000000e+00
  -2.9182774e+02   1.2855653e+02   2.0000000e+00
  -2.8125129e+02   4.8997969e+01   2.0000000e+00
   8.7900191e+01   6.2877691e+01   2.0000000e+00
  -1.1893399e+02  -3.0282460e+02   1.0000000e+00
   1.4096429e+02   7.2748756e+01   2.0000000e+00
   2.2921225e+02   3.0693018e+02   2.0000000e+00
  -2.3007298e+02  -2.6196047e+02   1.0000000e+00
  -1.0167066e+02  -2.8044964e+02   1.0000000e+00
  -5.3589060e+01   1.1855988e+01   2.0000000e+00
   2.9314342e+02   3.1426509e+02   1.0000000e+00
  -2.7709511e+02  -2.5363950e+02   2.0000000e+00
   1.5633026e+02   1.4856007e+02   2.0000000e+00
  -9.6153370e+01   1.9866595e+02   2.0000000e+00
  -1.9587387e+02   2.5772864e+01   2.0000000e+00
   1.1078596e+01  -7.4477554e+01   2.0000000e+00
   2.2404541e+02  -6.9025330e+01   2.0000000e+00
   3.1133004e+02  -3.1341955e+02   1.0000000e+00
   2.5991903e+02   4.7129064e+01   2.0000000e+00
  -1.8807412e+02  -8.0641717e+01   2.0000000e+00
  -2.5954025e+02   2.1984342e+01   2.0000000e+00
  -2.7009145e+02   2.1326988e+02   1.0000000e+00
  -1.9586745e+02   2.7815602e+01   2.0000000e+00
  -2.0512865e+02  -2.3907430e+02   2.0000000e+00
   1.2989394e+02   1.6355138e+02   2.0000000e+00
  -2.9903749e+02   1.5330127e+02   2.0000000e+00
  -2.1084636e+02  -1.2546113e+02   2.0000000e+00
  -1.8631170e+01   2.4945661e+02   2.0000000e+00
  -3.1723951e+02  -1.0747877e+02   2.0000000e+00
   2.1812704e+02  -6.0779113e+01   2.0000000e+00
   1.5317533e+02  -3.2745276e+02   2.0000000e+00
  -2.4081753e+02   3.2212755e+02   2.0000000e+00
  -5.0440078e+01  -4.2167689e+00   2.0000000e+00
  -5.7696993e+00  -3.4560261e+02   2.0000000e+00
  -1.4863358e+02  -1.2711252e+02   2.0000000e+00
  -3.0427644e+02   5.4978653e+01   2.0000000e+00
  -1.3434919e+01  -1.8275194e+02   2.0000000e+00
  -2.4862197e+01  -2.1779253e+02   2.0000000e+00
   8.1470959e+00   2.1235836e+02   2.0000000e+00
   2.2688303e+01  -1.7570116e+02   2.0000000e+00
  -3.0904928e+02  -2.4301029e+02   2.0000000e+00
   2.7236959e+01  -1.5217820e+01   2.0000000e+00
   2.1932499e+02   1.7928139e+01   2.0000000e+00
   2.4026452e+02  -4.1439234e+01   2.0000000e+00
  -1.8296164e+02  -2.8752071e+02   1.0000000e+00
  -2.8629926e+01  -3.3784917e+02   2.0000000e+00
   4.6418504e+01   3.0039879e+01   1.0000000e+00
   2.8245501e+01  -2.3836861e+01   2.0000000e+00
  -3.1996385e+00   1.8465335e+02   2.0000000e+00
   2.2807348e+02  -2.6731232e+02   1.0000000e+00
   1.5589452e+02  -1.3137132e+02   2.0000000e+00
  -2.2506833e+02  -1.7984514e+02   2.0000000e+00
  -1.0648835e+01  -1.2377886e+02   2.0000000e+00
  -1.5085238e+02  -1.0275070e+02   2.0000000e+00
   1.8341781e+02  -1.6918096e+02   2.0000000e+00
   1.5206506e+02  -1.6494481e+02   2.0000000e+00
  -2.3842766e+02  -1.9771833e+02   2.0000000e+00
   2.0237478e+02   1.4328350e+02   2.0000000e+00
   2.2855904e+02  -1.6280248e+02   1.0000000e+00
  -1.8254570e+02  -2.2916683e+02   2.0000000e+00
   8.6550527e+01  -9.6417687e+01   2.0000000e+00
  -2.0370740e+01   3.2569489e+02   2.0000000e+00
   4.0535375e+01   1.1935413e+02   2.0000000e+00
   1.3529198e+01  -2.7494785e+02   2.0000000e+00
   1.5969163e+02   2.6662538e+02   2.0000000e+00
  -6.1925379e+01  -3.3307549e+01   2.0000000e+00
   1.8269071e+02   1.7974347e+02   2.0000000e+00
   1.2430368e+02  -1.0704215e+02   2.0000000e+00
   1.7302526e+02  -1.9433795e+02   2.0000000e+00
   1.7423350e+02   2.5480278e+02   2.0000000e+00
   2.0029572e+02   7.8527897e+01   2.0000000e+00
  -3.7539771e+01  -1.0488500e+02   2.0000000e+00
   9.7573268e+01   8.0397267e+01   2.0000000e+00
   1.4700249e+02   2.3698935e+01   2.0000000e+00
  -5.1963091e+00  -2.7246719e+02   2.0000000e+00
  -1.9125083e+02  -2.6320905e+02   2.0000000e+00
  -1.3536614e+02  -1.7700009e+02   2.0000000e+00
  -1.0082339e+02   1.0643569e+02   2.0000000e+00
  -9.6563023e+01  -6.5620906e+01   2.0000000e+00
  -2.9311848e+02  -1.0953210e+02   2.0000000e+00
  -4.2987414e+01  -5.0525031e+01   2.0000000e+00
   2.1012703e+02  -4.9074742e+01   2.0000000e+00
  -2.3420166e+02   1.2148613e+02   2.0000000e+00
  -2.9326721e+02  -1.3667860e+02   2.0000000e+00
  -1.8034185e+02   2.9614366e+02   2.0000000e+00
   1.6910054e+02  -9.2548593e+01   2.0000000e+00
   3.4959627e+00  -1.2450595e+02   2.0000000e+00
  -2.9839409e+02  -2.3746577e+02   2.0000000e+00
   1.8705013e+02   1.4474395e+02   2.0000000e+00
  -6.1730543e+00   2.9083166e+02   1.0000000e+00
   2.7026536e+02   4.3630376e+00   2.0000000e+00
   4.2442071e+01   8.2473583e+01   2.0000000e+00
   8.1009878e+01  -8.6189833e+00   2.0000000e+00
  -3.2581797e+02   1.9060125e+02   2.0000000e+00
  -2.1346292e+02  -1.9257335e+02   2.0000000e+00
   1.9261295e+02  -1.7147764e+02   2.0000000e+00
  -1.7939959e+02  -2.8937452e+02   1.0000000e+00
   1.0624942e+02   2.5422122e+02   2.0000000e+00
  -2.8252979e+02   1.4068955e+02   2.0000000e+00
   1.2972634e+02   2.3031035e+02   2.0000000e+00
  -1.6788156e+02  -1.3665371e+02   2.0000000e+00
  -2.3206705e+02   5.5404025e+01   2.0000000e+00
   3.1027065e+02  -1.2468703e+01   2.0000000e+00
   2.6760060e+02  -3.1049868e+01   2.0000000e+00
  -1.9826405e+02  -1.6481399e+02   2.0000000e+00
   2.5962494e+02  -1.3170523e+02   1.0000000e+00
  -2.2820417e+02  -9.9662076e+01   2.0000000e+00
   8.9029614e+00   1.8841316e+02   2.0000000e+00
   2.2352345e+02  -2.9092794e+02   1.0000000e+00
  -8.0423675e+01   1.6421721e+02   2.0000000e+00
  -2.2197563e+02   1.2387500e+01   2.0000000e+00
   1.5495054e+02   2.1090985e+02   2.0000000e+00
  -2.1065119e+02   2.1777583e+02   2.0000000e+00
   2.3593495e+02   1.5706250e+02   2.0000000e+00
   2.0273932e+02   2.3584933e+02   2.0000000e+00
   1.7092238e+02  -1.8737527e+02   2.0000000e+00
  -8.7508953e+01  -1.3647841e+02   2.0000000e+00
   8.1732062e+01  -2.9411914e+02   2.0000000e+00
  -1.4241726e+02   2.1534187e+00   2.0000000e+00
  -1.4649758e+02  -1.9920746e+02   2.0000000e+00
  -2.1253724e+02  -9.3842946e+01   2.0000000e+00
  -2.8242904e+02   2.6938431e+02   1.0000000e+00
  -6.6278942e+01  -6.9073754e+01   2.0000000e+00
  -2.3166654e+01   1.6449752e+02   2.0000000e+00
   2.4398011e+02  -2.7731065e+02   1.0000000e+00
   6.3356635e+01  -9.5449415e+01   2.0000000e+00
  -3.2682751e+02   2.3131454e+02   2.0000000e+00
  -2.0259552e+02   2.6519988e+02   2.0000000e+00
  -6.2377356e+01   2.0190924e+02   2.0000000e+00
  -6.9125489e+01  -2.4169807e+02   2.0000000e+00
   8.7116060e+01  -2.1743567e+01   2.0000000e+00
   2.3263661e+02   9.3941945e+01   2.0000000e+00
   7.2397988e+01   2.2972455e+02   2.0000000e+00
   2.8245833e+02   6.5714230e+01   2.0000000e+00
  -1.2362925e+02  -1.5230841e+02   2.0000000e+00
  -6.2990117e+00   7.1586692e+01   2.0000000e+00
   1.3005346e+02  -1.0069868e+02   2.0000000e+00
   3.1361407e+02  -3.0702859e+02   1.0000000e+00
  -2.8147824e+02   5.6296245e+01   2.0000000e+00
  -3.1494273e+02  -1.9475540e+02   2.0000000e+00
   2.7397269e+02   5.6172948e+01   2.0000000e+00
   1.3675109e+02   6.3048691e+01   2.0000000e+00
  -2.9493502e+02  -3.0193897e+02   1.0000000e+00
   2.8445579e+02   1.2134409e+02   1.0000000e+00
   3.1416836e+02  -1.7996921e+02   2.0000000e+00
   9.2606565e+01   2.0529841e+02   2.0000000e+00
  -2.3328233e+02  -1.5645376e+02   2.0000000e+00
  -3.0662490e+02  -3.6810708e+01   1.0000000e+00
  -2.8524582e+02  -2.1737161e+00   2.0000000e+00
   9.1416896e+01  -1.2513297e+02   2.0000000e+00
   1.5350400e+02  -6.1352588e+01   2.0000000e+00
  -7.5981008e+01  -2.4939792e+02   1.6000000e+00
  -7.6802497e+01   1.4749140e+02   2.0000000e+00
   1.2304915e+02  -1.5696974e+02   2.0000000e+00
  -1.6130327e+02  -2.4536976e+02   2.0000000e+00
  -3.2882547e+01  -1.3851511e+02   2.0000000e+00
  -6.0904128e+01   1.2906761e+02   2.0000000e+00
  -1.5249991e+02   5.6085917e+01   2.0000000e+00
  -2.4867189e+02   3.9169712e+01   2.0000000e+00
  -2.5052832e+01  -1.7406072e+02   2.0000000e+00
   1.1607433e+01   2.4176667e+02   2.0000000e+00
   5.7651226e+01  -4.9209698e+01   2.0000000e+00
   2.8953238e+02   1.3902931e+02   1.0000000e+00
  -1.9456996e+02  -2.9781617e+02   1.0000000e+00
   2.4994065e+02  -9.4752480e+01   2.0000000e+00
  -5.3922298e+01  -1.6220324e+02   2.0000000e+00
   2.5387512e+02   4.0446636e+01   2.0000000e+00
   1.8487140e+02  -1.7433250e+02   2.0000000e+00
  -6.6906896e+01   1.2694087e+02   2.0000000e+00
   7.4274828e+00   1.9836813e+02   2.0000000e+00
  -3.9838906e+01   1.9282593e+02   2.0000000e+00
  -6.1432828e+01   4.5939690e+01   2.0000000e+00
   4.0497938e+01   3.1678908e+02   1.8000000e+00
   2.1418271e+01   1.0882709e+02   2.0000000e+00
   5.7818263e+01  -5.9885204e+01   2.0000000e+00
   4.1136455e+01  -2.8800661e+02   2.0000000e+00
   2.3418693e+02  -1.5588695e+02   1.0000000e+00
  -2.6218226e+02  -2.3663155e+02   2.0000000e+00
   2.6370446e+02  -6.3311981e+01   2.0000000e+00
  -2.9641148e+02  -1.0615271e+02   2.0000000e+00
  -2.5281796e+02   2.5466970e+02   1.0000000e+00
   6.9064250e+01   1.9435673e+02   2.0000000e+00
   2.6038586e+02  -2.1692770e+02   2.0000000e+00
   1.2339060e+02  -2.7994246e+02   2.0000000e+00
   1.6112232e+02  -3.5392194e+01   2.0000000e+00
  -9.0818448e+01  -2.4969032e+02   1.0000000e+00
  -1.3595986e+02   1.5224872e+02   2.0000000e+00
   4.4582720e+01   1.6660554e+02   2.0000000e+00
   1.5826083e+00   5.7575151e+01   2.0000000e+00
   2.9358583e+02  -3.1642828e+02   1.0000000e+00
   6.0567070e+01  -8.3998510e+00   1.0000000e+00
  -1.9031335e+02  -3.1943290e+02   1.0000000e+00
   4.2386521e+01   1.2223390e+02   2.0000000e+00
   1.6713085e+01  -4.7792054e+01   2.0000000e+00
  -2.0777759e+02  -6.6259331e+01   2.0000000e+00
   2.3713264e+01  -1.1488910e+02   2.0000000e+00
   1.5901738e+02  -2.3727336e+02   2.0000000e+00
  -2.0414246e+02  -2.2030122e+02   2.0000000e+00
  -1.0682645e+02  -1.8878830e+02   2.0000000e+00
  -2.4685028e+02  -2.8715836e+02   1.0000000e+00
  -3.1504132e+02  -1.2791002e+02   2.0000000e+00
  -1.0548385e+02  -2.9468526e+02   1.0000000e+00
   1.6210995e+02  -1.8288823e+02   2.0000000e+00
   1.4706075e+02  -5.1911932e+01   2.0000000e+00
  -3.1173723e+01  -1.0389308e+02   2.0000000e+00
   1.4785995e+02  -3.0047539e+02   2.0000000e+00
   9.7506876e+01   2.1477147e+01   1.0000000e+00
  -5.6840141e+01  -2.0249682e+02   2.0000000e+00
  -7.4467671e+01   1.1146890e+02   2.0000000e+00
   3.2458484e+02  -2.6079438e+02   2.0000000e+00
  -1.8519382e+02   3.2381616e+02   2.0000000e+00
  -3.2443563e+00   1.4090347e+02   2.0000000e+00
  -2.5221854e+02   7.0522217e+01   2.0000000e+00
   2.2351037e+02   1.5675702e+02   2.0000000e+00
   3.6884623e+01  -2.4780728e+01   2.0000000e+00
  -2.3328315e+02  -2.6109992e+02   1.0000000e+00
  -2.7029061e+02  -2.4629190e+02   2.0000000e+00
   2.3225072e+02  -2.8844498e+02   1.0000000e+00
   5.6390776e+01   1.2787905e+01   1.0000000e+00
