   1.5157114e+02   1.5210429e+02   1.0000000e+00
   3.2549521e+02   2.6732874e+02   1.0000000e+00
   2.2063636e+02   2.5683627e+02   1.0000000e+00
   2.3492333e+02  -2.3305141e+02   1.0000000e+00
  -1.5892279e+02  -7.0551553e+00   1.0000000e+00
   7.9497124e+01   2.2809448e+02   1.0000000e+00
   3.7713997e+02  -3.0335925e+02   2.0000000e+00
   4.6982403e+01   1.4919851e+02   1.0000000e+00
  -1.0178751e+02  -5.9999668e+01   1.0000000e+00
   2.7299192e+02   5.2183000e+01   1.0000000e+00
  -1.9880044e+02  -1.3758341e+02   2.0000000e+00
   7.5289890e+01   2.1725155e+02   1.0000000e+00
   1.6807581e+02  -1.4109174e+02   1.0000000e+00
   2.5048716e+02  -4.6008650e+01   1.0000000e+00
   3.1027224e+02  -6.7284614e+01   1.0000000e+00
  -4.2470098e+02   2.6953262e+02   2.0000000e+00
   1.4900430e+02   3.1356371e+02   1.0000000e+00
   3.0218367e+02   2.5154440e+02   1.0000000e+00
   2.0730700e+02   4.0387046e+02   2.0000000e+00
   2.7913998e+02  -3.6894408e+02   1.0000000e+00
  -9.2119291e+01   2.7905304e+02   1.0000000e+00
   1.4242212e+02  -1.3074256e+02   1.0000000e+00
  -2.7915635e+02  -4.0085808e+02   2.0000000e+00
   1.6586746e+02  -1.2779242e+02   1.0000000e+00
   3.9579790e+02  -2.2396762e+02   2.0000000e+00
   4.5870846e+01  -2.6081025e+01   1.0000000e+00
  -2.2188754e+02   2.3677355e+01   1.0000000e+00
  -2.4482524e+02  -3.6616920e+02   2.0000000e+00
  -2.4683934e+02   1.1407807e+02   1.0000000e+00
   1.5148075e+02   3.5708379e+02   1.0000000e+00
   1.1137388e+02  -3.2131460e+02   1.0000000e+00
  -3.0401914e+02   2.8471519e+02   2.0000000e+00
  -8.0697564e+01   2.5056458e+01   1.0000000e+00
  -3.5919999e+02  -3.0523280e+02   2.0000000e+00
   1.5234677e+02   9.2928170e+01   1.0000000e+00
  -2.8934899e+02  -2.8065660e+02   2.0000000e+00
   3.2669337e+02   9.0928162e+01   1.0000000e+00
  -8.8966195e+01  -1.1649799e+02   1.0000000e+00
  -3.3833156e+02   3.4085644e+02   2.0000000e+00
  -1.0081771e+02  -4.0264132e+01   1.0000000e+00
   1.0288662e+02  -1.1180424e+02   1.0000000e+00
  -3.4225510e+02   1.3495011e+02   1.0000000e+00
  -1.8042028e+02  -1.1189274e+02   1.0000000e+00
  -3.3590460e+02   8.7354933e+00   1.0000000e+00
  -8.8164946e+01   2.3180494e+00   1.0000000e+00
  -1.8676921e+02  -3.8949760e+02   2.0000000e+00
  -3.1012964e+02   2.0042021e+02   2.0000000e+00
   1.9571410e+02   1.1475685e+02   1.0000000e+00
  -1.7955051e+02  -3.3763768e+02   2.0000000e+00
  -3.7440591e+02  -3.3293064e+02   2.0000000e+00
   2.0468303e+01  -3.6804338e+02   2.0000000e+00
  -6.4192993e+01   1.2746013e+02   1.0000000e+00
   3.4268335e+02  -2.0559216e+02   1.0000000e+00
  -6.2512403e+01  -2.8575113e+02   2.0000000e+00
   1.4432236e+02  -3.4781922e+02   1.0000000e+00
  -6.9797682e+01   6.8871633e+01   1.0000000e+00
  -3.1950535e+02  -1.8641686e+02   2.0000000e+00
   2.4842721e+01   2.3370111e+02   1.0000000e+00
   3.7104589e+02  -2.4538500e+02   2.0000000e+00
  -1.0157251e+02   1.6281495e+02   1.0000000e+00
   4.7320549e+01   3.4137313e+02   1.0000000e+00
   3.4287132e+02  -3.4948195e+02   2.0000000e+00
  -2.5862617e+02   1.5701902e+02   1.0000000e+00
  -1.7895019e+01  -1.3563910e+02   1.0000000e+00
  -1.5001104e+02   3.5458702e+02   2.0000000e+00
   1.6022077e+02   1.2912329e+02   1.0000000e+00
   2.5847012e+02   1.0865661e+02   1.0000000e+00
  -1.5799434e+02  -1.4929989e+02   1.0000000e+00
   3.3285743e+02  -1.4988386e+02   1.0000000e+00
   3.2109976e+02  -1.9993776e+02   2.0000000e+00
   3.0076335e+02  -9.3716544e+01   1.0000000e+00
  -3.3988959e+02   8.3841997e+01   1.0000000e+00
  -3.7797662e+01   1.4694505e+02   1.0000000e+00
   2.7528680e+02  -1.4904249e+02   1.0000000e+00
  -3.8676489e+01   2.6542288e+02   2.0000000e+00
   3.5178749e+02  -1.8896590e+02   2.0000000e+00
  -2.1984020e+00  -1.2241278e+02   1.0000000e+00
   3.3613909e+02  -2.0046067e+02   2.0000000e+00
  -9.2303695e+01  -2.7985184e+02   1.0000000e+00
  -1.5825525e+02  -1.9572426e+02   1.0000000e+00
  -3.3669758e+02   7.2241482e+01   1.0000000e+00
  -2.3050049e+02   9.5506700e+01   2.0000000e+00
   3.4222745e+02  -1.8522908e+01   1.0000000e+00
  -2.7338709e+02  -3.7271796e+02   2.0000000e+00
  -9.2471717e+01  -1.5862356e+02   1.0000000e+00
   3.6690670e+02   3.1383838e+02   2.0000000e+00
  -3.4155112e+02   3.1176257e+02   2.0000000e+00
   3.2636441e+02  -1.8053086e+01   1.0000000e+00
   1.0495100e+02   8.3545677e+01   1.0000000e+00
   1.9360965e+02  -4.0431514e+01   1.0000000e+00
   2.1410916e+02  -3.2779106e+02   1.0000000e+00
  -2.2980318e+02   1.1964331e+02   1.0000000e+00
  -1.7939751e+02   1.9451661e+02   1.0000000e+00
   1.0666184e+02   1.8177467e+02   1.0000000e+00
   1.1355116e+02  -3.0520767e+02   1.0000000e+00
  -3.0986971e+02   1.1787090e+02   1.0000000e+00
   3.2824955e+02  -5.5023604e+01   1.0000000e+00
  -1.2603085e+02   1.8153023e+01   1.0000000e+00
  -2.3365315e+02   8.5343233e+01   2.0000000e+00
  -1.3397407e+02  -8.9233048e+01   1.0000000e+00
  -3.2296549e+01  -1.4404501e+01   1.0000000e+00
   3.1669553e+02   3.2973800e+02   2.0000000e+00
   3.7258141e+02  -2.3412928e+01   1.9000000e+00
  -7.9314288e+01   3.5566211e+01   1.0000000e+00
  -1.7648052e+02  -2.9091301e+02   1.0000000e+00
  -1.4926134e+02   1.0290863e+02   2.0000000e+00
  -3.2506515e+02  -2.1947010e+02   2.0000000e+00
   1.9855050e+02   3.3215356e+01   1.0000000e+00
   3.5283329e+02   8.4933943e+01   2.0000000e+00
  -8.4704487e+01  -2.7005678e+01   1.0000000e+00
   3.4098303e+02  -1.9285151e+01   1.0000000e+00
  -3.6020217e+02   1.6159696e+01   1.0000000e+00
  -3.1276128e+02   3.8355322e+02   2.0000000e+00
   2.4856893e+01   8.9063643e+01   1.0000000e+00
   1.2548695e+02   5.3052920e+01   1.0000000e+00
  -1.6313736e+02  -3.1769447e+02   2.0000000e+00
  -2.6693407e+02   1.3638108e+02   1.0000000e+00
   1.7386315e+02  -3.5887787e+02   1.0000000e+00
   2.3708686e+02   9.0856262e+01   1.0000000e+00
   2.1311114e+02  -1.8474828e+02   1.0000000e+00
   9.2815683e+01  -1.2496214e+02   1.0000000e+00
   1.2834469e+02   4.0524080e+01   1.0000000e+00
  -3.0093628e+02   9.7890082e+01   1.0000000e+00
   2.4853427e+02  -1.0925051e+02   1.0000000e+00
   2.6149886e+01  -3.4639120e+02   2.0000000e+00
  -1.5873502e+02  -1.3137797e+02   1.0000000e+00
   3.3629643e+02  -3.4697551e+02   2.0000000e+00
  -1.6241646e+02  -2.7993876e+01   1.0000000e+00
  -2.1200087e+02   1.8582555e+02   1.0000000e+00
   2.8240094e+02  -1.8401171e+02   1.0000000e+00
   1.1721053e+02   2.2898530e+02   1.0000000e+00
  -1.9174868e+02   4.3505185e+01   1.0000000e+00
  -3.3223936e+02  -2.9729860e+02   2.0000000e+00
  -1.0500416e+02  -6.7934656e+01   1.0000000e+00
  -3.6373289e+02  -2.2050121e+02   2.0000000e+00
   1.2726032e+02  -2.2714775e+02   1.0000000e+00
   2.9180009e+02  -8.5705306e+01   1.0000000e+00
  -7.3345578e+01   9.2139530e+01   1.0000000e+00
  -9.9886109e+01   3.9862979e+02   2.0000000e+00
   3.6201810e+02   3.7443470e+02   2.0000000e+00
  -1.6076654e+02   3.7292508e+02   2.0000000e+00
   2.3770751e+02  -3.6128531e+02   1.0000000e+00
  -1.4385143e+02   1.5626988e+01   1.0000000e+00
   6.8301380e+00  -3.2046402e+02   1.0000000e+00
   3.2333305e+02   1.1318144e+02   1.0000000e+00
   4.1121031e-01   1.4275882e+01   1.0000000e+00
  -1.5209173e+02  -1.9601232e+02   1.0000000e+00
   3.4290538e+01  -5.7899250e+01   1.0000000e+00
   2.4475009e+02  -1.7558918e+02   1.0000000e+00
  -1.7442277e+02   1.2787867e+02   2.0000000e+00
  -3.4196391e+02  -1.4292443e+02   2.0000000e+00
  -1.8722900e+02  -8.0007723e+01   1.0000000e+00
  -1.3374186e+02   2.8051937e+02   1.0000000e+00
   4.4507069e+01  -1.4280188e+02   1.0000000e+00
  -2.1225740e+02   3.6144450e+02   2.0000000e+00
   3.3149085e+01  -3.0256731e+02   2.0000000e+00
   5.5745027e+00  -1.5440052e+01   1.0000000e+00
  -3.5158548e+01   1.6179984e+02   1.0000000e+00
  -1.6880108e+02   2.1296081e+02   1.0000000e+00
  -2.8874441e+02   3.1140301e+02   2.0000000e+00
  -2.0479586e+02  -4.8998862e+01   1.0000000e+00
   1.3400109e+02   2.6949324e+02   1.0000000e+00
   6.5847853e+01  -1.3782444e+02   1.0000000e+00
  -1.3668417e+02   1.1516978e+02   1.0000000e+00
  -4.2784091e+02   2.4513443e+02   2.0000000e+00
  -5.9946866e+01  -1.3266078e+00   1.0000000e+00
   3.3255549e+01   4.5120409e+01   1.0000000e+00
   2.8899342e+01  -5.7305459e+00   1.0000000e+00
   2.9090119e+02   1.7365339e+02   1.0000000e+00
  -2.2838474e+02   4.7270789e+00   1.0000000e+00
  -4.4872641e+01   3.1042941e+02   2.0000000e+00
  -3.0928075e+02   2.4697084e+02   2.0000000e+00
  -2.3006438e+02   2.5629332e+01   1.0000000e+00
   1.2236734e+02   3.0758393e+02   1.0000000e+00
   2.3578821e+02  -1.3196632e+01   1.0000000e+00
  -4.0782922e+01  -3.3676145e+02   1.0000000e+00
  -2.5154849e+02   1.4473942e+02   1.0000000e+00
  -1.9667304e+02   3.2016656e+02   2.0000000e+00
   1.3861403e+02  -2.6868976e+02   2.0000000e+00
   1.8920580e+02  -1.5623470e+02   1.0000000e+00
  -2.7021181e+02   3.3679181e+02   2.0000000e+00
  -3.6173380e+01  -2.4894816e+02   1.0000000e+00
   1.7425303e+02  -1.3937399e+02   1.0000000e+00
   3.7214251e+01  -8.3447574e+01   1.0000000e+00
  -2.6769042e+02   1.2562983e+02   1.0000000e+00
  -3.0136183e+02   1.7727359e+02   2.0000000e+00
   3.6701777e+02   1.0249364e+02   2.0000000e+00
  -8.6647759e+01   2.7635587e+02   1.0000000e+00
  -2.5552659e+02   1.5219438e+02   1.0000000e+00
  -7.8928377e+01  -4.0782132e+01   1.0000000e+00
   4.1242704e+01   2.7234059e+02   2.0000000e+00
  -3.3489870e+01   1.3546978e+02   1.0000000e+00
  -1.6595649e+01   1.1004408e+02   1.0000000e+00
   3.4947158e+02   2.9049226e+02   1.0000000e+00
   7.8195087e+01   3.1158604e+02   1.0000000e+00
   1.4516594e+02   2.9603911e+02   1.0000000e+00
   1.1540838e+02  -3.7059480e+02   2.0000000e+00
   1.3531413e+02   9.1856841e+01   1.0000000e+00
   3.1562508e+02   3.5827547e+02   2.0000000e+00
   2.0759830e+02   1.0596246e+00   1.0000000e+00
   2.0647633e+02  -2.3451384e+02   1.0000000e+00
  -1.7360136e+02  -3.4626064e+02   2.0000000e+00
  -1.8191908e+02  -1.0855621e+02   1.0000000e+00
  -2.3671512e+02  -1.3089084e+02   1.0000000e+00
   1.6101766e+02   3.9384481e+01   1.0000000e+00
  -3.3953627e+02  -8.2764670e+01   2.0000000e+00
  -2.2681153e+02   4.6937092e+01   1.0000000e+00
  -9.7544452e+01   2.6470727e+01   1.0000000e+00
  -2.3837898e+02   3.8830126e+02   2.0000000e+00
  -1.9878715e+02   2.0865247e+02   1.0000000e+00
  -2.2174320e+02  -8.0099865e+01   1.0000000e+00
  -1.1333113e+02  -2.7493190e+02   1.0000000e+00
  -3.0852004e+01  -3.5967720e+02   1.0000000e+00
   3.4948721e+02  -3.3407177e+02   2.0000000e+00
   2.5006226e+02  -2.4975455e+02   1.0000000e+00
   3.4220919e+02  -3.5274214e+02   1.9000000e+00
  -1.5563768e+02  -3.2773866e+02   2.0000000e+00
   6.2481162e+01  -7.3736316e+01   2.0000000e+00
   2.7376057e+02   1.0276297e+02   1.0000000e+00
  -4.0819967e+01  -3.1984040e+02   1.0000000e+00
  -1.4013736e+02   3.9644422e+02   2.0000000e+00
   2.2375759e+02  -2.9298988e+02   1.0000000e+00
  -1.7762605e+02  -1.1729126e+02   1.0000000e+00
   1.0835359e+02   5.2186781e+01   1.0000000e+00
  -1.5654334e+02  -6.9665466e+01   1.0000000e+00
  -3.7812272e+02   2.8600882e+02   2.0000000e+00
   2.2577970e+02  -1.6000282e+02   1.0000000e+00
  -2.5255420e+01   1.5127456e+02   1.0000000e+00
   2.4101356e+01   2.3788259e+02   2.0000000e+00
   3.0485881e+02   2.8273549e+02   1.0000000e+00
   2.4474651e+02  -5.3154687e+01   1.0000000e+00
  -3.4159519e+02   1.1796986e+02   1.0000000e+00
  -2.6920514e+02   5.5846279e+01   2.0000000e+00
  -1.0576217e+02   1.8644889e+02   1.0000000e+00
  -2.2759036e+02  -1.5298104e+02   1.0000000e+00
  -1.5667112e+02   2.7561351e+02   1.0000000e+00
   4.8360271e+00   9.3792807e+01   1.0000000e+00
  -1.7663517e+02   1.4806581e+02   1.0000000e+00
   1.3950389e+02   3.5327500e+02   1.0000000e+00
  -1.8435990e+02  -5.9590019e+01   1.0000000e+00
  -2.1256925e+02   2.3300980e+02   1.0000000e+00
  -1.0020903e+02   2.2372058e+01   1.0000000e+00
  -2.8516802e+02  -3.8831839e+01   1.0000000e+00
  -2.1121582e+02   6.1142707e+01   1.0000000e+00
  -2.5802469e+02   1.1872098e+02   1.0000000e+00
   1.7430187e+02  -3.1167157e+00   1.0000000e+00
   1.0381386e+02  -3.7292490e+02   2.0000000e+00
   1.6149125e+02  -1.9595591e+02   1.0000000e+00
   2.8336098e+01  -2.3075839e+02   1.0000000e+00
  -1.0346249e+02  -1.8158973e+02   1.0000000e+00
  -4.3170381e+02   2.2292655e+02   2.0000000e+00
  -1.9019393e+02   1.6094385e+02   1.0000000e+00
  -1.9523187e+02  -1.0043368e+01   1.0000000e+00
   3.1619569e+02  -2.9307104e+02   1.0000000e+00
   2.3529649e+02  -1.0651003e+02   1.0000000e+00
   3.9220430e+01  -4.2111030e+02   2.0000000e+00
  -1.7002903e+02  -8.5579572e+01   2.0000000e+00
  -2.8881919e+02   2.8796427e+02   2.0000000e+00
   1.5037996e+02  -1.9693250e+01   1.0000000e+00
   3.0536131e+02   3.5859054e+02   2.0000000e+00
  -1.8671979e+01   1.5513710e+02   1.0000000e+00
  -2.1271343e+02   1.4171433e+02   1.0000000e+00
  -2.2067616e+02  -2.2618185e+02   1.0000000e+00
   4.8865114e+01  -3.0983175e+02   2.0000000e+00
  -1.2571240e+02   1.7715689e+01   1.0000000e+00
  -3.1552840e+01   1.3739862e+02   1.0000000e+00
  -4.4638562e+01   2.4522930e+02   2.0000000e+00
   2.1420309e+02   3.8685055e+01   1.0000000e+00
   1.7049253e+02  -1.4286196e+02   1.0000000e+00
  -6.3620858e+01   2.6172108e+02   1.0000000e+00
   3.4497674e+02   2.4291810e+02   1.0000000e+00
  -1.4861026e+02  -1.0826514e+02   1.0000000e+00
  -4.2212484e+02  -2.2836052e+02   2.0000000e+00
   3.7098302e+01  -1.1048764e+02   1.0000000e+00
  -1.6317122e+02  -1.3673325e+02   1.0000000e+00
   4.2102075e+01  -1.9334038e+01   1.0000000e+00
  -3.2957996e+01  -3.1132363e+02   2.0000000e+00
   1.3133383e+00  -3.1699904e+02   1.0000000e+00
   5.7709758e+01  -7.2558653e+01   1.0000000e+00
   8.0115964e+01   1.8833889e+02   1.0000000e+00
  -3.1102985e+02  -2.0890420e+01   1.0000000e+00
  -2.5100340e+02   3.0010332e+01   1.0000000e+00
   1.1825718e+02  -1.1620527e+02   1.0000000e+00
  -6.6098836e+01  -1.3918069e+02   1.0000000e+00
  -2.6503356e+02   2.5560943e+02   2.0000000e+00
  -3.4958263e+02   5.2872608e+01   1.0000000e+00
   1.8865458e+02   1.8011382e+02   1.0000000e+00
   2.2522992e+02  -2.8905212e+02   1.0000000e+00
   2.0969471e+01   3.4145718e+02   1.0000000e+00
   2.9713442e+02   2.3588209e+02   1.0000000e+00
   1.1709335e+02   8.4728070e+01   1.0000000e+00
   2.7371202e+02  -5.9983074e+01   1.0000000e+00
  -8.4592673e+01   2.3446340e+02   1.0000000e+00
   5.5728025e+01  -6.5087507e+01   1.0000000e+00
  -1.5642109e+02   3.5319959e+02   2.0000000e+00
  -8.9561312e+01  -2.4763541e+02   1.0000000e+00
  -3.7326843e+02  -1.4148214e+02   2.0000000e+00
  -1.4909244e+02  -3.2885293e+02   1.0000000e+00
  -1.4236943e+02   1.6502123e+02   1.0000000e+00
  -3.1273573e+02  -1.7197346e+02   1.0000000e+00
   2.2674831e+02  -3.2786688e+02   1.0000000e+00
   3.2066482e+02   2.8255940e+02   1.0000000e+00
  -2.0135659e+02   2.8383117e+02   1.0000000e+00
  -8.5744895e+01  -3.3407626e+02   1.0000000e+00
   2.2478032e+02   1.9285178e+02   1.0000000e+00
   1.3885560e+02  -1.2117450e+02   1.0000000e+00
   7.5704815e+01   3.5063503e+02   2.0000000e+00
   6.0537768e+01   1.0443691e+02   2.0000000e+00
   3.1676441e+02   4.2192113e+02   2.0000000e+00
  -1.6161100e+02  -4.7981629e+00   1.0000000e+00
  -1.9071775e+02   1.7046150e+02   1.0000000e+00
   2.8222457e+02  -3.1872412e+02   1.0000000e+00
  -4.2855609e+02  -1.7416937e+02   2.0000000e+00
  -3.4550440e+02  -2.8500849e+02   2.0000000e+00
   1.4957976e+02  -1.8694827e+02   1.0000000e+00
  -9.7395809e+01   1.3082275e+02   1.0000000e+00
  -1.4907771e+02   1.3265885e+02   2.0000000e+00
   1.1488687e+02   2.6617983e+02   1.0000000e+00
  -1.2468031e+02   1.8446982e+02   1.0000000e+00
   2.3097279e+02  -2.2493789e+02   1.0000000e+00
   2.0434153e+02  -9.4773207e+01   1.0000000e+00
  -2.5880982e+02  -3.2647041e+02   2.0000000e+00
   2.8899847e+02   1.9815229e+02   1.0000000e+00
   7.2975398e+01  -3.2239786e+02   2.0000000e+00
   2.5692315e+01  -3.6255427e+02   2.0000000e+00
  -2.3963786e+02   2.9455667e+02   2.0000000e+00
  -1.5267051e+02  -8.2863681e+01   1.0000000e+00
   2.1986164e+01   1.5967321e+02   2.0000000e+00
  -1.4248063e+02   9.1907514e+01   1.0000000e+00
  -8.7561659e+01   1.1092071e+02   1.0000000e+00
  -1.3017104e+02  -2.3936986e+02   1.0000000e+00
   2.3094500e+02  -4.1427012e+01   1.0000000e+00
  -2.3757392e+02  -4.8701353e+01   1.0000000e+00
  -1.2957487e+02  -3.2522316e+02   1.0000000e+00
   1.6233574e+02  -3.4180157e+02   1.0000000e+00
  -2.2394159e+02   3.6660255e+02   2.0000000e+00
   2.4057559e+01   2.9919508e+02   1.0000000e+00
   2.9525035e+02  -1.4609855e+02   1.8000000e+00
   1.0623963e+02   3.5629249e+02   1.0000000e+00
   1.7257834e+02   1.9673240e+02   1.0000000e+00
  -1.5083186e+01  -2.6816702e+02   1.0000000e+00
  -2.0902643e+02  -2.8895318e+02   1.0000000e+00
  -1.5639113e+02   2.8786881e+02   1.0000000e+00
   7.5593113e+01   1.3105871e+02   2.0000000e+00
  -4.7819846e+01   1.4530962e+02   1.0000000e+00
   1.4136188e+02   2.2403818e+01   1.0000000e+00
  -3.2201254e+02   2.9278809e+02   2.0000000e+00
   7.2089404e+01   2.6085271e+02   1.0000000e+00
   1.8899094e+02   1.6427270e+01   1.0000000e+00
   9.6694281e+01   1.4811819e+02   1.0000000e+00
  -1.0688841e+02  -2.7187949e+02   1.0000000e+00
   1.9998672e+02  -3.4241289e+02   1.0000000e+00
  -2.4063576e+02   2.3336942e+01   1.0000000e+00
  -2.4197025e+02   1.5795707e+02   1.0000000e+00
   2.8233443e+02  -1.8828408e+02   1.0000000e+00
   3.9072455e+01   9.6706660e+00   1.0000000e+00
   1.8403899e+01   1.5627421e+02   1.0000000e+00
   3.4751398e+02  -2.9272893e+01   1.0000000e+00
  -2.6690214e+02  -2.9468026e+02   2.0000000e+00
  -1.8008808e+02  -1.4910932e+02   2.0000000e+00
  -3.6179732e+02  -2.9376624e+02   2.0000000e+00
   1.2478095e+02   8.5639316e+01   1.0000000e+00
   2.5186059e+01   6.1244255e+01   2.0000000e+00
  -3.2094601e+02  -3.9170599e+02   2.0000000e+00
   3.1770820e+02  -3.2383759e+01   1.0000000e+00
   4.6692612e+01   8.4467713e+01   1.0000000e+00
  -1.6814630e+02   1.2492770e+02   1.0000000e+00
  -1.3043564e+02  -7.3989900e+01   1.0000000e+00
  -1.7074252e+01  -2.8937639e+02   1.0000000e+00
   2.5650924e+02  -8.3171265e+00   1.0000000e+00
   8.1124197e+01  -1.6917674e+02   1.0000000e+00
  -2.1213067e+02   6.7036139e+01   1.0000000e+00
  -5.8805199e+01  -2.6508765e+02   1.0000000e+00
  -1.5491425e+02   1.3972823e+02   1.0000000e+00
  -3.3358793e+02  -4.1727121e+02   2.0000000e+00
   1.3141015e+02  -3.3076198e+02   2.0000000e+00
   2.0472038e+02  -7.1797303e+01   1.0000000e+00
  -3.2061654e+02  -1.9388695e+02   2.0000000e+00
  -2.1628466e+02   3.0484309e+02   2.0000000e+00
   3.8829479e+02  -3.7787760e+02   2.0000000e+00
  -3.5490051e+02  -3.4816077e+02   2.0000000e+00
  -1.6231069e+01  -3.0259409e+02   2.0000000e+00
   2.8181579e+02   2.7556637e+02   1.0000000e+00
  -2.6422075e+02  -3.8027490e+01   1.0000000e+00
  -1.6338353e+02  -4.2449291e+01   1.0000000e+00
   3.9333905e+02  -3.7327873e+02   2.0000000e+00
  -2.8093420e+02   2.9380284e+02   2.0000000e+00
  -2.9321473e+01   1.2330377e+02   1.2000000e+00
   1.6363544e+02  -3.0176671e+02   1.0000000e+00
   1.0850012e+02   3.8479440e+01   1.0000000e+00
   2.4933214e+01  -8.7348659e+01   2.0000000e+00
  -7.7010539e+01   4.2822287e+01   2.0000000e+00
   2.4881497e+02   2.5513093e+02   1.0000000e+00
  -2.1098214e+02  -3.8263272e+02   2.0000000e+00
  -1.5883756e+02  -1.4256223e+02   1.0000000e+00
  -2.1975336e+02  -2.4172943e+00   1.0000000e+00
  -2.9240882e+02   1.0306761e+02   1.0000000e+00
   2.9723267e+02  -6.7145585e+01   1.0000000e+00
   1.2475224e+02   2.6258673e+02   1.0000000e+00
   3.4960461e+02  -3.4556631e+02   2.0000000e+00
   3.6576874e+02   3.8655529e+02   2.0000000e+00
   1.5405724e+01  -1.0018304e+01   1.0000000e+00
  -3.4898767e+02   2.3287470e+02   2.0000000e+00
   2.9740418e+02   9.2123028e+01   1.0000000e+00
   1.2946113e+01  -3.5033172e+02   2.0000000e+00
   4.4029420e+01   5.4865369e+01   1.0000000e+00
   2.1267893e+02   2.8771684e+02   1.0000000e+00
   5.8335653e+01   2.2814920e+01   2.0000000e+00
  -3.7702514e+02  -2.8614147e+02   2.0000000e+00
  -3.0839323e+02   6.5214732e+00   1.0000000e+00
   2.9408002e+02   3.5526611e+02   2.0000000e+00
  -1.2853344e+02  -2.9683208e+02   1.0000000e+00
  -6.0814908e+01  -1.7552438e+02   1.0000000e+00
   1.0863147e+02  -2.0645044e+02   1.0000000e+00
  -5.1137968e+01   6.1711104e+01   1.0000000e+00
  -2.7449398e+02  -1.1542793e+02   1.0000000e+00
   1.0698380e+01  -3.0100483e+02   2.0000000e+00
  -1.3248147e+02   1.1901370e+02   1.0000000e+00
  -9.9924341e+01  -1.8607392e+02   1.0000000e+00
  -2.4886513e+02   8.9468663e+01   1.0000000e+00
  -3.0905038e+02  -2.1339145e+02   1.7000000e+00
  -1.7781162e+02  -5.7887880e+01   1.0000000e+00
  -1.4174824e+01   3.3952800e+01   1.0000000e+00
  -2.2685354e+02  -3.8284717e+02   2.0000000e+00
  -4.0800457e+02  -1.3347845e+02   2.0000000e+00
   3.5492671e+02  -4.5637090e+01   2.0000000e+00
  -3.1741409e+02  -9.5063378e+01   1.0000000e+00
  -2.2682521e+02   4.9952441e+00   1.0000000e+00
   2.6404884e+02  -1.4285196e+02   2.0000000e+00
  -2.8109704e+02   5.8709814e+00   1.0000000e+00
  -1.5460385e+02  -3.1283227e+01   1.0000000e+00
   3.3772695e+02   3.5275148e+02   2.0000000e+00
  -1.5616755e+01   8.7192787e+01   1.0000000e+00
   1.2450765e+02   1.0056055e+02   1.0000000e+00
   2.8431420e+02  -1.5447864e+02   1.0000000e+00
  -8.8678381e+01   2.4896957e+02   1.0000000e+00
   2.8081324e+02  -1.1809771e+02   2.0000000e+00
   1.9889133e+01  -3.1398906e+02   2.0000000e+00
   1.0546353e+02  -2.1208878e+02   1.0000000e+00
  -5.4891611e+01  -4.6950029e+01   1.3000000e+00
  -4.0159885e+02  -1.7558021e+02   2.0000000e+00
   1.8207514e+02   1.3214731e+01   1.0000000e+00
  -9.0946825e+01  -2.3588473e+02   1.0000000e+00
   2.9234479e+02   1.1391793e+02   1.0000000e+00
  -6.6256843e+01   3.4312491e+02   2.0000000e+00
   3.1872179e+02   2.9078176e+02   1.0000000e+00
   2.3504938e+02  -1.4199575e+02   1.0000000e+00
   3.6155764e+02   2.2308784e+02   1.0000000e+00
   3.5938544e+02   6.8404391e+01   1.0000000e+00
  -3.5663156e+01  -3.5065419e+01   1.0000000e+00
   1.8649405e+02   1.4165549e+01   1.0000000e+00
  -2.0422653e+02  -4.8655353e+01   1.0000000e+00
   2.6551616e+02   1.0202158e+02   1.0000000e+00
   2.3033219e+02  -1.9648511e+02   1.0000000e+00
  -1.0425691e+02  -2.4627193e+02   1.0000000e+00
   8.4791240e+01   2.1996297e+02   1.0000000e+00
   1.0975691e+02   6.4906180e+00   1.0000000e+00
   3.1767872e+01   2.2930302e+02   1.0000000e+00
  -9.3293934e+01  -9.5207066e+01   1.0000000e+00
  -7.6107053e+01  -6.4917327e+01   1.0000000e+00
   3.0055057e+02  -1.8668587e+02   1.0000000e+00
   2.2911276e+00  -1.1292659e+01   1.0000000e+00
  -1.2949226e+02  -9.3518718e+01   1.0000000e+00
  -3.4618174e+02   2.2306000e+01   1.0000000e+00
   2.8395671e+02  -1.9170577e+02   1.0000000e+00
   6.2364446e+01   3.4102722e+02   1.0000000e+00
  -2.5696268e+02  -1.5823114e+02   1.0000000e+00
   9.5847656e+01  -2.8166227e+02   2.0000000e+00
   6.1062792e+01  -2.8382218e+02   2.0000000e+00
  -2.2553955e+02  -3.6246121e+02   2.0000000e+00
   3.9322062e+02  -3.3446853e+02   2.0000000e+00
  -3.6747163e+02  -3.7714259e+02   2.0000000e+00
   1.9967384e+02   1.3316034e+02   1.0000000e+00
  -3.7846432e+02  -3.9452421e+02   2.0000000e+00
   2.1656148e+01  -1.9142704e+02   1.0000000e+00
   2.8819420e+02   3.1679283e+02   1.0000000e+00
  -1.3552884e+02  -8.2888263e+01   1.0000000e+00
  -2.5989087e+02  -1.8981092e+02   1.0000000e+00
  -3.5037088e+02  -5.0255852e+01   2.0000000e+00
   2.0089960e+02   7.4394513e+01   1.0000000e+00
  -2.6205630e+01   2.1401198e+02   1.0000000e+00
  -6.5582667e+01  -1.7212002e+02   1.0000000e+00
   6.9514746e+01   6.5189049e+00   2.0000000e+00
  -9.4752315e+01  -2.8625230e+02   2.0000000e+00
  -2.9864276e+02   1.9151001e+01   1.0000000e+00
  -1.9440983e+02  -1.5750812e+02   1.0000000e+00
  -6.4629977e+00  -1.1527261e+02   1.0000000e+00
   3.4384603e+02   9.5749893e+01   2.0000000e+00
   2.1246660e+02   3.6318560e+02   2.0000000e+00
   1.4857177e+02   1.0395765e+02   1.0000000e+00
   1.6461724e+02  -8.7066769e+01   1.0000000e+00
   4.4890965e+01   2.6027674e+02   1.0000000e+00
  -2.4230320e+02  -5.8209329e-01   2.0000000e+00
   1.9681815e+02   2.7038220e+01   1.0000000e+00
   3.4270963e+02   3.4790065e+02   2.0000000e+00
   1.1661905e+02   2.3168335e+02   1.0000000e+00
  -1.0790871e+02   2.0715849e+02   1.0000000e+00
   2.2288398e+02  -3.1115846e+02   1.0000000e+00
  -1.8972181e+02   1.1656095e+02   1.0000000e+00
  -2.7704636e+02   2.6357477e+02   2.0000000e+00
   9.3066677e+01   1.8112662e+02   1.0000000e+00
   3.3541349e+02  -2.3664467e+01   1.0000000e+00
   1.9077147e+01   1.2850755e+02   1.0000000e+00
   2.4512224e+02   4.1745602e+01   1.0000000e+00
   3.5708421e+02   8.5910267e+01   1.0000000e+00
   8.5564693e+01  -2.6801692e+02   2.0000000e+00
  -3.0776725e+02   3.6896181e+02   2.0000000e+00
  -1.0437955e+01  -2.5601699e+02   1.0000000e+00
  -2.7367596e+02   1.1201679e+02   1.0000000e+00
   1.1505050e+02  -1.5586624e+02   1.0000000e+00
   6.1746889e+01   2.9277333e+02   1.0000000e+00
  -1.4368428e+02  -2.9422957e+02   1.0000000e+00
  -1.6658514e+02   3.5602233e+02   2.0000000e+00
  -4.8656232e+01   3.8749372e+02   2.0000000e+00
  -1.5111911e+02   9.6168642e+01   1.0000000e+00
  -4.2971637e+02   2.7105952e+02   2.0000000e+00
   2.8150781e+02   8.6674614e+01   1.0000000e+00
   1.3978816e+02   1.0783626e+02   1.0000000e+00
  -1.1377396e+02  -8.7620680e+01   1.0000000e+00
   1.9165016e+02  -1.7115791e+02   1.0000000e+00
   5.5621035e+00   3.2568089e+02   2.0000000e+00
  -2.6576139e+02  -6.4059821e+01   1.0000000e+00
  -1.5327242e+02   4.7802236e+01   1.0000000e+00
  -1.2124977e+02  -6.7693615e+01   2.0000000e+00
   6.9550216e+01   2.8996507e+02   2.0000000e+00
   1.9188648e+02   1.9568048e+02   1.0000000e+00
  -2.0460670e+02  -1.1799849e+02   1.0000000e+00
   3.5571786e+01   2.6033389e+02   1.0000000e+00
   1.6497554e+02  -1.9583483e+01   1.0000000e+00
   1.9237471e+01   3.3155623e+02   1.0000000e+00
  -2.9099239e+02  -1.9106958e+02   1.0000000e+00
   2.2371223e+02  -2.3703264e+02   1.0000000e+00
  -3.3799365e+02  -6.9410625e+01   1.0000000e+00
   3.5988633e+02   2.5911287e+02   1.0000000e+00
   2.5254499e+02   2.7629032e+02   1.0000000e+00
   2.6622908e+02  -1.4912229e+02   2.0000000e+00
   2.0458244e+02   1.3354988e+02   1.0000000e+00
  -3.9820755e+02  -3.3607865e+02   2.0000000e+00
  -2.4814125e+01   1.1445447e+02   1.0000000e+00
  -2.7102750e+01  -2.2507295e+00   1.0000000e+00
   4.2542029e+01   1.4169043e+02   1.0000000e+00
  -7.1345770e+01  -1.3420860e+02   1.0000000e+00
   2.0750130e+00   4.3230713e+01   2.0000000e+00
   1.4789678e+02  -1.6106318e+02   1.0000000e+00
   1.3132498e+02  -3.2920759e+02   1.0000000e+00
   1.6335347e+02  -2.8984434e+02   1.0000000e+00
  -1.1930868e+02   1.1403821e+01   1.0000000e+00
   1.1218681e+02  -2.3396858e+02   1.0000000e+00
   2.7786895e+02   3.1248418e+02   2.0000000e+00
   2.0828887e+02   2.8518086e+02   1.0000000e+00
  -1.7390420e+01  -2.6370983e+02   1.0000000e+00
  -2.5047594e+02   1.6395157e+02   1.0000000e+00
  -1.2200335e+02   2.4362314e+01   1.3000000e+00
   1.8387485e+02   1.8759972e+02   1.0000000e+00
  -7.5672124e+01   6.1353818e+01   1.0000000e+00
  -7.8767037e+01  -1.4527073e+02   1.0000000e+00
  -2.2001660e+02   5.5394956e+01   1.0000000e+00
   1.4942674e+02   5.8491676e+01   1.0000000e+00
   2.6612271e+01  -2.5826329e+02   1.0000000e+00
   3.9172636e+02  -1.8925675e+02   2.0000000e+00
   1.0230951e+02  -1.8456715e+02   1.0000000e+00
  -3.0512911e+02   1.9426875e+02   2.0000000e+00
  -5.9875686e+01   2.8735299e+02   2.0000000e+00
  -2.9535932e+02   1.8084435e+02   2.0000000e+00
  -2.6995980e+02   4.3305726e+00   1.0000000e+00
  -2.9450602e+02   6.9315379e+01   1.0000000e+00
   1.5949039e+02   1.8465913e+02   1.0000000e+00
  -2.8261556e+02   3.3616360e+02   2.0000000e+00
   2.3717144e+02   9.7792110e+01   1.0000000e+00
   2.4193254e+02  -2.4068895e+02   1.0000000e+00
   1.1199772e+02  -5.3766949e+00   2.0000000e+00
   1.6644751e+02   1.4835022e+02   1.0000000e+00
   2.3397666e+02   3.0196599e+02   1.0000000e+00
   4.2803281e+01   2.5975548e+02   2.0000000e+00
   3.7920923e+02   5.3358852e+01   1.0000000e+00
   9.0409108e+00   3.9757293e+01   1.0000000e+00
   3.4494247e+02   4.0310391e+02   2.0000000e+00
   3.0899400e+02   1.1450481e+02   1.0000000e+00
  -2.9766963e+02  -3.7046685e+02   2.0000000e+00
  -4.2646074e+02  -1.7908317e+02   2.0000000e+00
  -3.1832966e+02  -2.9894850e+02   2.0000000e+00
   3.2145227e+02  -1.9239170e+02   2.0000000e+00
   2.8450581e+02   3.1505496e+02   1.0000000e+00
  -2.9067559e+02  -2.3677532e+02   2.0000000e+00
  -1.0799174e+02  -2.3824481e+02   1.0000000e+00
  -1.8450768e+02  -6.5422527e+01   1.0000000e+00
   1.2643168e+02   3.7015076e+02   1.0000000e+00
   2.5114768e+02  -2.8247456e+02   1.0000000e+00
   1.9135571e+02  -1.5232184e+02   1.0000000e+00
   3.0728096e+02  -3.1948357e+02   2.0000000e+00
  -1.0405779e+02   2.2050696e+02   1.0000000e+00
   1.2033332e+02   5.5893200e+01   1.0000000e+00
   1.0426927e+02  -3.6250518e+02   2.0000000e+00
   3.8223843e+02  -2.4960558e+02   2.0000000e+00
   3.8064301e+01   1.9767378e+02   1.0000000e+00
  -3.1354271e+02   2.8261399e+01   2.0000000e+00
  -1.0852664e+02   1.4813107e+01   1.0000000e+00
   2.2669227e+02   2.7220738e+02   1.0000000e+00
  -9.1244025e+01  -2.6488322e+02   1.0000000e+00
   1.4569004e+02  -2.8286468e+02   1.0000000e+00
  -2.4629574e+02  -3.5129771e+01   1.0000000e+00
  -1.4148262e+01  -3.1779377e+02   1.0000000e+00
   7.3559892e+01  -9.5553448e+01   2.0000000e+00
  -3.6852129e+02  -1.4903141e+02   2.0000000e+00
   1.9841333e+02  -1.9044239e+02   1.0000000e+00
   1.9529319e+02   1.5850593e+02   1.0000000e+00
  -1.6357856e+02   1.8189326e+02   1.0000000e+00
  -3.8997712e+02  -3.6261149e+02   2.0000000e+00
   3.2079292e+02   7.0754943e+01   1.0000000e+00
  -6.1385581e+00   2.9532687e+02   2.0000000e+00
  -1.9655042e+02  -1.3644541e+02   2.0000000e+00
  -3.2999085e+02   3.5066542e+02   2.0000000e+00
  -3.9407706e+02  -2.8183733e+02   2.0000000e+00
   8.9801304e+01  -1.6303628e+02   1.0000000e+00
  -1.5293637e+01  -2.5507711e+02   1.0000000e+00
   7.2637563e+01   3.4850836e+02   1.0000000e+00
   1.5316623e+02   3.6172615e+02   1.0000000e+00
   2.5006770e+02  -2.0293826e+02   1.0000000e+00
  -1.3862341e+02   1.8651809e+02   1.0000000e+00
   2.8944323e+02  -3.0165753e+02   1.0000000e+00
  -3.8986978e+02   2.8780339e+02   2.0000000e+00
  -2.6090533e+02   2.5654844e+02   2.0000000e+00
   5.7864981e+01   1.0332007e+02   2.0000000e+00
  -2.4914580e+02  -1.5681186e+02   1.0000000e+00
  -3.3660812e+02  -1.1674695e+02   1.0000000e+00
   2.9956442e+01   1.8197820e+02   1.0000000e+00
   1.3165400e+02  -4.2367193e+02   2.0000000e+00
   2.4757712e+01   2.7004497e+02   1.0000000e+00
  -4.2075175e+02   3.3609721e+02   2.0000000e+00
   8.4266938e+01   1.5082782e+02   1.0000000e+00
   2.2991531e+02  -1.5014006e+02   1.0000000e+00
   1.3140338e+02  -6.0984603e+01   1.0000000e+00
   1.3493998e+01  -9.5370855e+01   1.0000000e+00
  -1.7027313e+02   1.8920834e+02   1.0000000e+00
   2.7481564e+02  -8.6376295e+01   1.0000000e+00
   1.9008123e+02   2.4496727e+02   1.0000000e+00
   1.3065482e+02   1.6954025e+02   1.0000000e+00
   6.1086271e+01  -2.2749186e+02   1.0000000e+00
  -2.0215327e+01   1.3153516e+02   1.0000000e+00
  -2.6584043e+02  -1.8238219e+02   1.0000000e+00
   2.2411455e+02   1.4175557e+02   1.0000000e+00
   2.2433596e+02   3.0288491e+02   1.0000000e+00
   1.3030537e+00  -1.5599250e+02   1.0000000e+00
  -3.4784380e+01   3.1669173e+02   2.0000000e+00
  -5.1320069e+01  -2.7655393e+02   2.0000000e+00
   4.3166154e+01   3.2553644e+02   1.0000000e+00
  -2.7441181e+02  -2.1755652e+02   1.0000000e+00
  -1.8630273e+02  -9.7696771e+01   1.0000000e+00
  -2.1842211e+02   8.7283635e+01   1.0000000e+00
   2.3391806e+02  -1.0187793e+02   1.0000000e+00
   9.4649062e+01   1.1083174e+02   1.0000000e+00
  -2.7784332e+02   5.3205268e+01   1.0000000e+00
   1.3961728e+02   7.7438481e+01   1.0000000e+00
   5.3577291e+01   3.2941718e+02   2.0000000e+00
   2.3995387e+02   2.7307354e+02   1.0000000e+00
   2.1431771e+02  -9.4463797e+00   1.0000000e+00
   1.4617816e+02   3.6336490e+02   1.0000000e+00
  -3.4846533e+02   3.2358188e+02   2.0000000e+00
   1.7055251e+01   1.2577507e+02   1.0000000e+00
  -1.1301681e+02   2.0328083e+01   1.0000000e+00
   1.4412328e+02  -4.0196081e+02   2.0000000e+00
   6.9307663e+01  -2.4442638e+02   1.0000000e+00
  -4.0562275e+02  -3.5998439e+02   2.0000000e+00
   2.6135459e+01   2.6527249e+01   1.0000000e+00
  -1.6566705e+02  -1.2891459e+02   1.0000000e+00
   2.9292483e+02   3.7983803e+02   2.0000000e+00
  -3.5383559e+02   3.1430364e+02   2.0000000e+00
  -1.1721255e+02  -3.2789484e+02   1.0000000e+00
  -8.1747291e+01   2.0086875e+02   1.0000000e+00
  -1.1802180e+02  -6.9449006e+01   1.0000000e+00
   3.0952820e+02  -1.2426828e+02   1.0000000e+00
  -5.0617517e+01   9.0597198e+01   1.0000000e+00
  -2.5875579e+02   5.8502627e+01   1.0000000e+00
  -3.0427583e+01   1.5004391e+02   1.0000000e+00
  -3.6845470e+02  -3.6471455e+02   2.0000000e+00
   1.8541937e+02   3.3182080e+01   1.0000000e+00
  -3.2980809e+02   7.5416033e+00   1.0000000e+00
   7.6821640e+01  -1.9227589e+02   1.0000000e+00
   8.7016551e+01  -1.8617133e+02   1.0000000e+00
   1.8784732e+01  -1.0413087e+02   1.0000000e+00
  -8.4641776e+01  -3.0094426e+01   1.0000000e+00
   3.4349640e+02   3.0005864e+02   1.0000000e+00
  -2.3898722e+02  -2.4802234e+01   1.0000000e+00
   1.4872909e+02   3.2721508e+02   1.0000000e+00
  -3.0998689e+02  -3.9227824e+02   2.0000000e+00
   1.4388319e+02   3.2837836e+02   1.0000000e+00
   3.5459987e+02   2.5638236e+02   1.0000000e+00
   3.0462314e+02   3.7862048e+02   2.0000000e+00
  -1.9190522e+02  -1.7110719e+02   1.0000000e+00
  -1.4063160e+02  -9.2706887e+01   1.0000000e+00
   3.0828202e+02  -3.0192391e+02   1.0000000e+00
   1.3550587e+02   6.4063055e+01   1.0000000e+00
   2.5924236e+01  -3.5997085e+02   2.0000000e+00
  -1.6003390e+02   1.1927224e+02   2.0000000e+00
  -1.4734624e+02  -3.5521007e+02   1.0000000e+00
  -3.0829056e+02   2.3232490e+02   2.0000000e+00
  -6.5011128e+01   3.4049984e+02   2.0000000e+00
   2.7246915e+02  -1.5473433e+02   1.4000000e+00
   1.9115847e+01  -2.9366493e+02   2.0000000e+00
   4.0298313e+02  -1.8601413e+02   2.0000000e+00
  -2.5157383e+02  -2.8274064e+02   2.0000000e+00
  -2.1788741e+02  -3.3884043e+01   1.0000000e+00
  -1.7833110e+02   2.0897921e+02   1.0000000e+00
  -4.1544327e+01  -1.0172260e+02   1.0000000e+00
  -2.4554788e+02   8.6765185e+01   1.0000000e+00
   1.5943277e+01   6.3079362e+01   1.0000000e+00
   1.7110219e+01   2.3426663e+02   1.0000000e+00
  -5.8017214e+01  -2.8911745e+02   1.0000000e+00
   2.7121120e+02   3.0226734e+01   1.0000000e+00
   3.4852222e+02   2.4171272e+02   1.0000000e+00
   1.0905105e+02   2.1437623e+02   1.0000000e+00
   1.2552345e+02  -2.0597976e+02   1.0000000e+00
  -1.4537695e+00   2.1171030e+02   1.0000000e+00
   2.8571223e+02  -3.5191412e+02   1.0000000e+00
   2.1565755e+02   2.9613858e+00   1.0000000e+00
  -3.8879402e+02   1.8921676e+02   2.0000000e+00
  -1.8951472e+02  -1.2740270e+02   1.0000000e+00
   2.6406119e+01  -3.5626485e+02   2.0000000e+00
   1.5404499e+02  -3.4442704e+02   1.0000000e+00
  -1.6889151e+01   2.4984276e+01   1.0000000e+00
  -2.8654125e+02   1.5165704e-01   1.0000000e+00
  -4.6940082e+01  -5.0211269e+01   1.0000000e+00
   3.1970960e+02   4.7932104e+01   1.0000000e+00
   3.5221708e+02   1.7774598e+02   2.0000000e+00
   3.8596347e+01   2.2189330e+02   1.0000000e+00
   9.3113789e+01  -3.1252333e+02   2.0000000e+00
  -9.0147656e+01  -6.6923090e+01   1.0000000e+00
  -1.9761091e+02   1.4521878e+02   1.0000000e+00
   1.8112069e+02  -1.3937304e+02   1.0000000e+00
   1.4078753e+02   3.2917840e+02   1.0000000e+00
  -2.9946736e+02   2.7588181e+01   2.0000000e+00
   3.0015598e+02   8.2025376e+01   1.0000000e+00
  -6.0042062e+01   3.6506449e+01   1.0000000e+00
  -2.1295200e+02  -3.0898393e+02   2.0000000e+00
  -2.5338819e+02   2.7868478e+02   2.0000000e+00
  -1.2019322e+02   2.1579948e+02   1.0000000e+00
  -2.3250797e+02   7.1310242e+01   1.0000000e+00
   6.3833846e+00  -2.7382002e+02   1.0000000e+00
  -2.4581270e+02   1.5080829e+02   1.0000000e+00
  -1.2252367e+02   1.9443099e+02   1.0000000e+00
  -8.0266295e+01  -1.0247968e+02   1.0000000e+00
   2.2880265e+02   2.2187786e+02   1.0000000e+00
   1.6465973e+02  -1.3821364e+02   1.0000000e+00
  -1.3347212e+02   8.9426556e+01   1.0000000e+00
   1.9109016e+02  -2.8612461e+02   1.0000000e+00
  -2.4982333e+02  -3.9408434e+02   2.0000000e+00
  -3.7793753e+02   2.0218583e+02   2.0000000e+00
   1.4270411e+02   1.2746717e+02   1.0000000e+00
  -6.1071133e+01  -2.3154286e+02   1.0000000e+00
   2.1737139e+02   1.3055908e+00   1.0000000e+00
   2.5621248e+02   8.7390427e+01   1.0000000e+00
   1.1306868e+02  -3.9461272e+02   2.0000000e+00
  -3.0441281e+02   1.0961755e+02   1.0000000e+00
  -2.9903466e+02  -1.6776841e+02   1.0000000e+00
  -1.9978763e+02  -3.8404454e+02   2.0000000e+00
   5.3046894e+01  -1.1224761e+02   1.0000000e+00
   1.9397493e+02   1.3228241e+02   1.0000000e+00
  -1.1101339e+02   6.5358195e+01   1.0000000e+00
  -2.5748473e+02   2.9294797e+02   2.0000000e+00
   3.9208997e+02  -2.2529634e+02   2.0000000e+00
   1.8792553e+02   1.9511447e+02   1.0000000e+00
  -2.4419947e+02  -3.6086325e+02   2.0000000e+00
  -9.2425224e+01   1.0694936e+02   1.0000000e+00
   1.2705712e+02   3.4890236e+02   1.0000000e+00
   1.5132048e+02   8.7465477e+01   1.0000000e+00
   5.5273065e+00   2.4169173e+02   1.0000000e+00
  -1.3735266e+02   1.1054543e+02   1.0000000e+00
   3.0709054e+02  -1.5554754e+02   1.0000000e+00
  -9.3042417e+01   2.7554551e+02   1.0000000e+00
   9.6603829e+00   7.3338627e+01   1.0000000e+00
   2.5962379e+02   3.6386741e+02   2.0000000e+00
  -1.2100733e+02   1.7596612e+01   1.0000000e+00
  -1.2686349e+02   2.1267537e+02   1.0000000e+00
   1.5397890e+02  -1.8628480e+02   1.0000000e+00
   2.1129631e+02   3.6987305e+02   2.0000000e+00
   6.5221913e+01   1.4060029e+02   1.0000000e+00
  -3.3596514e+00  -3.5479067e+02   2.0000000e+00
   1.6628181e+02   1.4754319e+02   1.0000000e+00
  -2.2175559e+02  -1.3033295e+02   1.0000000e+00
  -2.1967130e+02  -1.6490124e+02   1.0000000e+00
   2.4438686e+02   3.7957100e+02   2.0000000e+00
   2.0683128e+02   8.5926382e+01   1.0000000e+00
   6.1855795e+01   2.4941597e+02   1.0000000e+00
   6.8282042e+01  -2.8422126e+02   2.0000000e+00
   1.5100821e+02   2.0279474e+02   1.0000000e+00
  -2.5680346e+02  -1.8638204e+02   1.0000000e+00
   1.4599854e+02   1.6199127e+02   1.0000000e+00
  -3.2010707e+02  -2.0966350e+02   2.0000000e+00
  -6.4197062e+01  -3.3495451e+02   1.0000000e+00
   2.1169760e+02  -1.5660662e+02   1.0000000e+00
  -5.5733452e+01   1.5421832e+01   2.0000000e+00
  -2.2788482e+02  -1.0152716e+02   1.0000000e+00
   1.5008843e+02  -1.9757746e+02   1.0000000e+00
   1.0351814e+02  -3.5140599e+02   1.0000000e+00
   1.8527784e+02   7.0899894e+01   1.0000000e+00
   7.8604975e+01   7.5747804e+01   2.0000000e+00
   3.6575838e+02   4.2639140e+01   1.0000000e+00
  -3.5368754e+01  -2.7464771e+02   1.0000000e+00
   1.4480168e+02  -2.0872362e+02   1.0000000e+00
  -1.4125764e+02   6.2909473e+01   1.5000000e+00
  -1.2315697e+02   1.6113388e+02   1.0000000e+00
   2.0762842e+01  -1.3646234e+02   1.0000000e+00
   1.7564408e+02   1.1105143e+02   1.0000000e+00
  -7.6827511e+01  -1.9502164e+02   1.0000000e+00
  -2.5629691e+01  -2.7271444e+02   1.0000000e+00
   3.3620292e+02  -1.2659530e+02   1.0000000e+00
   1.6564440e+02   3.1515008e+02   1.0000000e+00
  -2.0225781e+02  -4.1006735e+00   1.0000000e+00
  -3.2446783e+02   3.8953815e+02   2.0000000e+00
  -2.3197149e+02  -4.6438591e+01   1.0000000e+00
   3.2112505e+02  -1.0887596e+02   1.0000000e+00
  -3.7435387e+01   9.4006419e+01   1.0000000e+00
   2.1971210e+02   2.3599524e+02   1.0000000e+00
   2.5925377e+02  -1.0933410e+02   1.0000000e+00
   2.2662533e+02  -2.0452162e+02   1.0000000e+00
   2.7713633e+01   2.3995456e+02   2.0000000e+00
  -2.1678610e+02  -3.0858208e-01   1.0000000e+00
  -3.6121220e+01   3.7568068e+02   2.0000000e+00
  -2.9014187e+02  -1.8040849e+02   1.0000000e+00
  -3.5473546e+02  -7.7564204e+01   2.0000000e+00
   2.7186955e+02   3.1466787e+02   1.0000000e+00
   5.5001169e+01  -3.9973694e+01   1.0000000e+00
   9.8508445e+01  -1.1575413e+02   1.0000000e+00
   3.2105181e+02   2.1518891e+02   1.0000000e+00
   3.0726577e+02  -1.2430721e+02   1.0000000e+00
   2.7317455e+01  -2.7073898e+02   1.0000000e+00
   1.4778491e+02   1.9963914e+02   1.0000000e+00
  -2.9003193e+02   1.2403116e+02   1.0000000e+00
   3.4896067e+02   2.0093566e+02   1.0000000e+00
  -1.3420917e+02  -2.9397933e+02   1.0000000e+00
  -3.2059236e+02   2.8030462e+02   2.0000000e+00
   1.1111574e+02  -2.6492130e+02   1.0000000e+00
   1.4007469e+02   5.3574714e+01   1.0000000e+00
  -1.7534440e+02  -1.1559167e+02   1.0000000e+00
   3.6346601e+01   2.6566970e+02   2.0000000e+00
   1.1893577e+02  -1.0923010e+01   1.0000000e+00
   2.0388610e+02   2.4655048e+02   1.0000000e+00
   1.2261884e+02   2.9185161e+02   1.0000000e+00
  -2.7172185e+02  -2.3074451e+02   1.0000000e+00
  -3.3524030e+02  -2.9971063e+02   2.0000000e+00
  -4.0094925e+00  -3.2277441e+02   1.0000000e+00
  -3.0724943e+01  -2.9429332e+02   2.0000000e+00
  -4.0313643e+01  -2.4077373e+02   1.0000000e+00
  -7.8247482e+01  -6.9529500e+01   1.0000000e+00
   1.9882910e+01   3.3341374e+02   1.0000000e+00
  -3.1690592e+02   3.1835537e+02   2.0000000e+00
  -2.6593179e+02   6.3168109e+01   2.0000000e+00
  -2.5832734e+02   3.7760331e+02   2.0000000e+00
  -2.1550217e+01   1.6308128e+01   1.0000000e+00
  -3.1463357e+02   2.3497159e+02   2.0000000e+00
  -3.8086117e+02   1.7413548e+01   2.0000000e+00
   3.1206715e+02  -4.3652043e+01   1.0000000e+00
   3.3895378e+02  -3.2037682e+01   1.0000000e+00
  -3.4275211e+01   2.1887184e+02   1.0000000e+00
   5.6873973e+01  -5.4086433e+01   1.0000000e+00
   2.8271396e+02   3.9292212e+01   1.0000000e+00
  -2.1285958e+02   1.0870140e+02   1.0000000e+00
  -1.4166495e+02  -3.0627450e+02   2.0000000e+00
  -1.6610847e+02   1.2826406e+02   1.0000000e+00
  -3.1343734e+02   2.0457430e+02   2.0000000e+00
  -1.5084828e+02   1.3983435e+01   1.0000000e+00
  -1.3814329e+01  -2.0592142e+02   1.0000000e+00
  -4.2692418e+02  -2.0571083e+02   2.0000000e+00
  -3.0164539e+01   1.6457577e+02   1.0000000e+00
  -1.7317413e+02   1.5943846e+02   1.0000000e+00
   1.8289110e+02   1.4638666e+02   1.0000000e+00
  -1.6647976e+02  -1.6991348e+02   2.0000000e+00
  -4.6358137e+01  -3.0860804e+02   2.0000000e+00
   3.2686697e+02  -2.3354192e+02   1.0000000e+00
  -2.1596950e+02  -1.5210926e+02   1.0000000e+00
   2.5287114e+02  -3.5275714e+01   1.0000000e+00
   2.7618355e+02   1.0853455e+02   1.0000000e+00
   2.3432986e+02   1.2632609e+02   1.0000000e+00
   5.1534382e+01   3.4709334e+02   1.0000000e+00
  -1.5490503e+02  -3.2044468e+02   2.0000000e+00
   1.3453890e+02  -3.5538479e+02   1.0000000e+00
  -1.5513352e+02  -1.5489044e+02   1.0000000e+00
  -1.2839842e+02   1.5958642e+02   1.0000000e+00
  -9.4024795e+01  -3.6077175e+01   1.0000000e+00
   2.5855476e+02   3.3576374e+02   2.0000000e+00
   1.9754313e+02  -2.7566201e+02   1.0000000e+00
  -2.9434973e+02   1.4344956e+02   1.0000000e+00
   4.5061134e+01  -3.7311871e+02   2.0000000e+00
  -8.1621934e+01  -1.8845038e+02   1.0000000e+00
  -2.0612726e+02  -1.9638414e+02   1.0000000e+00
   2.2836433e+02   3.2056355e+02   1.0000000e+00
   1.2376347e+02  -1.5348739e+02   1.0000000e+00
  -1.3125594e+02  -8.2142605e+01   1.0000000e+00
   3.5299687e+01   2.0376010e+02   1.0000000e+00
  -1.5363099e+02   3.3724210e+02   2.0000000e+00
  -1.5791207e+01  -2.3912279e+02   1.0000000e+00
   3.2867053e+01   1.6026662e+02   1.0000000e+00
   1.3562579e+02  -2.3297647e+02   1.0000000e+00
   2.2098771e+02   5.8525425e-01   1.0000000e+00
   1.2971861e+02   3.6673954e+02   1.0000000e+00
  -2.7410761e+02   6.1286618e+01   1.0000000e+00
   1.7026788e+02   6.3329291e+01   1.0000000e+00
  -2.2147303e+02  -1.2505889e+02   2.0000000e+00
   1.4195685e+02  -2.1600651e+02   1.0000000e+00
   9.1652062e+01   1.0852392e+02   1.0000000e+00
   3.4451110e+02  -3.4997860e+02   1.9000000e+00
  -1.9373633e+02  -3.5375975e+01   1.0000000e+00
  -3.2709511e+02  -1.9993434e+02   2.0000000e+00
   1.0799224e+02  -2.8480454e+02   1.0000000e+00
  -4.0389833e+02   3.9530341e+02   2.0000000e+00
  -3.4727851e+02   3.0498594e+02   2.0000000e+00
   5.3970567e+01  -9.1103762e+01   1.0000000e+00
   1.0059422e+02   3.6190740e+02   1.0000000e+00
   1.6509711e+02  -5.7470583e+01   1.0000000e+00
  -1.6104319e+02   2.2181171e+02   1.0000000e+00
   2.4754313e+02  -1.2334887e+02   1.0000000e+00
  -2.3865187e+01  -3.0169069e+02   2.0000000e+00
  -2.4128073e+02  -1.5211331e+02   1.0000000e+00
   7.8903290e+01  -3.9246150e+02   2.0000000e+00
  -2.6502730e+02   1.8524015e+02   1.0000000e+00
  -2.9914942e+02   3.4504358e+02   2.0000000e+00
   1.7341788e+02  -2.6047725e+02   1.0000000e+00
  -3.5012665e+02   6.8350038e+01   1.0000000e+00
   3.3997589e+02   3.0889972e+02   1.0000000e+00
  -1.3460360e+02  -3.2190692e+02   2.0000000e+00
   3.2671330e+02   8.3450075e+01   1.0000000e+00
   1.7373548e+02   3.2415816e+01   1.0000000e+00
  -5.2770948e+01  -3.7243340e+01   1.0000000e+00
  -2.3965540e+02  -1.9636613e+02   1.0000000e+00
  -1.1185554e+02  -2.9365119e+00   1.0000000e+00
   3.7274178e+02  -1.8374790e+02   2.0000000e+00
   2.2456845e+01  -3.7779768e+02   2.0000000e+00
   1.2631158e+02   1.0626982e+02   1.0000000e+00
  -3.1852589e+02  -3.4053827e+02   2.0000000e+00
  -4.3958621e+01   2.9748637e+02   2.0000000e+00
   2.2919690e+02   1.0903755e+02   1.0000000e+00
   1.3597439e+02  -2.5637832e+02   1.0000000e+00
   3.7034509e+01   1.4790438e+02   1.0000000e+00
   2.7697624e+01   1.8505750e+02   1.0000000e+00
  -1.1053326e+02  -2.1187807e+02   1.0000000e+00
   3.6546352e+02  -3.4829571e+02   2.0000000e+00
  -1.9131486e+02   8.6503990e+01   1.0000000e+00
  -2.4211852e+02   2.0358087e+02   1.0000000e+00
  -3.0249981e+02   1.9502986e+02   2.0000000e+00
  -2.1562455e+02   1.5184221e+02   1.0000000e+00
   2.5760728e+02  -1.1988144e+02   1.0000000e+00
  -7.6509123e+01   2.9949241e+00   1.0000000e+00
   1.2974374e+01   3.5522341e+02   2.0000000e+00
   1.4833454e+02  -1.6237134e+02   1.0000000e+00
   1.0604272e+02  -1.0050482e+02   1.0000000e+00
  -1.5000239e+02   2.4356999e+02   1.0000000e+00
   6.8132472e+01  -4.3364904e+02   2.0000000e+00
   2.4324406e+02  -2.0916095e+02   1.0000000e+00
  -1.1751301e+02   2.6921650e+02   1.0000000e+00
   7.5073479e+01  -2.2545363e+02   1.0000000e+00
   9.6546793e+01   1.4952191e+02   1.0000000e+00
  -4.4570142e+01  -2.9329185e+02   1.0000000e+00
   9.1483703e+01  -2.3353855e+02   1.0000000e+00
   8.7834559e+01  -1.8024103e+02   1.0000000e+00
  -1.8380825e+02   2.5065207e+01   1.0000000e+00
   4.0412719e+01  -7.2591113e+01   1.0000000e+00
  -2.9191573e+02   1.1638053e+02   1.0000000e+00
   1.1624940e+02   1.1435142e+01   1.0000000e+00
  -2.7618157e+02   1.1914656e+01   1.0000000e+00
  -3.5624157e+02  -2.5007525e+02   2.0000000e+00
   3.0199965e+02   7.7855927e+01   1.0000000e+00
   2.2739398e+02   2.6661004e+02   1.0000000e+00
   9.1230187e+01   3.0185038e+02   1.0000000e+00
   1.5033556e+02  -3.5664579e+02   2.0000000e+00
  -1.4708980e+01   2.9879086e+02   2.0000000e+00
   2.6632216e+02   3.0625814e+02   2.0000000e+00
   1.5392913e+02  -1.6657961e+02   1.0000000e+00
  -1.2968494e+02   6.2078282e+01   1.0000000e+00
   1.3277256e+02   1.4970655e+02   1.0000000e+00
  -1.0693525e+02  -4.6893049e+01   1.0000000e+00
   2.1878260e+02   2.3443048e+02   1.0000000e+00
   2.1988488e+02  -9.3541644e+01   1.0000000e+00
  -1.7914837e+02  -2.3390166e+02   1.0000000e+00
  -3.3434610e+02   3.8612107e+02   2.0000000e+00
  -3.0499443e+02  -2.2091872e+02   1.0000000e+00
  -1.5443831e+02   2.9789690e+01   1.0000000e+00
   5.5654188e+01  -7.6996321e+01   2.0000000e+00
   3.3537582e+02  -1.8579062e+02   2.0000000e+00
   2.4947349e+02  -1.2016951e+02   1.0000000e+00
  -3.9460169e+02  -1.7487281e+02   2.0000000e+00
   2.7325611e+02  -2.7189656e+02   2.0000000e+00
  -1.0726400e+02  -2.4448956e+02   1.0000000e+00
  -3.5803059e+01   1.5747369e+02   1.0000000e+00
   9.8820185e+01   3.4137114e+00   1.0000000e+00
   6.9424077e+01  -1.6725227e+02   1.0000000e+00
   1.1315675e+02  -2.7267087e+02   1.0000000e+00
  -1.4682012e+02   4.8160296e+01   1.0000000e+00
  -1.7103978e+02   2.6482515e+02   1.0000000e+00
  -1.5823455e+02  -7.0544129e+01   2.0000000e+00
  -1.7935568e+02  -3.5020343e+02   2.0000000e+00
   2.8083367e+02  -8.8151974e+01   2.0000000e+00
   2.9628950e+01   2.4245253e+02   2.0000000e+00
  -2.0023864e+02  -1.1668781e+02   1.0000000e+00
   1.0093374e+02  -1.3724237e+02   1.0000000e+00
   4.5759108e+01  -3.2078291e+01   1.0000000e+00
   3.6154775e+02  -1.1830721e+00   1.0000000e+00
  -1.7984491e+02  -3.8725483e+02   2.0000000e+00
  -2.7099497e+02  -6.7027008e+01   1.0000000e+00
   2.3999178e+02   3.8226574e+02   2.0000000e+00
  -2.5170583e+02   1.4882707e+00   2.0000000e+00
   3.1693844e+02  -2.9137729e+02   1.0000000e+00
   3.4558596e+02  -2.9087953e+02   2.0000000e+00
   3.9799210e+00   6.6618228e+01   2.0000000e+00
   2.5851502e+00   3.5788373e+02   2.0000000e+00
   2.1688032e+01   9.5097314e+01   1.0000000e+00
   5.6380044e+01  -3.5839509e+01   1.0000000e+00
   3.2421236e+02  -1.2070861e+01   1.0000000e+00
   3.3033668e+02  -7.4204199e+01   1.0000000e+00
   1.4765537e+02  -1.5144815e+02   1.0000000e+00
   3.2517971e+00  -9.1546535e+01   1.0000000e+00
  -3.6953506e+02  -1.1850400e+02   2.0000000e+00
  -1.8005285e+02  -2.3130683e+01   1.0000000e+00
   3.9638243e+02  -2.5797459e+02   2.0000000e+00
   7.4879252e+01   1.7924200e+02   1.0000000e+00
   3.3059491e+02  -3.3953425e+02   2.0000000e+00
   2.9799798e+02   7.7467836e+01   1.0000000e+00
  -2.5286410e+02  -3.9200043e+02   2.0000000e+00
  -2.9179245e+01  -1.7002697e+02   1.0000000e+00
   1.2215931e+02  -1.2049497e+02   1.0000000e+00
  -2.6436632e+02   3.7096037e+02   2.0000000e+00
   3.7597248e+02   3.2237542e+02   2.0000000e+00
  -1.6505912e+02   2.4429016e+01   1.0000000e+00
  -2.9176085e+02  -3.9492407e+02   2.0000000e+00
   1.0861771e+02   3.1080261e+02   1.0000000e+00
  -3.1161473e+02   2.0903979e+02   2.0000000e+00
  -2.2069580e+02   1.4351289e+02   1.0000000e+00
   5.3028476e+00   3.7012156e+02   2.0000000e+00
  -1.3283533e+02  -2.4170969e+01   1.0000000e+00
  -3.2595543e+02   3.7452601e+02   2.0000000e+00
  -2.7763175e+02  -2.6267804e+00   1.0000000e+00
   5.5310369e+01   1.3700657e+02   1.0000000e+00
  -1.6156855e+00   4.9058496e+01   1.0000000e+00
   1.0059146e+02  -1.9940936e+02   1.0000000e+00
  -1.1789049e+02   2.2151861e+01   1.0000000e+00
   3.1734079e+02  -1.7198590e+01   1.0000000e+00
   2.2806245e+02   1.0917770e+02   1.0000000e+00
   7.2310948e+01   3.4057367e+02   1.0000000e+00
   1.6417577e+02  -8.9399308e+01   1.0000000e+00
   1.8056856e+01   3.1230575e+02   1.0000000e+00
   1.8782733e+02   7.5312515e+01   1.0000000e+00
   6.4545487e+01  -2.2977027e+02   1.0000000e+00
   3.1562462e+02  -1.0470054e+02   1.0000000e+00
  -2.7280523e+02  -1.3636759e+02   1.0000000e+00
   1.0888095e+02   6.7985332e+01   1.0000000e+00
  -1.3207348e+01  -2.9873494e+02   2.0000000e+00
  -1.0583938e+02   1.3258417e+01   1.0000000e+00
  -1.3141642e+02   1.2491106e+02   1.0000000e+00
   1.0870001e+02  -2.4191358e+02   1.0000000e+00
  -1.8990543e+02   1.6841582e+02   1.0000000e+00
   1.9484376e+02   3.3841110e+02   1.0000000e+00
  -2.3169737e+02  -9.5095982e+01   1.0000000e+00
   1.3489735e+02   5.0677484e+01   1.0000000e+00
   2.7870857e+02  -7.2975499e+01   1.0000000e+00
   1.4684429e+02  -3.6150287e+02   1.0000000e+00
  -3.3796385e+02  -1.3873509e+02   2.0000000e+00
   1.6414271e+02  -1.4550911e+02   1.0000000e+00
  -7.9495191e+01  -1.7698113e+02   1.0000000e+00
  -3.2503484e+02   3.4920828e+01   2.0000000e+00
   4.5759575e+01  -1.2442208e+02   1.0000000e+00
  -2.2730689e+02  -2.3306522e+02   1.0000000e+00
   1.5453766e+01  -4.0465123e+02   2.0000000e+00
  -3.3028547e+02   2.0633982e+02   2.0000000e+00
   2.9806042e+02  -3.6412454e+02   1.0000000e+00
  -4.3100745e+02  -1.1683055e+02   2.0000000e+00
   2.5564608e+02   3.2328724e+02   1.0000000e+00
   1.1701807e+01   3.1090700e+02   2.0000000e+00
  -1.1395743e+02   7.4986490e+01   1.0000000e+00
  -3.1873105e+02   1.8587826e+02   1.0000000e+00
  -1.9836500e+02   1.5144622e+02   1.0000000e+00
  -2.9336946e+01  -7.1100844e+01   1.0000000e+00
   1.9979353e+02   2.3626119e+02   1.0000000e+00
  -1.7105909e+02  -3.3160416e+02   2.0000000e+00
   3.7765587e+02   1.9462243e+02   1.0000000e+00
  -1.4125981e+02  -8.1559398e+00   1.0000000e+00
   2.0419375e+02   1.8462524e+00   1.0000000e+00
   4.7280003e+01   1.4150035e+02   1.0000000e+00
  -5.6608914e+01  -3.4591464e+02   1.0000000e+00
  -1.1087127e+01   6.5076607e+00   1.0000000e+00
  -1.0980647e+02   1.6972007e+01   1.0000000e+00
   2.6938598e+02  -2.3585910e+02   1.0000000e+00
  -1.9985289e+02  -3.8474199e+02   2.0000000e+00
  -4.3021687e+01   4.0216802e+02   2.0000000e+00
  -4.0981321e+00   3.5947149e+02   2.0000000e+00
   3.5194233e+01  -2.5966054e+02   1.0000000e+00
  -4.2407293e+02   2.2732473e+02   2.0000000e+00
  -1.1656600e+02   2.8362156e+02   1.0000000e+00
   3.6447165e+01  -1.7076166e+02   1.0000000e+00
   1.0584007e+02  -1.0781415e+02   1.0000000e+00
   4.0099451e+01  -1.2355164e+02   2.0000000e+00
  -1.3292067e+02  -2.1153134e+02   2.0000000e+00
  -1.2688085e+02  -1.5389465e+02   1.0000000e+00
   1.2586673e+02   4.3562688e+01   1.0000000e+00
  -2.2518172e+02   2.3831923e+02   1.0000000e+00
   3.2221355e+02  -6.9332173e+01   1.0000000e+00
   8.1105963e+01  -7.8536520e+01   1.0000000e+00
   1.7833489e+01   3.0746603e+02   1.0000000e+00
   2.8728420e+02   1.4676983e+02   1.0000000e+00
   1.2826145e+02  -2.5350805e+02   1.0000000e+00
   2.4043275e+01   2.1029482e+02   1.0000000e+00
  -3.4911513e+02  -1.7108629e+02   2.0000000e+00
   5.1408368e+01  -2.8213393e+02   1.0000000e+00
  -2.8080968e+02   1.6253646e+02   1.0000000e+00
  -1.6440996e+02   1.1121681e+02   1.0000000e+00
   1.4278115e+02  -3.0186780e+02   2.0000000e+00
   3.0374756e+02   1.1372585e+02   1.0000000e+00
  -1.6883925e+02  -2.9139857e+02   1.0000000e+00
  -8.9279134e+01  -2.2535112e+02   2.0000000e+00
   2.2998429e+02   3.3977512e+02   1.0000000e+00
   2.2092037e+02   3.7074762e+02   2.0000000e+00
  -1.1302035e+01  -2.6583708e+02   1.0000000e+00
  -1.3417103e+02  -2.3340383e+02   1.0000000e+00
   1.6027172e+02   2.8801591e+02   1.0000000e+00
  -3.0072516e+02  -2.9866439e+02   2.0000000e+00
   1.0207635e+02  -3.6046649e+02   1.0000000e+00
  -9.2366810e+01  -5.6007822e+01   1.0000000e+00
  -2.3787810e+02  -1.3312550e+02   1.0000000e+00
   2.9533356e+02   4.2296478e+02   2.0000000e+00
  -5.7298598e+01  -2.7564198e+02   2.0000000e+00
  -2.3419541e+02   6.7997485e+01   2.0000000e+00
  -2.8567201e+02   1.8820480e+02   1.0000000e+00
   1.9817429e+02  -1.8363288e+02   1.0000000e+00
   2.4072741e+02   5.5653876e+01   1.0000000e+00
   6.1668958e+01   1.2333534e+02   2.0000000e+00
  -1.3961235e+02  -2.3270735e+02   1.0000000e+00
   2.1043143e+02   1.6707345e+02   1.0000000e+00
   1.2914251e+02  -3.2993523e+02   1.0000000e+00
   3.4634859e+02   2.2671639e+02   1.0000000e+00
  -1.2222845e+02   3.0953172e+02   2.0000000e+00
   2.3303516e+02   3.8145086e+02   2.0000000e+00
  -4.3859273e+01  -4.6922346e+01   1.0000000e+00
  -1.7094870e-01  -2.2464772e+02   1.0000000e+00
   4.0338850e+02  -3.7969493e+02   2.0000000e+00
   1.5986321e+02   1.4891636e+02   1.0000000e+00
   2.6230613e+01   1.5997385e+02   1.0000000e+00
   6.0362238e+01  -1.5814104e+02   1.0000000e+00
  -4.7416057e+01   1.3582233e+01   1.0000000e+00
  -4.6287336e+01   5.6685262e+01   1.0000000e+00
   3.2937993e+02  -3.4835149e+02   2.0000000e+00
   1.6743719e+02  -1.7642791e+02   1.0000000e+00
   3.0941454e+02  -2.3463815e+02   1.0000000e+00
   1.7379818e+02   3.7383071e+01   1.0000000e+00
   3.7224077e+02   3.2404828e+02   2.0000000e+00
  -8.7904504e+01   6.1270136e+01   1.0000000e+00
  -2.5735782e+02  -5.1838562e+01   1.0000000e+00
   1.1287884e+02   3.8470301e+01   1.0000000e+00
   3.0870345e+02  -1.9173732e+02   1.0000000e+00
   3.6270007e+01  -9.8861899e+01   2.0000000e+00
   3.1746086e+02  -1.7560727e+02   2.0000000e+00
   3.5468518e+02  -3.0082022e+02   2.0000000e+00
  -4.1936538e+02   2.1692577e+02   2.0000000e+00
   1.1397268e+02  -1.4246001e+02   1.0000000e+00
   3.2045623e+02  -7.9535933e+01   1.0000000e+00
   3.7347220e+02   9.4561292e+01   2.0000000e+00
   3.7253328e+02  -3.6636116e+02   2.0000000e+00
  -2.8252202e+02  -1.9343561e+02   1.0000000e+00
  -6.6625359e+01  -2.5944787e+02   1.0000000e+00
   2.6686161e+01  -1.0164848e+02   1.0000000e+00
  -1.0324148e+02  -2.6341102e+02   1.0000000e+00
  -3.0191503e+02   1.2454488e+01   1.0000000e+00
  -3.3131803e+02  -9.8160596e+01   2.0000000e+00
  -1.1826383e+01  -1.4701625e+02   1.0000000e+00
  -1.5497700e+02   2.3490004e+02   1.0000000e+00
  -1.4719433e+02   2.2368148e+02   1.0000000e+00
  -1.3793642e+02  -2.8189948e+02   1.0000000e+00
   1.0729638e+02   8.4279620e+01   1.0000000e+00
   1.6979855e+02  -1.2634405e+02   1.0000000e+00
  -1.2884679e+02  -3.0470353e+02   2.0000000e+00
   3.5084615e+02   1.0958195e+02   2.0000000e+00
  -5.2252531e+01   3.6147847e+02   2.0000000e+00
   1.5788910e+02  -1.8289233e+02   1.0000000e+00
  -2.4196845e+02  -1.6596228e+02   1.0000000e+00
  -1.1620047e+02   1.9615990e+02   1.0000000e+00
  -1.9801628e+02  -4.8540996e+01   1.0000000e+00
   2.1373008e+02  -2.0078216e+02   1.0000000e+00
  -1.5067473e+02   1.6775023e+02   1.0000000e+00
   2.1444499e+02   1.5608684e+02   1.0000000e+00
   1.1615621e+02   8.4450501e+01   1.0000000e+00
   4.9395144e+01   8.7878713e+01   1.0000000e+00
  -1.1119511e+02   2.3187732e+02   1.0000000e+00
   3.3680916e+01  -2.3188115e+02   1.0000000e+00
  -1.9923486e+02   6.8799770e+01   1.0000000e+00
  -1.1099053e+02  -3.0855502e+02   1.0000000e+00
  -2.0144215e+02  -1.6435519e+02   1.0000000e+00
  -2.9232122e+02   1.1932204e+02   1.0000000e+00
  -1.5349057e+02   3.6454951e+02   2.0000000e+00
   3.8824380e+01   3.5788587e+02   2.0000000e+00
   3.3846328e+02  -1.9150239e+02   2.0000000e+00
   7.0129962e+01   1.6091309e+01   1.0000000e+00
  -2.5332909e+02   1.3857792e+02   1.0000000e+00
   1.0736635e+02  -1.3407049e+02   1.0000000e+00
   2.9753859e+01   1.6001675e+02   1.0000000e+00
   2.4211145e+02   3.3794025e+02   2.0000000e+00
   8.4012032e+01  -4.4234175e+01   1.0000000e+00
  -1.2354642e+02  -3.6708970e+01   1.0000000e+00
   1.3720731e+02  -2.0664505e+01   1.0000000e+00
  -1.4076110e+02   3.0016254e+01   1.0000000e+00
   1.9101182e+02   1.5448096e+02   1.0000000e+00
   4.3641804e+01   1.7743078e+02   1.0000000e+00
  -3.4909787e+02   1.0779172e+02   1.0000000e+00
   2.3880712e+02   3.6556084e+02   2.0000000e+00
