  -3.9490826e+02   2.8443040e+02   1.0000000e+00
   2.9876218e+02   2.6472980e+02   1.0000000e+00
  -3.7766119e+02   4.1379339e+02   1.0000000e+00
  -4.6877216e+02  -6.5955960e+00   1.0000000e+00
  -7.4446092e+01  -2.0556897e+02   1.0000000e+00
  -1.6399436e+02   3.7779609e+02   1.0000000e+00
   1.5120479e+02   1.9681057e+02   1.0000000e+00
  -3.8185832e+02  -4.7943596e+02   1.0000000e+00
  -3.7206664e+01  -2.3185984e+02   1.0000000e+00
   3.6162669e+02  -2.1387385e+02   1.0000000e+00
  -2.7788395e+02   2.7740572e+02   1.0000000e+00
  -3.6599240e+02   1.2630922e+02   1.0000000e+00
   2.4697352e+02  -2.0086494e+02   1.0000000e+00
  -4.9684452e+02  -2.6187876e+02   1.0000000e+00
   3.6335463e+02  -7.2118719e+01   1.0000000e+00
  -3.9613180e+02   1.1466788e+02   1.0000000e+00
  -3.3233391e+01   3.1544618e+02   1.0000000e+00
   4.6667118e+02  -2.2418872e+02   1.0000000e+00
  -4.5153099e+02  -2.0108107e+02   1.0000000e+00
  -4.9333773e+02  -2.4693955e+02   1.0000000e+00
   5.9371997e+01   8.6577286e+01   1.0000000e+00
  -4.2409718e+02   3.5929434e+02   1.0000000e+00
  -4.8986695e+02   3.3090481e+01   1.0000000e+00
   3.4316981e+02   1.1490828e+02   1.0000000e+00
  -3.6907905e+02   7.6448768e+01   1.0000000e+00
   1.2126581e+02   2.8229823e+02   1.0000000e+00
  -4.3974124e+02   1.7308105e+02   1.0000000e+00
  -2.7912765e+02   1.1822880e+02   1.0000000e+00
   3.6042980e+01   3.5665751e+02   1.0000000e+00
  -3.2108621e+02  -3.0001413e+02   1.0000000e+00
   1.3940069e+02  -2.5720108e+02   1.0000000e+00
   5.5523740e+01  -1.0868855e+02   1.0000000e+00
  -2.5760973e+02  -1.7533995e+02   1.0000000e+00
   4.2813057e+02   2.5523325e+02   2.0000000e+00
  -4.8999837e+02   3.4634032e+00   1.0000000e+00
  -3.1336419e+01  -1.5989632e+02   1.0000000e+00
  -1.2413305e+02  -4.5611856e+02   2.0000000e+00
   5.0395306e+02   3.1218336e+02   2.0000000e+00
  -5.1936791e+01  -2.5310884e+02   2.0000000e+00
  -3.4984314e+02   2.4586589e+01   1.0000000e+00
  -3.2965613e+02  -2.5223042e+02   1.0000000e+00
   8.2322731e+01  -4.1686568e+02   2.0000000e+00
   4.1113320e+02  -2.1043456e+02   2.0000000e+00
   3.8797705e+01   2.1444309e+02   1.0000000e+00
  -1.5068005e+02  -2.2272091e+02   1.0000000e+00
  -8.5682869e+01  -6.6405449e+01   1.0000000e+00
   7.8357931e+01   1.8006113e+02   1.0000000e+00
   2.0531462e+02   4.6246228e+02   2.0000000e+00
  -9.3787693e+01   3.0389637e+02   1.0000000e+00
   5.0314624e+02  -1.9104832e+02   2.0000000e+00
   4.6592805e+01   5.9660593e+01   1.0000000e+00
  -3.8047854e+02  -1.6069002e+01   1.0000000e+00
   1.4921113e+02  -2.5897253e+02   1.0000000e+00
   5.1002292e+02  -2.1308414e+02   2.0000000e+00
   5.5644091e+02  -1.4264087e+02   2.0000000e+00
  -1.4391801e+02   8.1821742e+01   1.0000000e+00
   1.4985217e+02   2.1139595e+02   1.0000000e+00
   3.9933210e+02  -2.6586913e+02   1.0000000e+00
   4.9259550e+02   1.9235169e+02   1.0000000e+00
   9.9884716e+01   7.0380521e+01   1.0000000e+00
  -4.3986982e+02  -1.1974993e+02   1.0000000e+00
   3.1570305e+02   1.1344591e+02   1.0000000e+00
  -1.4651362e+02  -4.3686179e+01   1.0000000e+00
  -2.2644376e+02   4.4819018e+02   1.0000000e+00
  -4.5313901e+02  -1.2599322e+01   1.0000000e+00
   1.3854378e+02   3.5942468e+02   1.0000000e+00
  -3.2837743e+02  -4.2137732e+02   1.0000000e+00
  -4.2865794e+01  -9.3429908e+01   1.0000000e+00
   1.8048703e+02   5.1964676e+02   2.0000000e+00
  -4.1633843e+02   1.2863070e+02   1.0000000e+00
  -7.5230127e+01  -2.0352656e+02   1.0000000e+00
  -5.8393121e+02  -4.7857895e+02   2.0000000e+00
  -4.6044290e+02   3.3826697e+02   1.0000000e+00
   4.0910050e+02   2.3672509e+02   1.0000000e+00
   4.0618196e+01   5.0041948e+01   1.0000000e+00
  -3.7358293e+01   2.7058305e+01   1.0000000e+00
   3.7630347e+02  -2.6234835e+02   1.0000000e+00
   3.3334283e+02   1.1280126e+02   1.0000000e+00
  -4.4262965e+02   7.3577943e+01   2.0000000e+00
   4.1212239e+02  -3.0755930e+02   1.0000000e+00
  -5.0409593e+02   4.4354453e+02   2.0000000e+00
  -2.8205761e+02  -1.4773510e+02   1.0000000e+00
   3.1544944e+02  -2.0918123e+02   1.0000000e+00
   3.4166793e+02  -2.6071609e+02   1.0000000e+00
  -5.0261239e+02  -4.7497793e+01   1.0000000e+00
   1.3375718e+01  -4.7978331e+02   1.0000000e+00
   1.0746724e+02  -4.4504193e+02   1.0000000e+00
  -1.9664474e+01  -4.5392357e+02   1.0000000e+00
  -1.4436891e+02   8.9968929e+01   1.0000000e+00
   2.4103014e+01   4.8532846e+02   1.0000000e+00
   5.4351089e+02  -2.1481696e+02   2.0000000e+00
  -1.2246232e+02  -2.2175762e+02   1.0000000e+00
   2.7745423e+02  -3.0901850e+02   1.0000000e+00
   2.7370484e+02  -3.1119077e+02   1.0000000e+00
  -4.8525081e+02   2.4958431e+02   2.0000000e+00
  -2.4855853e+02   2.7761105e+02   1.0000000e+00
  -5.1581025e+02  -3.8382050e+02   2.0000000e+00
  -1.5387197e+02   6.6883780e-01   1.0000000e+00
  -1.4701341e+02   1.4969528e+01   1.0000000e+00
  -2.1937525e+02  -7.4171779e+01   1.0000000e+00
  -1.3360892e+02  -1.0537059e+02   1.0000000e+00
  -1.8333031e+02  -1.9470193e+01   1.0000000e+00
  -4.5497413e+02  -4.3341474e+02   2.0000000e+00
   3.0073325e+02  -2.7402022e+02   1.0000000e+00
   3.7080158e+02   1.7095506e+02   1.0000000e+00
  -3.7991904e+02  -2.2661158e+02   1.0000000e+00
  -3.9048776e+02  -3.6774545e+02   1.0000000e+00
   2.0985982e+02   4.4484960e+02   2.0000000e+00
  -3.4828756e+01   5.0416952e+02   2.0000000e+00
  -1.4134048e+02   4.5623544e+02   1.0000000e+00
  -9.5198092e+01   2.2373320e+02   1.0000000e+00
   2.8265732e+02  -1.3237240e+02   1.0000000e+00
   2.5772052e+02   5.7824376e+01   1.0000000e+00
  -5.3770312e+01   1.5834385e+02   1.0000000e+00
  -2.1176442e+02   1.5924648e+02   1.0000000e+00
  -9.8359694e+01  -1.9808955e+02   1.0000000e+00
  -3.3297259e+01   5.5289941e+01   1.0000000e+00
  -2.9275688e+01  -1.3990003e+02   2.0000000e+00
   1.3903844e+02  -2.9077692e+02   1.0000000e+00
  -3.4772724e+02  -2.7135024e+02   1.0000000e+00
   3.8915643e+02   4.0816437e+02   2.0000000e+00
  -9.2535857e+01  -1.0525320e+02   1.0000000e+00
   2.1728868e+01  -1.8104956e+02   1.0000000e+00
  -4.5919604e+02  -3.3595710e+02   1.0000000e+00
   5.1279366e+02  -4.8832263e+02   2.0000000e+00
  -1.8012755e+02   4.0353866e+02   1.0000000e+00
   2.9278521e+01  -1.8274947e+02   1.0000000e+00
   2.8762368e+02   1.2017027e+02   1.0000000e+00
  -4.7233473e+02  -3.0847798e+02   2.0000000e+00
  -6.5705375e+01  -5.3682321e+01   1.0000000e+00
  -4.3160192e+02   2.7721120e+02   1.0000000e+00
  -1.3812413e+02  -3.4286633e+02   1.0000000e+00
  -4.7040686e+02   5.5801655e+02   2.0000000e+00
   6.2365453e+01  -3.4256679e+02   1.0000000e+00
  -2.1317991e+02   2.4070366e+02   1.0000000e+00
  -1.8863552e+02   4.2239194e+02   2.0000000e+00
   1.4485010e+02   2.6786654e+02   1.0000000e+00
   1.7168285e+02   7.1653178e+01   1.0000000e+00
  -3.3169999e+02   5.0140819e+02   1.0000000e+00
  -4.4266353e+02   1.4210325e+02   1.0000000e+00
   1.3024554e+00   2.6483317e+02   2.0000000e+00
   4.8847426e+02  -3.3542317e+02   1.0000000e+00
  -5.7540591e+01  -1.8547911e+02   1.0000000e+00
   4.8646632e+01   4.6537559e+02   1.0000000e+00
  -4.2734090e+02  -1.4379284e+02   1.0000000e+00
   5.8700193e+02  -2.4594710e+02   2.0000000e+00
  -1.4748773e+02  -2.6569251e-01   1.0000000e+00
   5.1026675e+02  -7.4354245e+01   2.0000000e+00
  -9.2946013e+01   4.4204793e+01   1.0000000e+00
  -2.8426302e+02  -1.2505207e+02   1.0000000e+00
   4.0462207e+02   3.2227550e+02   2.0000000e+00
   2.2553150e+02   5.7089239e+02   2.0000000e+00
   2.4112238e+02  -2.4400404e+02   1.0000000e+00
  -4.6963412e+02  -3.8040137e+01   1.0000000e+00
  -1.2064870e+02   4.9314918e+02   2.0000000e+00
  -2.2235357e+02   1.7747162e+02   1.0000000e+00
   3.8130260e+02   2.0777447e+00   1.0000000e+00
   2.7639278e+01   1.0593976e+02   1.0000000e+00
  -7.6129666e+01  -2.5289159e+02   1.0000000e+00
   1.0396782e+02   4.4227736e+02   1.0000000e+00
  -3.0414874e+02  -1.1711023e+02   1.0000000e+00
   1.4678769e+02   2.3392102e+02   1.0000000e+00
   1.9515952e+02  -3.8892669e+02   1.0000000e+00
  -5.2586068e+02  -4.0937765e+02   2.0000000e+00
   5.1838117e+02  -2.7311207e+02   1.0000000e+00
   8.4726670e+01   2.8719857e+02   1.0000000e+00
   3.1139143e+02   1.1117026e+02   1.0000000e+00
  -5.4399982e+02  -5.0503934e+02   2.0000000e+00
  -4.3619617e+02   4.1522307e+02   1.0000000e+00
   5.3791808e+02  -1.9303706e+02   2.0000000e+00
   2.9533229e+02   7.7434455e+01   1.0000000e+00
  -3.7280313e+02   4.1208709e+01   1.0000000e+00
   2.9400497e+02   5.3420578e+02   2.0000000e+00
  -7.9012864e+01   1.6638214e+02   1.0000000e+00
  -3.6210462e+02   1.2348921e+02   1.0000000e+00
  -2.6098700e+02   1.5719145e+01   1.0000000e+00
   1.1922227e+02  -3.5445332e+01   1.0000000e+00
   1.3988685e+02   3.1583747e+02   1.0000000e+00
   1.5274889e+02  -2.5418938e+02   1.0000000e+00
   2.6683680e+02  -1.9132062e+02   1.0000000e+00
   1.7954951e+02  -4.7971533e+02   2.0000000e+00
  -3.5832197e+02   3.2222166e+02   1.0000000e+00
   2.4657271e+02   4.7861800e+02   2.0000000e+00
   1.6334077e+02  -6.2288260e+01   1.0000000e+00
   2.8513086e+02  -5.1748727e+02   2.0000000e+00
  -2.7659613e+02  -2.3031857e+02   1.0000000e+00
  -4.6980373e+02   3.7800071e+02   1.0000000e+00
  -2.7164348e+02   1.2141040e+02   1.0000000e+00
   3.7826920e+02  -2.9319027e+02   1.0000000e+00
   1.6336462e+01   9.8512127e+01   2.0000000e+00
   4.5534929e+02   6.4117914e+01   1.0000000e+00
   5.3086239e+02   3.0397190e+02   2.0000000e+00
   3.8545625e+02  -2.5844658e+02   1.0000000e+00
   3.8015947e+02   1.7137695e+02   1.0000000e+00
   5.0994840e+02  -3.7075302e+02   1.0000000e+00
  -3.0781189e+01   2.6126866e+01   1.0000000e+00
   2.4978973e+02   9.7219883e+01   1.0000000e+00
  -3.9533133e+00   1.9195795e+02   1.0000000e+00
   1.3769961e+02   2.7008217e+02   1.0000000e+00
   2.8568337e+02  -1.4923044e+02   1.0000000e+00
  -1.6921150e+02   4.2537773e+00   1.0000000e+00
   3.7945130e+02   4.6687963e+02   2.0000000e+00
  -1.9174005e+02  -1.1517217e+02   1.0000000e+00
  -1.7573087e+01   3.6045928e+01   1.0000000e+00
   5.1985838e+02   2.2907499e+02   2.0000000e+00
   4.2998212e+02   1.1534047e+01   1.0000000e+00
  -5.0791848e+01   5.2376572e+02   2.0000000e+00
  -2.8629604e+01   5.0983378e+02   1.0000000e+00
   3.9593921e+01  -2.3924832e+02   2.0000000e+00
  -4.8786523e+02   6.7463336e+01   1.0000000e+00
   8.5397675e+01   3.4046189e+01   1.0000000e+00
   1.4764412e+02   1.6825934e+02   1.0000000e+00
  -1.4981644e+01   1.5205133e+02   1.0000000e+00
   3.6931201e+02  -1.9704530e+02   2.0000000e+00
   8.4653358e+00  -1.1392031e+02   1.0000000e+00
   4.9077038e+01  -3.9549103e+01   1.0000000e+00
   4.7563099e+02   3.4297801e+01   1.0000000e+00
  -1.8193788e+02   3.7316632e+02   1.0000000e+00
  -4.9315352e+02   1.8907284e+02   1.0000000e+00
  -2.7685854e+02  -2.6150554e+02   1.0000000e+00
   3.9095820e+02  -2.1279586e+02   2.0000000e+00
   4.1566804e+01   6.9703091e+01   1.0000000e+00
  -3.5611484e+02   1.5104127e+02   1.0000000e+00
  -1.6760686e+02   1.9555198e+02   1.0000000e+00
   3.5776260e+02  -7.5950396e-01   1.0000000e+00
   9.1357042e+01   2.7933873e+02   1.0000000e+00
  -5.9356717e+02  -5.2969911e+02   2.0000000e+00
  -3.2136743e+02   4.4901814e+02   1.0000000e+00
   3.4413448e+02   5.1475356e+02   2.0000000e+00
  -4.2163484e+02   1.0383988e+02   1.0000000e+00
   1.1291846e+02   2.3181935e+02   1.0000000e+00
  -2.8559643e+02  -4.5964391e+02   1.0000000e+00
  -1.7227182e+02   2.2076593e+02   1.0000000e+00
  -5.3895620e+02   1.2172977e+01   2.0000000e+00
  -2.7203757e+01   1.8166974e+01   1.0000000e+00
   9.6966061e+01   2.9045738e+02   1.0000000e+00
   1.3718180e+02   2.4261837e+02   1.0000000e+00
  -3.2898035e+02   2.2182069e+02   1.0000000e+00
  -4.6308700e+02   7.2220986e+01   1.0000000e+00
  -5.0999048e+02  -9.9670018e+01   1.0000000e+00
  -2.2837197e+02  -1.8517227e+02   1.0000000e+00
   4.4765135e+02   9.3413030e+01   1.0000000e+00
  -2.5883031e+02   1.1909370e+01   1.0000000e+00
   3.3205785e+02   1.3232172e+01   1.0000000e+00
   1.3281904e+01   3.8986694e+01   1.0000000e+00
  -4.8037626e+02  -3.3770213e+02   1.0000000e+00
   4.3011725e+02  -3.9622956e+02   2.0000000e+00
   3.9822880e+02   1.9218312e+02   1.0000000e+00
   3.3079533e+01   1.5622195e+02   2.0000000e+00
  -2.6263908e+02   2.8857986e+02   1.0000000e+00
   2.7234856e+02  -1.1868740e+02   1.0000000e+00
  -3.0095515e+02  -1.6747108e+01   1.0000000e+00
  -4.3749680e+02  -3.7243884e+02   1.0000000e+00
  -4.8437755e+01  -8.3033947e+01   1.0000000e+00
  -2.1845869e+02   3.5990009e+02   1.0000000e+00
   2.9947294e+01   5.3737686e+02   2.0000000e+00
   6.9508555e+01  -4.1533942e+02   1.0000000e+00
  -3.9856802e+02   1.9351134e+02   1.0000000e+00
   3.4501799e+02   5.5573051e+02   2.0000000e+00
   9.3007194e+01   3.2514772e+02   1.0000000e+00
   3.4909035e+02   6.8465586e+01   1.0000000e+00
   1.0169509e+01   1.8399152e+02   2.0000000e+00
   2.3970236e+02  -4.3065342e+02   1.0000000e+00
   4.6641979e+02  -4.2113804e+02   1.0000000e+00
  -3.6924892e+02   3.2129242e+02   1.0000000e+00
   3.4694883e+02   4.1693523e+02   2.0000000e+00
   1.8209376e+02  -2.8826042e+01   1.0000000e+00
  -8.0677686e+01   1.6388852e+02   1.0000000e+00
  -3.6180146e+02  -3.4648615e+02   1.0000000e+00
   1.3900982e+02  -2.2921812e+02   1.0000000e+00
   5.3214041e+01   6.2904739e+01   1.0000000e+00
  -3.4923602e+02   5.0452843e+02   1.0000000e+00
  -2.3143913e+02  -1.9814768e+02   1.0000000e+00
   8.5370944e+01  -3.5497718e+02   1.0000000e+00
   4.3589678e+02  -2.0174471e+02   2.0000000e+00
  -3.3347657e+02   3.9000921e+02   1.0000000e+00
   5.2789859e+02  -8.8043778e+01   2.0000000e+00
   2.5606447e+02   2.3463524e+01   1.0000000e+00
   3.3371446e+02  -1.7356997e+02   1.0000000e+00
  -7.1473047e+01  -4.8854088e+02   2.0000000e+00
  -3.2470061e+02   4.2509466e+02   1.0000000e+00
  -2.5805659e+02  -3.9054634e+02   1.0000000e+00
  -4.4023314e+02   5.8073694e+01   1.0000000e+00
   2.6735512e+02   2.2345678e+02   1.0000000e+00
  -2.3955573e+02   1.9011476e+02   1.0000000e+00
   4.7740239e+01   6.6141354e+01   1.0000000e+00
  -3.5424483e+02  -1.2333613e+02   1.0000000e+00
   2.8709512e+02   3.1168677e+01   1.0000000e+00
   2.0938497e+02   8.1226504e+00   1.0000000e+00
   2.9946438e+02  -3.3591477e+02   1.0000000e+00
  -1.5489370e+02  -2.3622396e+02   2.0000000e+00
  -2.4051191e+02   2.7803740e+02   1.0000000e+00
   4.2037536e+02   3.4410632e+02   2.0000000e+00
  -1.0969690e+02   3.0536426e+02   1.0000000e+00
  -3.4544972e+02   3.8367282e+02   1.0000000e+00
   4.2668503e+01  -2.3185878e+02   2.0000000e+00
   7.6789161e+01   3.0440706e+02   1.0000000e+00
   2.8336995e+02   2.6019781e+02   1.0000000e+00
   3.5293576e+02  -1.0617733e+02   1.0000000e+00
   4.3911277e+02  -1.7342966e+02   2.0000000e+00
  -2.3743756e+02  -1.2245194e+02   1.0000000e+00
  -1.1320639e+02  -4.4030340e+02   2.0000000e+00
   4.2963093e+02   2.8563171e+01   1.0000000e+00
   3.4823226e+01  -4.9891643e+02   1.0000000e+00
   1.4891102e+02   1.1089269e+02   1.0000000e+00
   3.9120329e+02   1.4422901e+02   1.0000000e+00
   2.2323831e+02  -4.1160928e+02   1.0000000e+00
   2.2249586e+02  -3.2377798e+02   1.0000000e+00
  -2.4670326e+02   2.1619391e+02   1.0000000e+00
  -1.8138445e+02  -1.2977259e+02   1.0000000e+00
  -1.7875090e+02   3.2410176e+02   1.0000000e+00
  -1.3809757e+02  -2.5403633e+02   2.0000000e+00
  -3.3506772e+02  -1.7639181e+02   1.0000000e+00
   3.0098139e+02   2.8321587e+01   1.0000000e+00
  -2.0357106e+02  -2.5547407e+01   1.0000000e+00
  -9.0019222e+01  -1.6972670e+02   1.0000000e+00
   1.6638639e+02  -9.7302835e+01   1.6000000e+00
  -9.3854853e+01  -1.2154834e+02   1.0000000e+00
   4.4368239e+02  -5.0861973e+02   2.0000000e+00
   6.8563686e+01   2.8069784e+02   1.0000000e+00
   1.3592320e+01   4.7896122e+02   1.0000000e+00
   1.9405939e+02  -5.1860240e+01   1.0000000e+00
   2.4469136e+02  -1.7902623e+02   1.0000000e+00
   2.1130212e+02  -3.8872230e+02   1.0000000e+00
  -5.1616038e+02  -1.0395041e+02   1.0000000e+00
   2.9190534e+00   3.6092911e+02   1.0000000e+00
  -1.2785140e+02  -4.3884934e+02   2.0000000e+00
   3.7798835e+02  -2.4304919e+02   1.0000000e+00
  -6.2513404e+01  -3.0537136e+02   1.0000000e+00
   1.6701518e+02   3.8240303e+02   1.0000000e+00
  -1.9210396e+02   3.9586808e+02   1.0000000e+00
   6.9432548e+01  -3.4416724e+02   1.0000000e+00
   2.8779064e+02   4.3487113e+02   2.0000000e+00
   5.0991507e+02  -1.6181693e+02   1.0000000e+00
   8.6372808e+01  -2.0079968e+02   1.0000000e+00
   1.0360289e+02  -2.4944175e+02   1.0000000e+00
  -4.7567800e+01  -1.8027730e+02   2.0000000e+00
  -3.0663249e+02   2.1751875e+02   1.0000000e+00
  -3.1181866e+02   7.2838311e+01   1.0000000e+00
   4.6953688e+02  -2.8282410e+02   1.0000000e+00
   3.2301968e+01   2.4792842e+02   2.0000000e+00
  -2.1190743e+02  -4.6069867e+02   2.0000000e+00
   3.1849409e+02   1.1984556e+02   1.0000000e+00
  -8.4561404e+01  -3.1669434e+02   2.0000000e+00
  -2.0552550e+01   2.8042901e+02   1.0000000e+00
  -2.7951707e+02   1.3285819e+01   1.0000000e+00
   4.8109619e+02   5.9287416e+02   2.0000000e+00
   3.7799281e+02   1.6510139e+02   1.0000000e+00
  -1.8255037e+01   2.6915201e+02   1.0000000e+00
   1.4625236e+02   3.3775575e+02   1.0000000e+00
   2.5781741e+02  -1.3498237e+02   1.0000000e+00
  -8.6071173e+01   2.7773333e+02   1.0000000e+00
   3.8093313e+02  -2.3640264e+02   1.0000000e+00
  -5.8738185e+02  -5.6288330e+02   2.0000000e+00
   4.2461631e+02   4.7816268e+02   2.0000000e+00
   3.7268097e+02  -2.5775730e+02   1.0000000e+00
   4.7038429e+02   4.8654316e+01   1.0000000e+00
   4.2478315e+02   5.6125356e+02   2.0000000e+00
  -2.3449787e+02   4.5153203e+02   1.0000000e+00
  -1.2975636e+02  -2.9887179e+02   1.0000000e+00
   4.9607277e+02  -9.8036872e+01   2.0000000e+00
   5.1137908e+02  -3.0925876e+02   1.0000000e+00
  -2.2720162e+02   1.1688553e+02   1.0000000e+00
  -1.9049842e+02  -1.1091150e+02   1.0000000e+00
  -3.5998161e+02   5.1614346e+02   2.0000000e+00
  -3.0788737e+02  -2.6128582e+02   1.0000000e+00
  -4.9882743e+02  -4.2659229e+02   2.0000000e+00
  -6.2130581e+01  -3.4146748e+02   1.0000000e+00
  -1.6585809e+02  -4.5225391e+02   2.0000000e+00
  -4.5082342e+02  -3.9506534e+02   1.0000000e+00
  -5.3131248e+02   3.9353629e+02   2.0000000e+00
   2.2201266e+02  -3.6894474e+02   1.0000000e+00
  -8.9393762e+01   3.5218346e+01   1.0000000e+00
  -1.8831495e+02  -3.2626544e+02   1.0000000e+00
  -7.5889755e+01   1.7678024e+01   1.0000000e+00
   5.2524214e+02  -3.6961408e+02   1.0000000e+00
  -1.2546322e+00   1.8000247e+02   1.0000000e+00
  -5.8261729e+02  -5.5969600e+02   2.0000000e+00
  -8.0909751e+00   1.7116173e+02   1.0000000e+00
  -3.1323318e+02  -2.5505268e+02   1.0000000e+00
  -1.0769062e+02   2.0581969e+02   1.0000000e+00
  -2.1339737e+02  -3.5905050e+02   1.0000000e+00
   3.8252450e+02  -5.1137400e+01   1.0000000e+00
   3.4621455e+02  -1.4662436e+02   1.0000000e+00
   3.8498585e+02  -2.2692581e+02   1.0000000e+00
  -2.0385229e+02   5.0438367e+02   1.0000000e+00
   7.1396720e+01  -5.1709812e+01   1.0000000e+00
   3.8477942e+02   2.0968443e+02   1.0000000e+00
   8.4806791e+01   3.3968512e+02   1.0000000e+00
  -5.1063488e+02   5.2744648e+02   2.0000000e+00
  -1.7560137e+02  -9.8246130e+01   1.0000000e+00
  -1.1893775e+02  -3.3015061e+02   1.0000000e+00
   1.8452656e+02  -2.0957116e+02   1.0000000e+00
   3.0472937e+02   1.1024412e+02   1.0000000e+00
  -3.8324753e+02   5.1918853e+02   2.0000000e+00
   3.4030764e+02   4.9038832e+02   2.0000000e+00
   2.9287754e+02   2.4293920e+02   1.0000000e+00
   4.8536703e+02  -4.6352055e+01   1.0000000e+00
   6.8140300e+01  -3.8653067e+02   1.0000000e+00
   3.3708306e+02  -1.4826246e+02   1.0000000e+00
   5.9066493e+01   3.8106235e+02   1.0000000e+00
   4.1670831e+02  -3.6157637e+02   1.0000000e+00
   8.2716316e+01   3.1330773e+02   1.0000000e+00
  -3.7020229e+02   2.0934470e+02   1.0000000e+00
  -5.1472735e+02   2.0242121e+01   2.0000000e+00
  -3.4551036e+02  -4.2888360e+02   1.0000000e+00
   1.3619429e+02  -2.6556063e+02   1.0000000e+00
  -4.1437500e+02   8.1555389e+01   1.0000000e+00
  -1.7905050e+02   3.7376652e+02   1.0000000e+00
   1.6834860e+02   4.0923402e+02   1.0000000e+00
  -3.3351652e+02   5.4448477e+01   1.0000000e+00
   1.3719437e+02  -8.1940624e+01   1.0000000e+00
  -3.7069096e+02   2.0185867e+01   1.0000000e+00
  -2.8289651e+02  -2.3770779e+02   1.0000000e+00
  -4.7202608e+02  -1.2347359e+02   1.0000000e+00
  -2.6748753e+02   4.8651415e+02   1.0000000e+00
   3.5568482e+02  -9.8360387e+01   1.0000000e+00
   8.0538076e+01  -3.8943894e+02   2.0000000e+00
   2.8321890e+02   5.9650597e+02   2.0000000e+00
   1.5053670e+02  -1.8361164e+02   1.0000000e+00
   4.3322151e+02  -3.1722198e+01   1.0000000e+00
   4.3199667e+02  -1.9578074e+02   1.0000000e+00
  -3.2517344e+02  -1.2264478e+02   1.0000000e+00
   1.8554718e+02   3.1588554e+02   1.0000000e+00
   1.6946693e+02   3.4410602e+02   2.0000000e+00
  -2.9449037e+02   5.7072152e+01   1.0000000e+00
  -3.8876564e+02   5.6731411e+02   2.0000000e+00
  -1.5645164e+02   3.7758175e+01   1.0000000e+00
   1.4172543e+02   2.6866098e+02   1.0000000e+00
  -2.3459566e+02   2.5222565e+02   1.0000000e+00
  -5.3965335e+02   4.5439711e+02   2.0000000e+00
   4.2052661e+02  -2.6664511e+02   1.0000000e+00
  -2.6144646e+02  -4.1809536e+02   1.0000000e+00
  -7.0633400e+01   5.2207083e+01   1.0000000e+00
  -2.1163052e+02  -3.6245828e+01   1.0000000e+00
   1.8139025e+02  -1.5740815e+02   1.0000000e+00
  -8.1933816e+01   4.4762763e+02   2.0000000e+00
   5.0743616e+02  -4.9763627e+02   2.0000000e+00
  -2.1375554e+01   2.2087834e+02   1.0000000e+00
  -4.5223800e+02  -7.8035679e+01   1.0000000e+00
   1.9153000e+02  -2.9051952e+02   1.0000000e+00
  -1.3772296e+02  -1.4035520e+02   1.0000000e+00
   1.6219995e+02  -1.3519264e+02   1.0000000e+00
   3.1742832e+02   5.0818991e+02   2.0000000e+00
  -2.7508998e+02  -1.8747674e+02   2.0000000e+00
  -4.7444526e+02  -3.4199183e+02   1.0000000e+00
   2.2038876e+01   3.3660928e+01   1.0000000e+00
  -3.0515935e+01  -1.9895778e+02   1.0000000e+00
   1.8876449e+02  -3.7377577e+02   1.0000000e+00
  -1.7248333e+02   8.4537700e+01   2.0000000e+00
  -2.2750477e+02   1.3523187e+02   1.0000000e+00
  -3.9236198e+02   1.5200228e+02   1.0000000e+00
   3.0848588e+02   3.6488476e+01   1.0000000e+00
  -2.1264316e+02   8.6496966e-01   1.0000000e+00
   3.4616852e+02  -2.7721707e+02   1.0000000e+00
   4.2368244e+02   1.5807337e+02   1.0000000e+00
  -4.9525382e+02   8.2849373e+01   2.0000000e+00
  -5.0001801e+01   7.0250238e+00   1.0000000e+00
  -1.8812365e+02   1.5019949e+01   1.0000000e+00
   1.9672840e+02  -3.0267240e+02   1.0000000e+00
  -8.9493160e+01   6.5973860e+01   1.0000000e+00
   2.7229767e+02  -1.3311139e+02   1.0000000e+00
  -2.9060993e+02   6.2104240e+01   1.0000000e+00
   3.5690026e+02   5.5763265e+02   2.0000000e+00
   3.2192101e+02  -2.5122256e+02   1.0000000e+00
   6.7805297e+01   4.0931024e+02   1.0000000e+00
   7.0300168e+01  -6.8257568e+01   1.0000000e+00
   2.2367349e+02   6.4576161e+01   1.0000000e+00
  -3.0508629e+01   2.5675024e+02   1.0000000e+00
   1.0992748e+02   5.6531434e+01   1.0000000e+00
  -2.0120370e+02   1.3330843e+02   1.0000000e+00
  -3.8553904e+02   4.7276695e+02   1.0000000e+00
   1.1130728e+02  -3.2405444e+01   1.0000000e+00
  -1.9643781e+02  -8.8867391e+01   1.0000000e+00
  -9.4658679e+01  -1.8122577e+02   1.0000000e+00
   1.4337121e+02   2.1429714e+02   1.0000000e+00
  -3.5907890e+02  -3.1723873e+02   1.0000000e+00
  -3.9142037e+02  -3.5783236e+02   1.0000000e+00
  -5.0952340e+02   1.7548537e+02   2.0000000e+00
   1.5487629e+02   2.5232101e+02   1.0000000e+00
  -2.2917445e+02   1.4143410e+02   1.0000000e+00
  -1.6146034e+02   3.7166188e+02   1.0000000e+00
  -2.1883403e+02   5.4785216e+02   2.0000000e+00
  -2.5410514e+02  -1.1123557e+02   1.0000000e+00
   2.8662730e+02  -2.0804895e+02   1.0000000e+00
   4.1989136e+02  -3.5629779e+02   2.0000000e+00
  -1.2267305e+01   5.1041393e+02   2.0000000e+00
   1.5097897e+02  -2.8823785e+02   1.0000000e+00
   3.9035613e+02   2.5384635e+02   1.0000000e+00
  -4.2778178e+02  -3.5108045e+02   1.0000000e+00
   1.0963607e+02   1.6825587e+02   1.0000000e+00
  -1.0223498e+02   1.0343440e+02   1.0000000e+00
  -3.7699385e+02  -1.5087678e+02   1.0000000e+00
  -2.6783637e+01   1.7835172e+02   2.0000000e+00
   2.8370354e+02   1.6027957e+02   1.0000000e+00
  -3.6857703e+02  -2.9950868e+02   1.0000000e+00
   5.0540098e+02   2.3067987e+02   2.0000000e+00
   1.2979759e+02  -4.3993207e+02   1.0000000e+00
   2.2789197e+02  -1.9040868e+02   1.0000000e+00
  -1.0229405e+02   1.5678630e+02   1.0000000e+00
  -5.2858981e+02   6.6682625e+01   2.0000000e+00
   1.2467148e+02   1.0151673e+02   1.0000000e+00
  -2.7801179e+02   2.9679286e+02   1.0000000e+00
   4.5684846e+02  -5.1826106e+02   2.0000000e+00
   7.5515097e+01   2.6509399e+02   1.0000000e+00
   1.0551993e+01  -2.6114398e+02   1.0000000e+00
  -2.7116663e+02  -3.3053064e+02   1.0000000e+00
   1.6291932e+02  -3.8566933e+01   1.0000000e+00
   2.4559698e+02   9.3947309e+01   2.0000000e+00
  -5.0780746e+02   4.4196364e+02   2.0000000e+00
   8.3570929e+00  -2.2053372e+02   1.0000000e+00
  -1.2825936e+02   1.8805831e+02   1.0000000e+00
   2.0897525e+02  -1.2680660e+02   1.0000000e+00
  -5.6670271e+02  -5.6575935e+02   2.0000000e+00
  -2.0975849e+02  -6.0170207e+00   2.0000000e+00
  -1.3753448e+02   4.4263768e+02   1.0000000e+00
   4.3803336e+02   1.8704387e+01   1.0000000e+00
   4.7064919e+02  -3.1415916e+02   1.0000000e+00
  -1.9248332e+02   3.6955515e+02   1.0000000e+00
   2.9446127e+02  -1.1459509e+02   1.0000000e+00
  -1.8878020e+02  -1.2225035e+02   1.0000000e+00
   3.4386183e+02   1.4386560e+02   2.0000000e+00
   7.0161322e+01   5.3552648e+01   1.0000000e+00
   1.9554732e+02   1.3901954e+02   1.0000000e+00
  -4.9787564e+02   4.3948695e+02   2.0000000e+00
  -2.9169807e+02  -1.2896759e+02   1.0000000e+00
   4.5320615e+02   2.2333169e+02   2.0000000e+00
   3.9103809e+02   1.2145712e+02   1.0000000e+00
   2.4237124e+02   5.8013258e+02   2.0000000e+00
  -3.5756560e+02  -2.0427425e+02   1.0000000e+00
  -1.7122246e+02  -4.2305953e+02   2.0000000e+00
  -5.0100266e+02  -8.8215041e+01   1.0000000e+00
  -1.7183906e+02   4.5341084e+01   1.0000000e+00
  -4.6664816e+02  -5.4327016e+01   1.0000000e+00
  -1.3503368e+02   1.0579171e+02   1.0000000e+00
  -3.9958318e+02   5.6993866e+02   2.0000000e+00
  -1.8385546e+02  -3.9812738e+02   1.0000000e+00
  -7.1110707e+01   5.3072849e+02   2.0000000e+00
   3.8809695e+02  -3.9598958e+02   1.0000000e+00
   3.6801209e+02  -1.5541229e+02   1.0000000e+00
  -3.5268718e+02   1.5033083e+02   1.0000000e+00
  -2.2686560e+02  -1.0344865e+02   1.0000000e+00
  -5.1916209e+02  -3.2675369e+02   2.0000000e+00
   1.0869629e+02   1.7914621e+00   1.0000000e+00
  -5.1763594e+02  -4.8790212e+02   2.0000000e+00
   1.1526002e+02   1.7267766e+02   1.0000000e+00
   3.5461105e+02   1.5582926e+02   1.0000000e+00
  -1.8872660e+01  -2.2202945e+02   2.0000000e+00
  -6.4047171e+01   1.7710379e+02   1.0000000e+00
  -2.2889484e+02   1.3492624e+02   1.0000000e+00
   3.6432817e+01   1.4094138e+02   1.0000000e+00
  -1.9592679e+02  -1.0775226e+02   1.0000000e+00
   4.5450367e+02  -1.0476590e-01   1.0000000e+00
  -5.7907292e+02  -4.4455725e+02   2.0000000e+00
   1.4564369e+02   2.0836827e+02   1.0000000e+00
   6.2864171e+01   4.5786519e+02   1.0000000e+00
  -1.3462588e+02  -4.6579937e+02   1.0000000e+00
  -1.4504387e+02  -3.3359455e+02   2.0000000e+00
   1.7720129e+02   3.9355289e+02   1.0000000e+00
   3.1757951e+02   1.3397904e+02   1.0000000e+00
   4.2789635e+02   3.9683342e+02   2.0000000e+00
  -3.5760898e+02  -2.8536707e+02   1.0000000e+00
  -2.3582762e+02   3.3369714e+02   1.0000000e+00
   4.8526445e+02  -2.1521479e+02   1.0000000e+00
  -8.5552919e+00   4.8093546e+02   1.0000000e+00
   1.1413592e+02  -1.3581458e+02   1.0000000e+00
   4.0099552e+01  -3.8271477e+02   1.0000000e+00
  -1.3459472e+02   1.7870580e+02   1.0000000e+00
  -1.9774184e+02   6.5481745e+01   1.0000000e+00
  -3.2189108e+01   2.1173591e+01   1.0000000e+00
   2.0158762e+02  -1.9707098e+02   2.0000000e+00
  -4.3341998e+02  -3.6981455e+02   1.0000000e+00
  -1.9070032e+02   1.5725730e+01   1.0000000e+00
  -3.5047815e+02   3.2348799e+02   1.0000000e+00
  -4.6814154e+02  -2.6756514e+02   1.0000000e+00
  -2.8833563e+02   4.7921624e+02   1.0000000e+00
   4.0272794e+02  -5.4192094e+00   1.0000000e+00
  -1.2230416e+02   2.8045108e+01   1.0000000e+00
  -4.5309843e+02   1.5614635e+01   1.0000000e+00
  -1.6016351e+02   3.4272942e+02   1.0000000e+00
   2.6325907e+02   6.9811800e+01   2.0000000e+00
  -2.4104879e+02   1.7004856e+01   2.0000000e+00
   2.2855742e+02  -1.7654711e+02   1.0000000e+00
  -2.4609486e+02  -1.7561503e+02   1.0000000e+00
  -1.7353564e+02   3.5766500e+01   2.0000000e+00
  -1.4618473e+02   1.0683098e+02   1.0000000e+00
  -1.5459759e+02   2.1112824e+00   1.0000000e+00
   1.8061097e+02  -2.5806754e+01   1.0000000e+00
   1.7510731e+02   2.5387988e+02   1.0000000e+00
   2.6735200e+02  -3.5147189e+02   1.0000000e+00
   6.8007071e+01  -3.1486250e+01   1.0000000e+00
   1.8183984e+01  -2.7992301e+02   1.0000000e+00
   3.9945166e+02   5.9333637e+02   2.0000000e+00
  -3.9028228e+02  -1.1998967e+02   1.0000000e+00
  -2.4672553e+02   2.9399788e+02   1.0000000e+00
   1.8542633e+02   5.2025115e+02   2.0000000e+00
   2.6539526e+02   1.4109592e+02   1.0000000e+00
   2.8208374e+02  -1.9491068e+02   1.0000000e+00
   1.5739363e+02   4.7965195e+02   1.0000000e+00
   4.3856924e+02   4.3073469e+02   2.0000000e+00
   7.5784215e+00   1.5075038e+02   1.0000000e+00
   4.3228412e+02  -4.6738621e+02   2.0000000e+00
  -2.8977281e+02  -4.4058001e+01   1.0000000e+00
  -1.1113054e+02  -1.4073714e+02   1.0000000e+00
   3.2754338e+02   4.1324638e+02   2.0000000e+00
  -3.1687385e+02  -3.1033935e+02   1.0000000e+00
   1.3663739e+02  -1.1273655e+02   1.0000000e+00
  -1.4339449e+02   4.0127201e+02   1.0000000e+00
  -1.0716158e+02  -1.7612790e+02   2.0000000e+00
   4.1505803e+01  -1.9910832e+02   1.0000000e+00
  -4.9941857e+02  -6.6327480e+01   1.0000000e+00
  -2.6379420e+02   9.9264712e+01   1.0000000e+00
  -3.2769923e+02   5.0212579e+02   1.0000000e+00
   1.0744182e+02  -1.9325169e+02   2.0000000e+00
   2.7761646e+02   1.2900462e+02   1.0000000e+00
   3.5861499e+01   4.8361193e+02   1.0000000e+00
   1.3888748e+02   1.3218155e+02   1.0000000e+00
   1.5677974e+02   3.9922540e+02   1.0000000e+00
   1.7042144e+02   2.5563170e+02   1.0000000e+00
  -1.2276870e+01   2.2523247e+02   1.0000000e+00
  -5.1436839e+02  -2.9203842e+02   1.0000000e+00
  -2.1392424e+02  -1.6455852e+02   1.0000000e+00
   2.3614327e+02  -5.2157881e+01   1.0000000e+00
  -1.7375248e+02  -2.8561653e+02   2.0000000e+00
  -3.1246511e+02  -2.0420403e+02   1.0000000e+00
   3.9462147e+02   1.1132972e+02   1.0000000e+00
  -2.7230891e+02  -2.3589405e+02   1.0000000e+00
  -2.0388903e+02  -4.3389423e+02   1.0000000e+00
   2.6803034e+02   5.0042966e+01   1.0000000e+00
   8.4769138e+01  -4.0569044e+02   1.0000000e+00
  -3.4023563e+01   3.1373106e+01   2.0000000e+00
  -9.4193947e+01   2.4827684e+02   1.0000000e+00
   2.2943705e+02   4.9838181e+02   1.0000000e+00
  -2.3867473e+02  -2.7144992e+02   1.0000000e+00
  -3.3984739e+01   5.2868529e+02   2.0000000e+00
  -1.6978774e+02   2.0629893e+02   1.0000000e+00
  -1.7446215e+02   6.0872132e+00   1.0000000e+00
  -2.0844389e+02  -1.1939438e+01   2.0000000e+00
   1.5783367e+02  -2.6584469e+02   1.0000000e+00
  -2.9263144e+02  -4.1478890e+02   1.0000000e+00
  -7.6956025e+01  -1.8177075e+02   1.0000000e+00
   4.2725260e+01  -4.0438806e+02   1.0000000e+00
   2.0379308e+02   1.6430195e+02   1.0000000e+00
   2.2748670e+02   1.5154739e+02   1.0000000e+00
   3.6579742e+02  -4.7295703e+02   2.0000000e+00
  -1.5594462e+02   3.8704621e+00   1.0000000e+00
  -1.1685125e+02   4.8385000e+02   2.0000000e+00
  -1.5526873e+01   4.4672058e+02   2.0000000e+00
   4.4436107e+02  -3.8274799e+02   2.0000000e+00
  -2.5933375e+02   2.4263499e+02   1.0000000e+00
   2.3851689e+02  -4.4863714e+02   1.0000000e+00
   2.1871970e+02   2.7438499e+02   1.0000000e+00
   4.5204744e+02   3.7027645e+02   2.0000000e+00
   4.5274726e+02   2.0030133e+02   2.0000000e+00
   3.2696533e+02  -1.9356881e+02   1.0000000e+00
  -4.3971770e+02  -3.8784127e+02   1.0000000e+00
  -2.1188041e+02   3.2903958e+02   1.0000000e+00
   5.7752737e+01  -3.5192398e+02   1.0000000e+00
  -4.7992442e+02   3.8606734e+02   1.0000000e+00
  -1.1914678e+02  -4.7802373e+02   2.0000000e+00
   3.1103381e+02   6.8390530e+01   1.0000000e+00
  -1.9159793e+02  -2.9362147e+02   2.0000000e+00
   4.0436648e+02   4.4199777e+02   2.0000000e+00
   8.6107531e+01   1.5142610e+02   1.0000000e+00
  -2.8913587e+02  -1.5593323e+02   1.0000000e+00
  -1.9521919e+02  -4.9362064e+02   1.0000000e+00
   2.0390682e+02   2.0151442e+02   1.0000000e+00
  -2.5471609e+02  -3.5359730e+02   1.0000000e+00
  -2.3976683e+02  -2.2476808e+02   1.0000000e+00
  -1.4015234e+02  -4.2483782e+02   2.0000000e+00
  -4.7465490e+02   1.2621701e+02   1.0000000e+00
   4.4618966e+02  -3.7609696e+02   2.0000000e+00
  -3.0462172e+02   2.2604788e+02   1.0000000e+00
   4.8618023e+02   2.1437806e+02   2.0000000e+00
  -2.0838628e+02  -2.6442218e+02   1.0000000e+00
  -4.4278846e+02  -4.0016657e+02   1.0000000e+00
  -3.8330582e+02  -1.0289442e+02   1.0000000e+00
   4.7047935e+02   4.5187094e+01   1.0000000e+00
   1.5224728e+02   3.5725983e+02   2.0000000e+00
  -3.2469678e+01   2.9375598e+02   1.0000000e+00
   4.5237023e+02   3.1848935e+02   2.0000000e+00
   4.9446602e+02   5.9997385e+02   2.0000000e+00
   2.5223053e+02  -1.8813801e+02   1.0000000e+00
  -3.5387166e+02  -3.9345673e+02   1.0000000e+00
  -4.6681555e+01  -3.1594633e+02   1.0000000e+00
   1.2300869e+02  -1.6597926e+02   1.0000000e+00
  -2.4500337e+02  -2.0014077e+02   1.0000000e+00
  -8.8512215e+01  -2.1134475e+02   1.0000000e+00
  -2.9333688e+02   9.3301245e+01   1.0000000e+00
  -2.3734792e+02  -2.8487928e+02   1.0000000e+00
   2.5866804e+02  -3.7221964e+01   1.0000000e+00
   5.3238494e+02  -6.5159747e+01   2.0000000e+00
  -6.9904571e+01  -1.6998870e+02   1.0000000e+00
  -2.4617326e+02   5.1500762e+01   1.0000000e+00
  -1.7836834e+02   3.6930341e+02   1.0000000e+00
   6.9064902e+01  -2.5979433e+02   1.0000000e+00
  -1.9677530e+02   1.5650439e+02   1.0000000e+00
   3.6567432e+02   6.6656329e+01   1.0000000e+00
  -7.0114642e+01   2.4948525e+02   2.0000000e+00
   3.7220924e+02  -3.1489026e+01   1.0000000e+00
  -2.7068606e+02  -4.0793639e+02   1.0000000e+00
   3.0420896e+02   1.5215476e+02   1.0000000e+00
   7.2607240e+01   2.8965144e+02   1.0000000e+00
  -1.5876979e+02   2.9538542e+02   1.0000000e+00
   3.6092857e+02   4.7405051e+01   1.0000000e+00
  -3.4603879e+02  -2.6441775e+02   1.0000000e+00
   3.7219805e+02   1.4309853e+02   1.0000000e+00
  -4.2077056e+01   5.0919145e+00   2.0000000e+00
   1.8460849e+02   1.9227863e+02   1.0000000e+00
   1.5662699e+02   1.8104002e+02   1.0000000e+00
  -3.6528463e+01   1.9880691e+01   1.0000000e+00
  -2.4771489e+02  -4.6738837e+01   1.0000000e+00
  -5.3365000e+01  -2.2795850e+02   2.0000000e+00
   2.8071884e+02  -5.1987607e+01   1.0000000e+00
   2.3225815e+02   4.3114989e+01   1.0000000e+00
  -4.5441692e+02   7.9947930e+01   1.0000000e+00
   2.0931558e+02   1.8466077e+02   1.0000000e+00
  -4.4062166e+02   5.4339370e+00   1.0000000e+00
  -1.7467166e+02  -4.1556843e+02   2.0000000e+00
  -1.8061144e+02  -4.2270101e+01   1.0000000e+00
  -2.0875672e+02  -2.3504167e+02   1.0000000e+00
   8.5025027e+01  -2.1457550e+02   2.0000000e+00
   5.1271201e+02  -2.2517379e+02   2.0000000e+00
  -1.0045039e+02  -3.0599306e+02   1.0000000e+00
  -2.2436086e+02   5.3414234e+02   1.0000000e+00
  -4.5095216e+02  -1.2006066e+02   1.0000000e+00
   3.9507670e+02   1.0028460e+02   1.0000000e+00
   3.6095738e+02  -2.3838967e+02   1.0000000e+00
  -3.3671561e+02   7.4646332e+01   1.0000000e+00
  -1.0814577e+02  -2.1157778e+02   2.0000000e+00
   1.0332598e+01   4.3360205e+02   1.0000000e+00
   2.2625325e+02  -1.9489487e+01   1.0000000e+00
   3.2851509e+02   5.5925125e+02   2.0000000e+00
  -4.8786885e+02   2.4200741e+02   2.0000000e+00
   3.5490526e+02   3.6446288e+02   2.0000000e+00
   9.5477031e+01   1.7357099e+02   1.0000000e+00
   2.8298974e+02   2.1116215e+02   1.0000000e+00
  -4.1436344e+02  -2.1695148e+02   1.0000000e+00
   4.8215500e+01   7.5531408e+01   1.0000000e+00
   3.1007933e+02   3.3321489e+01   1.0000000e+00
  -5.0447992e+02   1.7578702e+01   1.2000000e+00
   1.5962517e+02  -3.0020983e+02   1.0000000e+00
  -1.8849189e+01  -2.7550154e+02   1.0000000e+00
   5.1953589e+02   4.7715913e+02   2.0000000e+00
  -1.9513719e+02  -2.7194172e+02   1.0000000e+00
  -1.7221258e+02   6.2421238e+01   1.0000000e+00
  -1.4900784e+02   5.3869468e+02   2.0000000e+00
   2.6642496e+02   5.4827207e+01   1.0000000e+00
   5.1896432e+02   3.3726696e+02   2.0000000e+00
   2.4741790e+02  -2.5777434e+02   1.0000000e+00
   3.6114836e+02  -4.4418659e+02   1.0000000e+00
  -3.4218674e+02   5.4127594e+02   2.0000000e+00
   3.3191402e+02   5.3795392e+02   2.0000000e+00
   1.8540549e+02  -1.3208789e+02   1.0000000e+00
  -1.1106264e+02  -2.0733036e+02   2.0000000e+00
  -1.0383569e+02   5.2914141e+02   2.0000000e+00
   2.4158744e+02  -3.3773074e+01   1.0000000e+00
  -1.5596021e+02  -3.6175539e+02   1.0000000e+00
   2.7054504e+02   4.5185225e+02   2.0000000e+00
  -2.0537349e+02   5.7064047e+01   2.0000000e+00
  -2.2803891e+02  -1.9034451e+02   1.0000000e+00
   3.2006235e+02   5.8873550e+02   2.0000000e+00
  -2.6507706e+02   2.7557048e+02   1.0000000e+00
  -1.7367412e+02   4.4750324e+01   2.0000000e+00
   8.5654731e+00  -3.2168345e+02   1.0000000e+00
   3.5280226e+02  -5.0753404e+02   2.0000000e+00
  -3.1463388e+02   2.0008251e+02   1.0000000e+00
  -2.0644029e+02   1.7028307e+02   1.0000000e+00
  -1.0454246e+02   1.9729011e+02   1.0000000e+00
  -1.9371748e+02   4.9553497e+01   1.0000000e+00
   4.3689395e+02  -3.6656008e+02   2.0000000e+00
  -8.4294952e+00  -2.0267534e+02   1.0000000e+00
  -5.8105181e+02  -4.8318301e+02   2.0000000e+00
  -1.9439861e+02  -2.6294905e+02   1.0000000e+00
   4.9273092e+02   4.7139465e+02   2.0000000e+00
  -1.0137605e+01   3.3406194e+02   1.0000000e+00
  -3.8692307e+02   3.0369282e+02   1.0000000e+00
   5.2629848e+02  -2.1523527e+02   2.0000000e+00
   1.5726963e+02   5.4419031e+01   1.0000000e+00
   1.7121619e+02  -7.4137693e+01   1.0000000e+00
   5.4790899e+02  -5.2549808e+02   2.0000000e+00
   2.0647046e+02  -2.8191458e+02   1.0000000e+00
  -1.6488858e+02  -1.3623067e+02   1.0000000e+00
  -2.4274277e+02   5.4303145e+01   1.0000000e+00
  -2.2989061e+01   1.4073647e+02   1.0000000e+00
   7.8825966e+01  -3.4023238e+02   1.0000000e+00
   6.0825522e+01   2.4946197e+02   1.0000000e+00
   1.3854033e+02   3.9855734e+02   2.0000000e+00
   1.2550971e+02   3.1652853e+02   1.0000000e+00
  -1.3660881e+02   1.6637349e+02   1.0000000e+00
  -3.1458072e+02  -1.0548962e+02   1.0000000e+00
  -2.5357887e+02  -2.9009489e+02   1.0000000e+00
  -1.4603254e+02  -4.0031842e+02   2.0000000e+00
  -2.0230435e+02  -1.6011891e+02   1.0000000e+00
   2.7989868e+02  -1.0562215e+02   1.0000000e+00
   4.7124392e+02   3.3807155e+02   2.0000000e+00
  -5.9496227e+02  -5.1758831e+02   2.0000000e+00
  -4.5895175e+02  -4.0939204e+02   2.0000000e+00
   3.8434415e+02   2.5489399e+01   1.0000000e+00
   2.2120531e+02   2.5842343e+01   1.0000000e+00
  -2.4776899e+02   2.6521936e+02   1.0000000e+00
  -1.2703171e+02   4.0893636e+02   1.0000000e+00
   2.6516036e+02  -1.0349800e+02   1.0000000e+00
   5.2513766e+02  -1.6114279e+02   2.0000000e+00
   4.1095889e+02   4.1828125e+01   1.0000000e+00
   2.0538453e+01   3.7280094e+01   1.0000000e+00
   3.2078047e+02   5.5481299e+02   2.0000000e+00
   2.5110480e+02   3.0476470e+02   1.0000000e+00
   1.4695165e+02  -1.7751550e+02   2.0000000e+00
  -3.0960976e+02   1.5152499e+02   1.0000000e+00
  -2.3240627e+02  -1.1939410e+02   1.0000000e+00
   1.4630634e+01  -2.2917556e+02   1.0000000e+00
  -3.0916346e+01  -1.7627596e+02   2.0000000e+00
   1.4511570e+02  -3.1684879e+01   1.0000000e+00
  -8.2079398e+00   2.1262546e+02   1.0000000e+00
   2.9839211e+02  -2.9831323e+02   1.0000000e+00
   1.1991381e+01   3.4466226e+00   2.0000000e+00
   3.6701723e+02  -4.6259069e+02   2.0000000e+00
  -2.2999862e+02   2.5303952e+02   1.0000000e+00
   2.5922428e+02  -7.2416054e+01   1.0000000e+00
  -1.7417622e+02   3.6140436e+01   2.0000000e+00
   1.6210440e+02   5.4592131e+01   1.0000000e+00
   1.6724226e+02   1.8240032e+02   1.0000000e+00
   6.8038665e+01   1.9530730e+02   1.0000000e+00
   2.7442396e+02  -3.0689063e+02   1.0000000e+00
  -3.1432546e+01   1.5297677e+02   1.0000000e+00
  -1.6797111e+02   5.0531663e+02   2.0000000e+00
   3.9057792e+01   5.3205850e+02   2.0000000e+00
  -4.1289015e+02   2.0061018e+02   1.0000000e+00
   5.0203349e+02  -2.4920442e+02   2.0000000e+00
  -4.7512766e+02  -2.8560050e+02   1.0000000e+00
   3.6008655e+01   1.8582688e+02   1.0000000e+00
  -2.4956656e+02  -3.6726655e+02   1.0000000e+00
   5.4226939e+02   5.3241593e+02   2.0000000e+00
  -2.4737593e+02  -6.0097370e+01   1.0000000e+00
  -2.8700968e+02   1.5683750e+02   1.0000000e+00
  -4.2972594e+02  -3.6584231e+01   1.0000000e+00
  -3.1051687e+02   5.5232418e+02   2.0000000e+00
  -2.8852951e+02  -1.4103787e+02   1.0000000e+00
   4.9485346e+01   4.3433323e+02   1.0000000e+00
   1.4912912e+02   1.5995352e+02   1.0000000e+00
   1.8650043e+02  -3.8708207e+02   1.0000000e+00
  -2.0468039e+02   1.7277720e+02   1.0000000e+00
  -4.1904738e+02  -2.9760988e+02   2.0000000e+00
  -3.0759516e+02   2.5183983e+02   1.0000000e+00
   3.3028920e+02   1.5153678e+02   1.0000000e+00
  -1.6714799e+02  -8.0126718e+01   1.0000000e+00
  -4.1107134e+02   5.6146695e+02   2.0000000e+00
  -1.7603767e+01   9.6313837e+01   1.0000000e+00
   1.1506109e+02   2.6633764e+02   1.0000000e+00
  -2.6200336e+02   1.2421382e+02   1.0000000e+00
  -1.1552227e+02   2.9508723e+02   1.0000000e+00
   4.3463470e+02  -1.8866786e+01   1.0000000e+00
   3.1509151e+02   3.7221404e+02   2.0000000e+00
  -1.6478018e+02  -2.6948831e+02   1.0000000e+00
   3.7429584e+02  -3.6078009e+02   1.0000000e+00
  -6.0239351e+01   2.0841607e+02   1.0000000e+00
  -4.0869629e+02   2.9714623e+02   1.0000000e+00
  -1.0537867e+02   2.9098610e+02   1.0000000e+00
   2.4965841e+02   1.4642038e+02   1.0000000e+00
  -2.0917899e+02  -4.4827710e+02   2.0000000e+00
  -9.6211516e+01   4.3908704e+01   1.0000000e+00
  -7.9368429e+01   5.4620460e+02   2.0000000e+00
   5.0045438e+02   2.0607973e+02   2.0000000e+00
   3.2238192e+02  -1.0647506e+02   1.0000000e+00
  -3.1147892e+02  -2.6178030e+02   1.0000000e+00
  -7.4290863e+01  -3.0378062e+02   1.0000000e+00
  -3.6261216e+02  -1.3255739e+02   1.0000000e+00
   4.2148261e+02  -4.3684135e+02   2.0000000e+00
   1.6234057e+02   3.2359151e+02   1.0000000e+00
  -4.4012764e+02   1.2347912e+02   1.0000000e+00
  -3.4902183e+01  -5.2365034e+01   1.0000000e+00
   1.7450621e+02   4.0837208e+02   1.0000000e+00
   3.1075590e+02  -1.5555328e+02   1.0000000e+00
   3.1602040e+02  -3.5923090e+02   1.0000000e+00
   5.1872218e+01   1.6278552e+02   1.0000000e+00
   1.1631848e+02  -2.8225310e+02   1.0000000e+00
  -3.4393562e+02  -2.1199466e+02   1.0000000e+00
   2.9911676e+02  -1.4700669e+02   1.0000000e+00
  -3.1042550e+02   8.2938088e+01   1.0000000e+00
   1.0311101e+02  -3.5378399e+02   1.0000000e+00
   6.7580343e+01  -4.4528041e+02   2.0000000e+00
  -5.9093629e+00   8.2659501e+01   1.0000000e+00
  -5.0642137e+02  -4.4800878e+02   2.0000000e+00
  -6.6408659e+01   1.5261929e+02   1.0000000e+00
   1.3648178e+02   2.0327665e+02   1.0000000e+00
   6.7552674e+01  -4.6949038e+02   2.0000000e+00
   5.0896425e+02   4.7617343e+02   2.0000000e+00
  -4.8566539e+02  -7.2448598e+01   1.0000000e+00
  -5.1850686e+02  -5.0487838e+02   2.0000000e+00
  -5.4659444e+02   1.0621764e+02   1.5000000e+00
  -3.9143378e+02  -3.5047270e+02   1.0000000e+00
   4.2620458e+02   5.9377666e+02   2.0000000e+00
   5.3254371e+01   3.6113070e+02   1.0000000e+00
   1.2454125e+02   9.3192373e+01   1.0000000e+00
   2.3336532e+02   5.0813524e+02   1.0000000e+00
   2.3352697e+02   1.9510910e+01   1.0000000e+00
   2.7423768e+01  -1.8725952e+02   1.0000000e+00
   1.5686730e+02   4.3148701e+02   1.0000000e+00
  -1.4566737e+02   4.4930147e+02   1.0000000e+00
  -5.4400460e+01   7.1997680e+01   1.0000000e+00
   2.6314080e+02   1.8885132e+02   1.0000000e+00
  -4.5054992e+02   4.2372290e+02   1.0000000e+00
   5.4665467e+02   3.4352815e+02   2.0000000e+00
  -6.5153031e+01   1.2095457e+02   1.0000000e+00
   2.7631608e+02  -2.7825659e+02   1.0000000e+00
  -2.6657915e+02   3.8230978e+02   1.0000000e+00
  -4.7870568e+02   1.3222915e+01   1.0000000e+00
  -3.3321649e+02   2.0147327e+02   1.0000000e+00
   4.1684852e+02  -2.5652300e+02   2.0000000e+00
  -3.6582464e+00   2.9616504e+02   1.0000000e+00
  -6.7749720e+01   1.4058899e+02   1.0000000e+00
   3.2628819e+02  -2.2910739e+02   1.0000000e+00
  -2.2945170e+02   2.2310447e+02   1.0000000e+00
   2.4960733e+02  -3.9192597e+01   1.0000000e+00
   3.9969457e+02   2.2942846e+02   1.0000000e+00
   3.5714304e+02  -3.0188283e+02   1.0000000e+00
  -7.0454576e+01   4.0310315e+01   1.0000000e+00
   2.1832915e+01   1.5946208e+02   1.0000000e+00
   9.0044714e+01  -4.0776887e+02   1.0000000e+00
   3.5317197e+02   5.5948500e+02   2.0000000e+00
   2.6916070e+02  -5.2623183e+02   2.0000000e+00
   4.4760141e+02   4.2824881e+02   2.0000000e+00
  -3.4044774e+02   1.4258063e+02   1.0000000e+00
  -3.9916792e+02   3.2850743e+02   1.0000000e+00
   2.4485616e+02   1.3129924e+02   1.0000000e+00
  -3.9972193e+02   2.7623635e+02   1.0000000e+00
   4.5378580e+02  -4.9447354e+02   2.0000000e+00
   4.2097629e+02  -2.4517216e+02   2.0000000e+00
   2.3876779e+02   1.1430528e+02   1.0000000e+00
  -1.7111794e+02  -2.6878249e+02   2.0000000e+00
   4.0900287e+02  -1.5810799e+02   1.0000000e+00
  -1.3650196e+02  -2.7048226e+02   1.0000000e+00
  -5.3052983e+02  -4.8645810e+02   2.0000000e+00
  -5.9203019e+00   2.2094067e+02   1.0000000e+00
   1.4498386e+02   1.4366026e+02   1.0000000e+00
  -4.6051655e+02   5.6678019e+02   2.0000000e+00
   4.5638022e+02  -3.1678296e+02   1.0000000e+00
   3.7016442e+02  -5.3021317e+02   2.0000000e+00
  -3.8455440e+02   5.4249809e+02   2.0000000e+00
   2.9755312e+01  -1.5856213e+02   2.0000000e+00
  -3.7360282e+02   4.5562977e+02   1.0000000e+00
  -1.5425086e+02  -2.7379814e+02   1.0000000e+00
   4.2084157e+02  -1.4068748e+02   1.0000000e+00
  -4.7098290e+02  -2.6078711e+01   1.0000000e+00
   2.1669898e+02  -2.7010522e+02   1.0000000e+00
   4.1953699e+02   6.9808152e+01   1.0000000e+00
  -4.8492011e+02  -3.8198812e+02   1.0000000e+00
   1.6635034e+02  -3.4503537e+02   1.0000000e+00
  -1.8402176e+02   4.6914604e+02   1.0000000e+00
  -1.0928285e+02  -1.5509995e+02   1.0000000e+00
   2.5303319e+02   5.2534603e+02   2.0000000e+00
   1.5378079e+02   4.7951513e+02   1.0000000e+00
   3.6348940e+02   2.6705565e+01   1.0000000e+00
   4.4621467e+01   4.4060681e+02   1.0000000e+00
  -6.5925687e+01   1.7384737e+02   1.0000000e+00
   1.1385965e+02  -3.3492426e+02   1.0000000e+00
  -1.9619085e+02   2.5275232e+02   1.0000000e+00
  -3.7132864e+02   1.9511664e+02   1.0000000e+00
  -3.7664746e+02  -1.5394299e+02   1.0000000e+00
  -4.1702583e+00   2.0085338e+02   1.0000000e+00
   1.6827260e+02  -3.0375494e+02   1.0000000e+00
  -2.4021870e+02   2.3599600e+01   2.0000000e+00
   1.5576039e+02  -1.8027046e+02   1.0000000e+00
   1.7830509e+02  -1.1487575e+02   1.0000000e+00
   2.4245178e+02  -5.5178779e+01   1.0000000e+00
  -4.7185409e+02  -1.4171395e+01   1.0000000e+00
   8.8734125e+01  -1.6246122e+02   2.0000000e+00
   3.8759610e+02  -3.6113508e+02   2.0000000e+00
   3.0851518e+02  -1.9359749e+02   1.0000000e+00
   2.3807611e+01  -1.5523081e+02   1.0000000e+00
   3.5739570e+02   8.7276656e+01   1.0000000e+00
   4.3875463e+02  -1.3937366e+02   1.0000000e+00
  -2.6609361e+02   1.0858370e+02   1.0000000e+00
  -1.7689313e+02  -2.1831150e+02   1.0000000e+00
   1.9410840e+02  -3.6713226e+02   1.0000000e+00
   2.4953940e+02   4.1409454e+02   2.0000000e+00
   5.1756888e+02   5.0530810e+02   2.0000000e+00
   3.6345535e+02   1.2491996e+02   1.0000000e+00
   2.9773392e+02  -2.1032780e+02   1.0000000e+00
  -3.1454384e+02  -3.1746975e+02   1.0000000e+00
   4.5636824e+02   2.1878767e+00   1.0000000e+00
   4.8887725e+02  -3.3562513e+01   2.0000000e+00
   5.0001543e+01   7.1393775e+01   1.0000000e+00
   4.5255832e+02  -1.7969000e+02   2.0000000e+00
  -4.1446798e+02   5.6592113e+02   2.0000000e+00
   2.0631450e+02  -2.9555227e+02   1.0000000e+00
   5.7080198e+02   4.7581626e+02   2.0000000e+00
   1.1697956e+02   1.7147406e+02   1.0000000e+00
   3.1854091e+02   1.8853687e+02   1.0000000e+00
   4.0016103e+02  -5.1980926e+02   2.0000000e+00
   2.4901767e+02  -4.7817422e+01   1.0000000e+00
   3.2634773e+02   3.0296423e+02   1.0000000e+00
  -2.0832610e+02  -9.8298485e+01   1.0000000e+00
   6.9306434e+01   2.4698660e+02   1.0000000e+00
   2.7570110e+02  -2.4533387e+01   1.0000000e+00
   3.7674677e+01  -1.6928745e+02   1.0000000e+00
   1.3719323e+02   2.5649220e+02   1.0000000e+00
  -3.0799294e+02   1.8399304e+02   1.0000000e+00
  -1.6193807e+02   3.6519548e+02   1.0000000e+00
  -4.0942336e+02   1.2961977e+02   1.0000000e+00
   3.0488388e+02   1.8288135e+02   1.0000000e+00
   3.5956100e+02   5.1001268e+02   2.0000000e+00
   2.5861503e+02  -1.6117895e+02   1.0000000e+00
  -3.7873475e+02  -1.8381749e+02   1.0000000e+00
  -2.0117889e+02  -1.7797340e+02   1.0000000e+00
   4.6082491e+02  -2.4309832e+02   1.0000000e+00
   1.9312253e+02  -4.7705003e+02   1.0000000e+00
  -4.9544629e+02   6.8229796e+01   2.0000000e+00
  -5.1219861e+02   1.7324486e+02   2.0000000e+00
  -1.5173888e+02  -3.7443229e+02   2.0000000e+00
  -1.2212927e+02   4.8293395e+02   2.0000000e+00
   7.2823139e+01   1.1362493e+02   1.0000000e+00
  -1.1612092e+02  -2.1329365e+02   1.0000000e+00
   2.7354298e+02  -6.4797876e+01   1.0000000e+00
  -5.9290675e+01  -1.5191240e+02   2.0000000e+00
  -3.7321061e+02   1.0827545e+02   1.0000000e+00
  -1.5339841e+02  -5.1334127e+02   1.0000000e+00
  -2.0499492e+01  -1.8614195e+02   1.0000000e+00
   3.3297338e+02   2.6792053e+01   1.0000000e+00
  -2.7788492e+02   2.2618402e+02   1.0000000e+00
   3.1407764e+02  -2.8507070e+02   1.0000000e+00
  -3.2029956e+02  -2.1280954e+02   1.0000000e+00
  -4.7028357e+02  -3.2204812e+02   1.0000000e+00
  -3.6028060e+02   7.9497492e+01   1.0000000e+00
   4.5172239e+02   1.9134821e+02   2.0000000e+00
  -1.7216066e+02   2.6633448e+02   1.0000000e+00
  -3.5300812e+02   2.4929722e+02   1.0000000e+00
   1.1737567e+01   3.1981718e+02   1.0000000e+00
   2.5319967e+02   4.0643038e+02   2.0000000e+00
   3.7911104e+02  -3.0128089e+02   1.0000000e+00
  -4.6457955e+02   4.1987544e+02   1.0000000e+00
   6.6687269e+01   5.5356722e+01   1.0000000e+00
   4.9378877e+02   1.4460958e+02   1.0000000e+00
  -9.4447765e+01  -1.6841412e+02   1.0000000e+00
   3.8895084e+02  -3.2084744e+02   1.0000000e+00
   4.3174839e+02   5.1233216e+01   1.0000000e+00
   3.4737902e+01   1.3506298e+01   1.0000000e+00
  -2.2080144e+02   1.3794474e+02   1.0000000e+00
   1.5437884e+02  -2.7953549e+02   1.0000000e+00
  -3.5789651e+02   2.0558327e+02   1.0000000e+00
   3.5691807e+02   5.2569637e+02   2.0000000e+00
  -5.0845056e+02  -4.0848713e+02   2.0000000e+00
  -2.9760894e+01   2.9874119e+02   1.0000000e+00
  -1.7066436e+02   3.3260403e+02   1.0000000e+00
  -4.2304144e+02  -4.5241891e+02   1.0000000e+00
   2.6177686e+02   3.9137445e+02   2.0000000e+00
  -9.8144486e+01   1.4492819e+02   1.0000000e+00
   1.4944831e+02  -3.4318215e+02   1.0000000e+00
  -1.1916507e+02   4.0006551e+02   1.0000000e+00
  -1.4331557e+02  -3.2988305e+02   1.0000000e+00
   4.0137800e+02   2.4146072e+02   1.0000000e+00
   1.1067593e+02  -4.9440768e+02   2.0000000e+00
   1.7877591e+02   6.3212028e+01   1.0000000e+00
  -1.8193596e+02   3.6743611e+02   1.0000000e+00
   4.4179360e+02   5.6165520e+02   2.0000000e+00
   3.5345679e+02  -2.3354979e+02   1.0000000e+00
  -1.2444073e+02   4.0258980e+02   1.0000000e+00
  -2.6708775e+02  -1.4560703e+02   1.0000000e+00
   4.1735764e+02  -2.3856480e+02   2.0000000e+00
   3.6717019e+02   4.7558305e+02   2.0000000e+00
   2.1674420e+02  -1.9593897e+02   1.0000000e+00
   2.5343556e+01   1.8290850e+02   1.0000000e+00
  -3.0919670e+02  -1.6526275e+00   1.0000000e+00
   2.7181712e+02   1.3268514e+02   1.0000000e+00
  -2.6088353e+02  -1.9812938e+02   1.0000000e+00
   2.2263464e+02  -4.0699477e+02   1.0000000e+00
   2.4775951e+02   4.6690366e+02   2.0000000e+00
   5.7783610e+02  -2.2158464e+02   2.0000000e+00
   3.2904531e+02   2.0121924e+02   1.0000000e+00
  -1.0235679e+02   4.1421502e+02   1.0000000e+00
   4.2593076e+02  -4.0978954e+02   2.0000000e+00
   7.4695559e+01  -3.9966718e+02   2.0000000e+00
  -3.2967677e+02  -6.8607861e+01   1.0000000e+00
   1.0865298e+02  -1.8323628e+02   1.0000000e+00
  -3.6864453e+01   4.8956370e+02   2.0000000e+00
  -1.0444518e+02  -4.6506327e+02   2.0000000e+00
   3.1271633e+02   1.7265144e+02   1.0000000e+00
   1.8863148e+02  -4.3336190e+02   1.0000000e+00
  -5.3151322e+02  -4.4344059e+02   2.0000000e+00
  -4.0449749e+02   6.1238512e+01   1.0000000e+00
   5.5046028e+01   4.8423462e+01   1.0000000e+00
  -2.4722103e+02   5.9899874e+01   1.0000000e+00
   5.7446523e+02   4.7714147e+02   2.0000000e+00
  -3.2465773e+02   2.0243476e+02   1.0000000e+00
  -4.3054272e+02   1.2339783e+02   1.0000000e+00
   1.5872585e+02   4.3781617e+02   1.0000000e+00
  -1.4276896e+02  -4.4449128e+02   2.0000000e+00
   2.9555125e+02  -1.0291696e+02   1.0000000e+00
   4.6580891e+02  -2.2599685e+02   1.0000000e+00
  -2.5509096e+02  -7.7890753e+01   1.0000000e+00
  -2.2652432e+02   3.5941403e+02   1.0000000e+00
  -3.7874472e+02  -3.4482896e+02   1.0000000e+00
   1.3142722e+02   9.0994164e+01   1.0000000e+00
   1.4142127e+02   5.8846970e+01   1.0000000e+00
  -4.1736181e+02  -3.7394540e+02   1.0000000e+00
  -2.0934990e+02   3.0597600e+02   1.0000000e+00
  -2.6402079e+01   1.4673296e+02   1.0000000e+00
  -2.7225903e+01   1.2963345e+02   1.0000000e+00
   1.8646316e+02   3.9400263e+02   1.0000000e+00
  -1.0683207e+02   5.9375149e+01   1.0000000e+00
   2.0972603e+02   1.2884696e+02   1.0000000e+00
  -1.2300359e+02  -4.3136696e+02   2.0000000e+00
   3.7310983e+02   4.6717311e+02   2.0000000e+00
  -3.8351102e+01   8.7956759e+01   1.0000000e+00
  -1.6373603e+02   1.9963799e+02   1.0000000e+00
  -4.5410353e+02  -8.0577902e+01   1.0000000e+00
   2.4929719e+02  -2.2208693e+02   1.0000000e+00
   1.4577852e+02   4.4332651e+02   1.0000000e+00
  -1.4643775e+02   1.5840603e+02   1.0000000e+00
  -3.7407937e+02  -1.7107489e+02   1.0000000e+00
  -4.1508118e+02   3.4155262e+02   1.0000000e+00
  -1.7015712e+02   1.3863867e+02   1.0000000e+00
  -2.1747382e+02  -2.7502191e+02   1.0000000e+00
   7.8385863e+00   1.2460447e+02   1.0000000e+00
  -1.2386635e+02   3.5307914e+02   1.0000000e+00
   4.0424185e+02  -4.4358055e+00   1.0000000e+00
   4.7779238e+01  -4.4613192e+02   1.0000000e+00
  -4.5963352e+02   5.0271322e+02   2.0000000e+00
  -6.6515305e+01   8.9095599e+01   1.0000000e+00
  -1.5545590e+02   2.4976949e+01   1.0000000e+00
   4.7226063e+02   4.5508690e+02   2.0000000e+00
  -1.9024554e+02   5.5175184e+02   2.0000000e+00
  -1.3684395e+02   1.7412619e+02   1.0000000e+00
  -2.1112277e+02  -2.4565891e+02   1.0000000e+00
   1.8898245e+02   4.8627648e+02   2.0000000e+00
  -2.8084562e+02   3.1777519e+02   1.0000000e+00
   1.0908105e+02  -6.4243931e+01   1.0000000e+00
   2.8488597e+02  -2.4902957e+02   1.0000000e+00
   2.6190851e+02  -9.6426106e+01   1.0000000e+00
   1.5019706e+02  -2.7376720e+02   1.0000000e+00
  -1.2925995e+02  -7.7771112e+01   1.0000000e+00
   4.4244769e+01   2.3717025e+02   1.0000000e+00
  -3.2283115e+02  -3.7567271e+02   1.0000000e+00
   3.3548808e+02   1.2395649e+02   1.0000000e+00
   1.0847536e+02  -1.6707557e+02   1.0000000e+00
  -5.6137037e+02   5.4415995e+02   2.0000000e+00
   8.4768021e+01  -3.4928927e+02   1.0000000e+00
  -2.3043145e+01   2.8516442e+02   1.0000000e+00
  -1.2628218e+01   2.8738087e+01   2.0000000e+00
  -4.3807191e+02  -3.9422081e+01   1.0000000e+00
  -5.0289640e+02  -2.2023091e+02   1.0000000e+00
   5.1887342e+02  -5.0975585e+02   2.0000000e+00
  -3.7489185e+02   4.7405630e+02   1.0000000e+00
   4.4718091e+02   1.8375698e+02   2.0000000e+00
  -2.7799336e+02   2.5605986e+02   1.0000000e+00
  -1.1998150e+02   1.6624305e+02   1.0000000e+00
  -1.0118429e+02  -3.5347383e+02   1.0000000e+00
  -1.2625421e+02   2.3203040e+02   1.0000000e+00
  -2.1387679e+02  -5.1530413e+02   1.0000000e+00
   2.0305604e+02   1.7206033e+02   1.0000000e+00
   3.0924586e+02   4.7345665e+02   2.0000000e+00
  -7.0382315e+01   1.2557692e+02   1.0000000e+00
  -1.8717955e+02  -1.6646089e+02   1.0000000e+00
   8.9746122e+01  -3.9333577e+02   2.0000000e+00
  -8.0019177e+01  -3.1124350e+02   1.0000000e+00
  -2.2824569e+02  -8.7879111e+01   1.0000000e+00
   4.7408376e+02  -9.4340248e+01   1.0000000e+00
   1.9744139e+02  -4.5481565e+01   1.0000000e+00
  -3.3999399e+02  -2.3177805e+02   1.0000000e+00
  -3.8256151e+02  -3.8390089e+02   1.0000000e+00
   1.7042594e+02   3.0053424e+02   1.0000000e+00
  -1.8326770e+02   3.6118748e+02   1.0000000e+00
   1.3200046e+02   2.6183900e+02   1.0000000e+00
  -1.5570503e+02  -4.3749047e+01   1.0000000e+00
  -3.0150507e+02  -2.7214784e+01   1.0000000e+00
   1.9547064e+02  -3.1721496e+01   1.0000000e+00
   5.0685999e+01   2.7404484e+02   1.0000000e+00
   2.3388642e+02  -2.6854902e+02   1.0000000e+00
  -4.8274934e+01  -1.7251051e+00   1.0000000e+00
  -1.9075440e+02   1.6763451e+02   1.0000000e+00
   3.8825847e+02  -3.4426006e+02   1.0000000e+00
   1.1496031e+02  -4.2669345e+02   2.0000000e+00
   2.2501301e+02  -1.0764370e+02   1.0000000e+00
   3.8334762e+02  -2.6300516e+01   1.0000000e+00
  -6.6626124e+00   4.3541619e+02   1.0000000e+00
   4.6512751e+02  -1.1482884e+02   1.0000000e+00
  -1.3586530e+01  -2.5120284e+02   2.0000000e+00
   1.3377606e+02  -1.5306702e+02   2.0000000e+00
   9.4934303e+01  -4.0369916e+02   1.0000000e+00
  -1.4062542e+02   1.6773270e+00   1.0000000e+00
   1.2631084e+02   1.1083690e+02   1.0000000e+00
   4.8934387e+02   5.7650053e+02   2.0000000e+00
   1.5239626e+02  -1.6908218e+02   2.0000000e+00
  -4.8695744e+02   1.5330593e+02   1.0000000e+00
  -4.5319321e+01   2.5059708e+01   1.0000000e+00
   1.3510080e+02   2.9482186e+02   1.0000000e+00
  -2.5927165e+02   9.9683033e+01   1.0000000e+00
   1.1498007e+01   3.3763566e+02   1.0000000e+00
  -2.0711983e+02  -7.3199022e+01   1.0000000e+00
   6.7572463e+01  -1.9237232e+02   1.0000000e+00
  -1.8841813e+02  -2.3870624e+01   1.0000000e+00
   1.2399878e+02   1.4378192e+02   1.0000000e+00
  -1.5464480e+02  -3.6377659e+01   1.0000000e+00
   5.1966225e+02  -2.7213741e+02   1.0000000e+00
   4.6520106e+02   2.1403317e+02   1.0000000e+00
  -1.8588260e+02   1.6041526e+02   1.0000000e+00
  -1.5470070e+02  -2.7921091e+01   1.0000000e+00
   2.7169574e+02   2.5204532e+02   1.0000000e+00
  -3.9054828e+02  -5.1365805e+02   2.0000000e+00
