   3.0204397e+02   4.1411089e+02   1.0000000e+00
  -2.5232426e+01   4.9600145e+02   2.0000000e+00
  -3.9269659e+02  -8.8358550e+01   1.0000000e+00
  -1.1936039e+02  -2.0842746e+02   1.0000000e+00
   8.1813034e+01  -1.0529931e+02   1.0000000e+00
   3.9072716e+02  -4.0667264e+02   1.0000000e+00
   2.8752182e+02   3.5444755e+02   1.0000000e+00
  -1.2823355e+02  -2.8907211e+02   1.0000000e+00
  -7.7411581e+01   5.3860595e+02   2.0000000e+00
   3.9952850e+02  -4.8943476e+02   1.0000000e+00
   3.7151452e+02  -5.0694853e+02   1.0000000e+00
  -5.5249229e+02  -4.2482326e+02   1.0000000e+00
  -4.2408021e+02  -4.0490370e+02   1.0000000e+00
  -2.6415736e+02  -3.5234008e+02   1.0000000e+00
   5.7304932e+02   3.0103224e+02   1.0000000e+00
  -5.5122681e+02   5.2797430e+02   1.0000000e+00
   5.2841055e+02   5.6859027e+01   1.0000000e+00
   5.5018865e+02   2.4215358e+02   1.0000000e+00
   5.8607828e+02   4.0565455e+02   2.0000000e+00
  -3.5843017e+02   5.3657335e+02   1.0000000e+00
  -4.2401867e+02   8.2685614e+01   1.0000000e+00
   8.2834297e+01   3.2005518e+02   1.0000000e+00
   4.9119614e+02  -4.1914565e+02   1.0000000e+00
   2.6659656e+02  -4.1872298e+02   1.0000000e+00
  -2.0462753e+02  -4.2942752e+02   1.0000000e+00
  -5.0869786e+02   4.2896964e+02   1.0000000e+00
  -3.9930148e+02  -2.9768566e+02   1.0000000e+00
  -4.6174695e+02   2.9532831e+01   1.0000000e+00
  -3.7513345e+02  -1.1806545e+02   1.0000000e+00
  -1.0454274e+02   5.8139371e+02   2.0000000e+00
   4.6447042e+01  -5.0625467e+02   2.0000000e+00
  -3.7057397e+02  -1.4681791e+02   1.0000000e+00
  -3.1646218e+02  -2.2110844e+02   1.0000000e+00
   2.7047722e+02  -5.2823149e+02   1.0000000e+00
  -2.5092167e+02  -3.2216703e+02   1.0000000e+00
   3.8563204e+01  -2.0803974e+02   1.0000000e+00
  -5.0416120e+02   9.1345733e+01   2.0000000e+00
  -3.9206360e+02  -4.6171466e+02   1.0000000e+00
  -4.7980354e+01  -2.9658722e+02   1.0000000e+00
  -6.6485087e+01   1.0150440e+02   1.0000000e+00
  -4.0516945e+02  -2.6023887e+02   1.0000000e+00
   1.7611150e+02   5.0777630e+02   1.0000000e+00
  -2.5310627e+02   4.4652123e+02   2.0000000e+00
  -2.6981904e+02   1.8849222e+02   1.0000000e+00
  -4.1202486e+02  -3.7747432e+02   1.0000000e+00
  -4.7235095e+01   2.9655670e+02   1.0000000e+00
   1.1711626e+02  -3.8275755e+02   1.0000000e+00
   1.1798938e+02  -3.7164302e+01   1.0000000e+00
   4.3139218e+02  -2.3184449e+02   1.0000000e+00
  -1.0275049e+02  -8.9149418e+01   1.0000000e+00
  -3.2295682e+01   2.5302856e+02   1.0000000e+00
  -1.2145718e+02   5.8531795e+00   1.0000000e+00
  -1.9111370e+02   4.4182984e+02   1.0000000e+00
   4.3232782e+02  -2.3591338e+02   1.0000000e+00
   3.8492995e+00  -3.4402596e+02   1.0000000e+00
  -5.5625817e+02   5.5463087e+02   2.0000000e+00
  -2.2755909e+01  -1.4276210e+02   1.0000000e+00
   7.3660272e+01  -3.6211618e+02   1.0000000e+00
   2.2583341e+02   2.2464450e+02   1.0000000e+00
   4.5967387e+02   2.3052755e+02   1.0000000e+00
  -4.6625229e+02  -4.3920047e+02   1.0000000e+00
  -2.3158003e+01  -3.9767916e+02   1.0000000e+00
  -5.9672811e+01  -2.3871319e+02   1.0000000e+00
  -3.2268808e+02  -1.8674729e+02   1.0000000e+00
  -1.5307647e+02  -1.6298834e+01   1.0000000e+00
   1.8159359e+02   2.0593116e+02   2.0000000e+00
  -3.6729682e+02  -1.0241199e+02   1.0000000e+00
  -3.1952807e+02   4.6819970e+02   1.0000000e+00
   2.6803732e+02  -2.5763696e+02   1.0000000e+00
  -8.4522134e+01   3.6107540e+02   1.0000000e+00
   1.1852651e+02  -4.0444304e+02   1.0000000e+00
   1.1945182e+01  -4.7994748e+02   1.0000000e+00
   2.1633479e+02   8.7725685e+01   1.0000000e+00
  -3.1216873e+02  -1.6472211e+02   1.0000000e+00
   4.1619395e+02  -3.6872947e+02   1.0000000e+00
  -1.5307025e+02   4.6182644e+02   1.0000000e+00
   3.5684712e+02   2.5631816e+02   1.0000000e+00
   2.9519687e+02  -2.1974738e+02   1.0000000e+00
   5.3753186e+02  -1.0236793e+02   2.0000000e+00
   4.4773181e+02   4.5646887e+02   1.0000000e+00
   2.6357625e+02   1.6579580e+02   1.0000000e+00
  -3.9737252e+02   3.7765841e+02   1.0000000e+00
  -2.6494251e+02  -1.3376154e+02   1.0000000e+00
  -4.8198446e+02   1.4802114e+02   2.0000000e+00
  -5.3781527e+02   4.2115239e+02   1.0000000e+00
  -3.5890769e+02  -1.9800344e+02   1.0000000e+00
  -3.5838413e+02  -2.3466470e-01   1.0000000e+00
  -8.5239461e+01   4.6199451e+02   1.0000000e+00
  -4.9411345e+02  -1.6937540e+02   1.0000000e+00
   1.8551677e+02   1.3082064e+02   1.0000000e+00
  -1.2680283e+02   5.8264224e+02   2.0000000e+00
  -1.6146691e+02   1.2546169e+02   1.3000000e+00
   4.4372755e+02  -4.7130075e+02   1.0000000e+00
  -1.7613993e+02  -3.5627600e+02   1.0000000e+00
  -3.0466774e+02  -5.3278672e+02   2.0000000e+00
  -3.8860681e+02  -5.8337894e+02   2.0000000e+00
   3.3845758e+02  -4.5301224e+02   1.0000000e+00
  -4.8911600e+01  -1.1932704e+02   1.0000000e+00
  -1.8425922e+01  -1.9840821e+02   1.0000000e+00
  -4.5242307e+02  -1.6898450e+02   1.0000000e+00
  -3.3889093e+02  -1.5031953e+02   1.0000000e+00
  -3.8293361e+02   3.3468708e+02   1.0000000e+00
  -1.4504941e+02  -6.1541601e+01   1.0000000e+00
   5.7055200e+02  -3.9348221e+01   2.0000000e+00
  -5.2910216e+02  -2.7323695e+02   1.0000000e+00
   3.8983038e+01   4.0124965e+02   1.0000000e+00
   1.7776631e+02   5.2951911e+02   1.0000000e+00
  -1.2066135e+02   4.4979342e+02   1.0000000e+00
  -3.9527921e+02  -2.0543108e+02   1.0000000e+00
   2.2683027e+01   1.6370016e+02   1.0000000e+00
   5.6345907e+02   4.6059670e+02   2.0000000e+00
  -2.3565872e+02  -1.4392713e+02   1.0000000e+00
  -2.8190892e+02   1.9978116e+02   1.0000000e+00
   3.0365520e+02   1.5510357e+02   1.0000000e+00
   4.9901480e+01  -1.5757815e+02   1.0000000e+00
   1.9571459e+02  -1.0675077e+01   1.0000000e+00
  -1.6877583e+02  -2.5106652e+02   1.0000000e+00
  -5.2872274e+02   5.7201742e+02   2.0000000e+00
  -3.5241465e+01   4.9611295e+02   2.0000000e+00
   3.3799290e+02  -4.2131391e+02   1.0000000e+00
   1.6862047e+02   1.5512341e+02   1.0000000e+00
  -4.2828428e+02   2.6921187e+02   1.0000000e+00
   4.1164510e+02  -4.9660814e+02   1.0000000e+00
  -1.6681530e+02  -3.4957619e+01   1.0000000e+00
   1.5570006e+02   4.3765545e+02   1.0000000e+00
   5.4028511e+02   3.5017207e+02   1.0000000e+00
  -4.4513829e+02  -3.0881480e+02   1.0000000e+00
  -5.7786953e+02  -5.5643916e+02   2.0000000e+00
  -3.2176196e+02  -4.4636637e+01   1.0000000e+00
  -2.5469862e+02  -5.7546233e+02   1.0000000e+00
  -5.7796802e+02  -7.9181456e+01   2.0000000e+00
  -4.9267921e+01   3.4814018e+02   1.0000000e+00
   6.0460499e+01   3.0185359e+02   1.0000000e+00
   1.4859791e+02  -3.9614425e+02   1.0000000e+00
   3.1703456e+02  -1.0138334e+02   2.0000000e+00
   4.3395390e+02   5.2800798e+02   2.0000000e+00
  -3.0500640e+02   3.8650680e+02   1.0000000e+00
  -3.0938156e+02   5.4537928e+02   2.0000000e+00
  -4.2881264e+02   3.7720430e+02   1.0000000e+00
  -6.1885997e+01  -3.2063399e+00   1.0000000e+00
   2.0118755e+02   4.6100653e+02   1.0000000e+00
  -4.9562826e+02  -4.3083494e+02   1.0000000e+00
   3.7621148e+02   3.6407005e+01   1.0000000e+00
  -1.3516594e+02   5.4236769e+02   2.0000000e+00
  -6.5736101e+00   8.9395078e+00   1.0000000e+00
  -4.2420822e+02  -1.5858055e+02   1.0000000e+00
  -2.3849166e+02   3.3194311e+02   1.0000000e+00
  -4.4169985e+02   4.6394226e+02   1.0000000e+00
  -1.0857709e+02   1.7604397e+02   1.0000000e+00
   4.0973736e+02  -1.7136467e+02   1.0000000e+00
   3.9906663e+02  -2.6310646e+02   1.0000000e+00
  -4.8107779e+02   3.5153070e+02   1.0000000e+00
   4.8460686e+01  -3.0062860e+01   2.0000000e+00
   2.0068066e+02   5.4547912e+02   1.0000000e+00
   4.8223525e+02   9.0764224e+01   1.0000000e+00
  -2.1912029e+02   4.1180933e+02   1.0000000e+00
  -3.2677687e+02   2.3827582e+02   1.0000000e+00
   1.0576193e+02   1.4064740e+02   1.0000000e+00
  -1.7907713e+02   4.1156174e+02   1.0000000e+00
  -4.0072763e+02   1.9478189e+02   1.0000000e+00
   2.7224483e+02   2.9078203e+02   1.0000000e+00
   2.6119625e+01   1.2485841e+02   1.0000000e+00
  -3.0158844e+02   3.6277455e+02   1.0000000e+00
   2.9546656e+02  -2.2212150e+02   1.0000000e+00
  -4.9205666e+02  -5.5063961e+02   2.0000000e+00
   1.5522032e+02  -4.5695923e+02   1.0000000e+00
  -1.8020181e+02   2.5984182e+02   1.0000000e+00
   1.1624520e+02   2.1932144e+02   1.0000000e+00
   4.7039066e+02  -4.1860660e+02   1.0000000e+00
   2.0739007e+02  -8.9245174e+01   1.0000000e+00
  -3.5319358e+02   1.8714101e+02   2.0000000e+00
   7.4296827e+01   3.2324614e+02   1.0000000e+00
  -1.9688810e+02   2.7284662e+02   1.0000000e+00
   1.0535189e+02  -2.9714368e+02   1.0000000e+00
  -1.3576360e+02  -1.1626809e+02   1.0000000e+00
  -4.1009327e+02  -4.6728390e+02   1.0000000e+00
   3.0043839e+02  -7.0344741e+01   2.0000000e+00
  -1.1568018e+02   4.0466783e+02   1.0000000e+00
  -6.4144079e+01  -8.6814036e+01   1.0000000e+00
  -3.2953550e+02  -6.3466572e+01   1.0000000e+00
  -4.4540073e+02  -2.9756937e+02   1.0000000e+00
   2.9245758e+02  -3.9425166e+02   2.0000000e+00
   1.1765318e+01  -3.8900014e+02   1.0000000e+00
  -2.5033823e+01   3.7455309e+01   1.0000000e+00
  -2.5852431e+01  -1.5469518e+02   1.0000000e+00
  -2.0560813e+02  -4.2004336e+02   1.0000000e+00
  -3.9745796e+02  -3.0654126e+02   1.0000000e+00
  -1.0200093e+02   4.0058462e+02   1.0000000e+00
   5.0164645e+02   1.5277159e+02   1.0000000e+00
   2.1599886e+02  -5.4135667e+02   1.0000000e+00
  -3.6958867e+01  -4.6006912e+02   1.0000000e+00
   3.1203541e+02  -1.5800118e+02   1.0000000e+00
   1.8296381e+02  -4.0542078e+02   2.0000000e+00
  -7.5040619e-01   3.1631110e+02   1.0000000e+00
  -9.0527980e+01   5.1276857e+00   1.0000000e+00
   5.5214599e+01   3.3158518e+02   1.0000000e+00
   4.8230704e+02   2.9913140e+02   1.0000000e+00
  -5.0662976e+02   3.6059108e+02   1.0000000e+00
  -4.4793600e+02   4.8813711e+02   1.0000000e+00
  -5.2817345e+01   4.8863328e+02   2.0000000e+00
  -4.4461621e+02   4.1283534e+02   1.0000000e+00
   3.0496998e+02  -5.3961704e+02   2.0000000e+00
   5.2979739e+02  -3.8336181e+02   1.0000000e+00
   2.4656109e+02  -6.5492849e+01   1.0000000e+00
   3.1706727e+01   2.7591461e+02   1.0000000e+00
   1.0855114e+02  -2.2545496e+01   1.0000000e+00
   1.1747318e+02  -1.2167493e+02   1.0000000e+00
  -3.2660131e+01   3.2230524e+02   1.0000000e+00
   1.7557251e+02  -1.0243581e+02   1.0000000e+00
   2.2333681e+02  -1.5935268e+02   1.0000000e+00
   2.9781883e+02   6.0051454e+01   1.0000000e+00
  -4.4530046e+02   3.2629356e+01   1.0000000e+00
   5.7636232e+02   5.5449764e+02   2.0000000e+00
   4.9335325e+01  -5.2674192e+02   2.0000000e+00
   3.1281555e+00   2.4041039e+02   1.0000000e+00
  -6.0638707e+01   2.2107525e+02   1.0000000e+00
   1.1230421e+02  -3.8151326e+02   1.0000000e+00
  -2.3510130e+02  -4.3738565e+02   1.0000000e+00
   6.5058495e+01  -3.7859016e+02   1.0000000e+00
   2.3270179e-01  -1.9907390e+02   1.0000000e+00
   1.8376805e+02   5.2384700e+02   1.0000000e+00
  -3.9413676e+02   1.7130968e+02   1.0000000e+00
   2.8998257e+02   2.3975551e+01   1.0000000e+00
  -2.9596208e+02   2.1498296e+02   1.0000000e+00
   1.8597095e+02   3.4505285e+02   1.0000000e+00
  -5.7862037e+02  -5.5974538e+02   2.0000000e+00
   2.7085867e+02   3.2846579e+01   1.0000000e+00
  -1.6081410e+02   4.8738403e+02   2.0000000e+00
  -2.6421695e+02  -1.6917626e+02   1.0000000e+00
   2.6364862e+01   2.7790784e+02   1.0000000e+00
   2.2062642e+02   3.9890138e+02   1.0000000e+00
  -1.9423593e+02  -4.9736146e+02   1.0000000e+00
  -9.9411604e+01  -5.0287104e+02   1.0000000e+00
   5.4582267e+02  -2.1077564e+02   1.0000000e+00
  -1.6513427e+02  -3.3375477e+02   1.0000000e+00
   4.5284980e+02  -5.4292194e+02   1.0000000e+00
  -1.9220889e+02  -3.2988285e+02   1.0000000e+00
  -2.0273012e+02  -5.6978828e+02   1.0000000e+00
   4.3670987e+02   4.3461768e+02   1.0000000e+00
   2.8639802e+02  -1.9178251e+02   1.0000000e+00
   1.1305984e+02  -4.2989048e+02   1.0000000e+00
   1.1155409e+02  -3.1537157e+02   1.0000000e+00
  -3.8309223e+01   7.2025681e+00   1.0000000e+00
  -2.3733376e+02  -5.7254670e+02   1.0000000e+00
  -2.0998383e+01   2.4415550e+01   1.0000000e+00
  -3.1596221e+02  -5.2388998e+02   2.0000000e+00
   4.6455244e+02   1.3941260e+02   1.0000000e+00
   8.4434592e+00   3.1450644e+02   1.0000000e+00
  -3.8163688e+02   5.7792855e+02   1.0000000e+00
   2.8142667e+02   3.5598400e+02   1.0000000e+00
   1.1759304e+02  -2.8772669e+02   1.0000000e+00
   5.4546273e+02   4.3373097e+02   1.0000000e+00
  -5.9497124e+01  -9.1551428e+01   1.8000000e+00
   2.5442893e+02   4.3323687e+02   1.0000000e+00
   1.7896710e+02  -4.2119642e+02   1.6000000e+00
   8.8163913e+01  -3.8983069e+02   1.0000000e+00
  -4.3185761e+02   3.1631900e+02   1.0000000e+00
  -1.0309296e+01  -3.7131852e+02   1.0000000e+00
   4.9413400e+02  -2.7959770e+02   1.0000000e+00
   1.9925674e+02  -5.6439118e+02   2.0000000e+00
  -1.6020202e+02  -5.0790018e+02   1.0000000e+00
  -2.8286830e+02  -3.0257952e+02   1.0000000e+00
  -5.0732459e+02   4.5075040e+02   1.0000000e+00
  -6.6203876e+01  -5.5362274e+02   1.0000000e+00
  -5.8541891e+01   1.2895992e+02   1.0000000e+00
   3.0482725e+02   4.4604537e+02   1.0000000e+00
   4.7810248e+02   7.3332433e+01   1.0000000e+00
   5.8203641e+01  -3.0682313e+02   1.0000000e+00
  -2.2863642e+02   2.3786080e+02   1.0000000e+00
  -4.3138469e+02  -2.8584204e+01   1.0000000e+00
   1.0085621e+02   2.0382473e+02   1.0000000e+00
   4.6624301e+02   2.4712846e+02   1.0000000e+00
   1.6931070e+02   6.9413136e+01   1.0000000e+00
   7.9989416e+00   5.0646438e+02   1.0000000e+00
  -4.3984754e+02  -3.9142921e+02   1.0000000e+00
   3.0014799e+02   5.5044761e+02   1.0000000e+00
   2.3809504e+02  -3.0312377e+02   1.0000000e+00
   3.9761601e+02  -4.0188634e+02   1.0000000e+00
  -1.7477295e+02  -1.6430675e+02   1.0000000e+00
  -4.8329722e+02   5.8396748e+02   2.0000000e+00
  -5.3006687e+02   3.2696374e+02   1.0000000e+00
   1.1851217e+02   4.4839632e+02   1.0000000e+00
   5.7425018e+02  -4.2068758e+01   2.0000000e+00
  -3.1297494e+02   4.5066263e+02   1.0000000e+00
  -5.6035698e+01  -4.9156652e+02   1.0000000e+00
   5.0400266e+02  -5.3527149e+02   2.0000000e+00
   2.3133727e+02   7.5138013e+00   1.0000000e+00
   5.4551349e+02   1.2548921e+02   1.0000000e+00
   2.8370935e+02  -4.8120865e+02   1.0000000e+00
  -4.5337358e+02   5.8629759e+02   1.0000000e+00
  -4.4605082e+02  -1.7890722e+02   1.0000000e+00
   4.4283030e+02  -1.9458908e+02   1.0000000e+00
  -1.1618869e+02  -3.4323262e+02   2.0000000e+00
  -3.1090363e+02   3.7020366e+02   1.0000000e+00
   4.0030101e+02  -2.2056179e+02   1.0000000e+00
  -5.3366930e+02  -3.9661823e+02   1.0000000e+00
   4.6745007e+01  -2.8865892e+02   1.0000000e+00
   1.1380450e+02  -2.6316619e+02   1.0000000e+00
   3.8393706e+02  -4.1861200e+02   1.0000000e+00
  -8.0493818e+01   2.5043131e+02   1.0000000e+00
   5.5968593e+02   2.3708787e+02   1.0000000e+00
  -2.7055698e+02   5.1646788e+02   2.0000000e+00
   5.4092986e+01  -2.6977014e+02   1.0000000e+00
  -5.0985827e+02  -4.5986902e+01   1.5000000e+00
  -3.8845484e+02   1.8575323e+02   2.0000000e+00
  -1.9180261e+02  -7.9077032e+01   1.0000000e+00
  -1.3009467e+02   5.1815673e+02   2.0000000e+00
  -3.8515438e+02   1.9683540e+02   2.0000000e+00
   1.4410402e+02  -5.4148561e+02   1.0000000e+00
   1.7399192e+02   5.8009007e+02   2.0000000e+00
  -4.9655275e+02  -4.0547942e+01   1.0000000e+00
   5.6894044e+02  -5.0222480e+02   2.0000000e+00
  -4.3263348e+02   4.0098599e+02   1.0000000e+00
   2.8277745e+02  -3.8444647e+02   2.0000000e+00
   7.4845546e+01   3.8026275e+02   1.0000000e+00
  -3.1159230e+02  -3.5447640e+02   1.0000000e+00
   1.4317846e+02   1.1697362e+02   1.0000000e+00
  -8.1211387e+01   5.6131814e+02   2.0000000e+00
   2.1058234e+02   4.5849586e+02   1.0000000e+00
   3.6418975e+02   2.9395931e+02   1.0000000e+00
  -6.9152879e+00   5.4309867e+02   2.0000000e+00
   8.8212832e+01   3.6723670e+02   1.0000000e+00
  -4.9231700e+02   1.6881804e+02   2.0000000e+00
   1.9073179e+02   2.1946330e+02   2.0000000e+00
   5.6423492e+02  -1.5411035e+02   2.0000000e+00
  -4.9658211e+02  -4.9069781e+02   2.0000000e+00
   4.6987431e+02   2.4159851e+02   1.0000000e+00
  -5.3793290e+01   3.1880660e+02   1.0000000e+00
  -5.2127917e+02  -3.9748154e+02   1.0000000e+00
  -5.7400399e+02  -2.8838452e+02   1.0000000e+00
  -1.2449065e+02   5.1640152e+02   2.0000000e+00
  -3.6721376e+02   5.0476615e+01   1.0000000e+00
   2.5762329e+02   2.0771942e+02   1.0000000e+00
   3.6244373e+02   6.0407755e+01   1.0000000e+00
  -1.6458245e+02   6.3882352e+01   1.0000000e+00
  -2.5434313e+02  -1.9994310e+02   1.0000000e+00
  -1.2749810e+02   2.1744103e+02   1.0000000e+00
  -4.6878231e+02   1.9132223e+02   2.0000000e+00
   2.4495506e+02  -3.0690575e+02   1.0000000e+00
   2.6713593e+02   1.5179671e+02   1.0000000e+00
   2.7579383e+02  -8.8465341e+01   2.0000000e+00
   1.1059360e+02  -3.1434071e+02   1.0000000e+00
   3.8480762e+02   1.6863949e+02   1.0000000e+00
  -2.8859995e+02  -3.8487960e+02   1.0000000e+00
  -9.5529287e+01   5.2340906e+02   2.0000000e+00
   3.4508700e+02  -4.4933776e+02   1.0000000e+00
   4.8964276e+02   4.0198857e+02   1.0000000e+00
   4.6932734e+02  -2.7100643e+02   1.0000000e+00
  -2.3109009e+02  -3.4898230e+02   1.0000000e+00
   5.6903482e+02   4.0540459e+02   1.0000000e+00
  -1.3182775e+02   2.8393677e+02   1.0000000e+00
  -1.7843460e+02   5.0091832e+02   2.0000000e+00
   4.8410769e+02   3.3622867e+02   1.0000000e+00
   1.4166715e+02  -1.8861084e+02   1.0000000e+00
  -5.6597085e+02   7.4012212e+01   2.0000000e+00
   1.9797785e+02   4.7760219e+02   1.0000000e+00
  -1.0621096e+02  -2.0270011e+02   1.0000000e+00
   3.6597163e+02   4.9047050e+01   1.0000000e+00
   1.9250571e+02   5.2788295e+02   1.0000000e+00
   5.3266304e+02  -4.6976504e+02   2.0000000e+00
   4.0484088e+02   3.0013939e+02   1.0000000e+00
  -4.9417039e+01   2.2132083e+02   1.0000000e+00
  -1.4543618e+02  -1.6799247e+02   1.0000000e+00
  -3.5138854e+02   4.6144688e+02   1.0000000e+00
   2.2439808e+02   5.8614312e+02   2.0000000e+00
   3.5961549e+02  -5.3208945e+02   1.0000000e+00
  -1.3125552e+02   3.3755697e+02   1.0000000e+00
   6.7459323e+01   3.8926990e+02   1.0000000e+00
   1.7428651e+02   4.8814768e+02   1.0000000e+00
   3.3920251e+02  -4.6679042e+02   1.0000000e+00
   1.1551534e+02   8.5511524e+01   1.0000000e+00
  -2.2510764e+02  -3.4639669e+02   1.0000000e+00
   3.3889898e+02  -1.2742962e+02   2.0000000e+00
  -2.4164294e+02  -2.0260643e+02   1.0000000e+00
   2.1829810e+02   1.6341094e+01   1.0000000e+00
   4.2654119e+02  -7.2359875e+01   2.0000000e+00
  -6.1995771e+01  -3.1900144e+02   1.0000000e+00
   4.4728244e+02   3.3934265e+02   1.0000000e+00
   4.2572630e+02  -3.0930733e+02   1.0000000e+00
  -5.7348553e+02  -5.0228420e+02   2.0000000e+00
   9.4685532e+01  -2.3031569e+02   1.0000000e+00
   2.2000139e+02  -3.9520005e+02   2.0000000e+00
   4.7756229e+01  -4.3742413e+02   1.0000000e+00
   2.3920320e+02  -4.0846323e+02   2.0000000e+00
  -6.6481869e+01  -1.3639657e+02   1.0000000e+00
   5.2287212e+01   1.8160946e+02   1.0000000e+00
   3.3207126e+02  -2.1172666e+01   1.0000000e+00
   3.5804463e+01  -1.6955768e+02   1.0000000e+00
  -7.1366328e+01   2.2262958e+01   1.0000000e+00
  -3.6396672e+02   2.0132415e+02   2.0000000e+00
  -4.0615341e+02  -5.6328181e+02   2.0000000e+00
  -1.6391605e+02  -3.7439493e+02   1.0000000e+00
   1.0393042e+02  -6.7339232e+01   1.0000000e+00
  -3.7198121e+02  -5.8107132e+02   2.0000000e+00
   4.0308627e+02  -1.9684879e+02   1.0000000e+00
  -1.1985971e+01   2.2495290e+02   1.0000000e+00
   4.4924584e+02  -2.1813944e+02   1.0000000e+00
  -2.9375446e+02  -4.5344437e+02   1.0000000e+00
   3.7320892e+02   2.5931546e+02   1.0000000e+00
  -3.0854799e+02  -2.8243751e+01   1.0000000e+00
   1.8210000e+02   2.3172081e+02   1.0000000e+00
  -2.1052445e+02   3.6094089e+02   1.0000000e+00
   3.0469971e+02   4.1578919e+02   1.0000000e+00
   6.4150944e+01   4.7184629e+02   1.0000000e+00
   4.1427654e+02   4.7608897e+02   1.0000000e+00
   4.6423273e+02   3.1402087e+02   1.0000000e+00
   3.4604225e+02  -5.0063474e+02   2.0000000e+00
  -2.1166295e+02  -1.2627500e+02   2.0000000e+00
  -5.3230135e+02   5.4446186e+02   2.0000000e+00
  -1.7182083e+01  -5.5000689e+02   1.0000000e+00
   5.3900544e+02  -3.6608982e+02   1.0000000e+00
  -1.6597859e+02  -2.0238601e+02   1.0000000e+00
  -2.2484620e+02   2.3747142e+02   1.0000000e+00
   4.3232661e+02   4.3480932e+01   1.0000000e+00
   3.4162542e+01  -2.5638651e+02   2.0000000e+00
   4.8052288e+02  -2.4664677e+02   2.0000000e+00
   1.9826869e+02  -4.0687150e+02   1.0000000e+00
   4.9272799e+02  -4.4706689e+02   1.0000000e+00
   1.5583025e+02  -4.0247734e+02   1.0000000e+00
  -2.5397788e+02   1.9372118e+02   1.0000000e+00
   5.4776823e+01   5.4399629e+02   2.0000000e+00
   3.5699373e+02   4.5216539e+02   1.0000000e+00
   2.9563358e+02  -3.4716946e+02   1.0000000e+00
   5.0340690e+02  -1.0294846e+02   2.0000000e+00
  -3.3889241e+02  -4.5054733e+02   1.0000000e+00
  -2.4652434e+02  -2.5135201e+02   1.0000000e+00
  -5.4240291e+02  -5.2983505e+02   2.0000000e+00
   1.0203634e+00   5.6365567e+02   2.0000000e+00
   8.7164980e+01   5.1533975e+02   1.0000000e+00
  -3.4622802e+01  -1.0189700e+02   1.0000000e+00
   4.6799127e+02   4.7205095e+02   1.0000000e+00
  -5.0755375e+02  -5.9998749e+01   2.0000000e+00
   1.9187214e+02   7.2486463e+01   2.0000000e+00
   1.6025036e+02  -5.6551031e+02   2.0000000e+00
  -5.1811107e+02  -2.4148628e+02   1.0000000e+00
   6.3376490e+01   4.7829534e+02   1.0000000e+00
  -5.5971582e+02  -3.5988717e+02   1.0000000e+00
  -4.7088850e+02  -5.4468550e+02   2.0000000e+00
   4.0184858e+02   9.2382162e+01   1.0000000e+00
  -3.1060833e+02  -1.9995591e+01   1.0000000e+00
   1.9413859e+02  -2.4577852e+01   1.0000000e+00
  -1.1977116e+02   1.0040618e+02   1.0000000e+00
  -2.2526756e+01   3.1061727e+02   1.0000000e+00
   2.2740838e+02   1.5418230e+02   1.0000000e+00
   3.1280130e+02  -3.4162935e+01   1.0000000e+00
   4.9625080e+02   2.1698762e+02   1.0000000e+00
  -3.8125115e+02   4.4400010e+02   1.0000000e+00
  -7.9722237e+00   3.1919895e+02   1.0000000e+00
  -2.2863468e+02   5.2587884e+02   2.0000000e+00
   2.4829599e+02   4.6821166e+02   1.0000000e+00
  -5.0666390e+02  -4.6847487e+02   1.5000000e+00
   3.5546738e+02  -1.1235969e+02   2.0000000e+00
   4.8074928e+02   2.6219720e+02   1.0000000e+00
   1.7863764e+02   4.7820716e+02   1.0000000e+00
  -3.0293525e+02  -5.4772635e+02   2.0000000e+00
  -5.3209737e+02   2.2684718e+02   2.0000000e+00
   1.9082034e+02  -5.7322883e+01   1.0000000e+00
   1.0910079e+02   7.7957102e+01   1.0000000e+00
  -8.2892038e+00  -6.4030498e+01   2.0000000e+00
  -2.4622807e+02  -2.0500874e+02   1.0000000e+00
  -4.7903444e+02  -4.7734641e+02   1.0000000e+00
  -5.7567037e+02  -5.7230784e+02   2.0000000e+00
  -1.0498371e+02  -4.1823066e+02   1.0000000e+00
  -2.6996338e+02  -3.2175819e+02   1.0000000e+00
   3.6582666e+02  -3.1310180e+02   1.0000000e+00
  -2.0217165e+02   2.0913258e+02   1.0000000e+00
  -2.6749093e+02   4.1703394e+02   2.0000000e+00
  -5.4622830e+02  -3.1854129e+02   1.0000000e+00
   5.3218384e+02   3.3468343e+02   1.0000000e+00
  -4.0995607e+02   1.4546979e+02   1.0000000e+00
   2.7201889e+01  -3.9532330e+02   1.0000000e+00
   7.4063368e+01  -1.4088106e+02   1.0000000e+00
   2.9708116e+02  -4.0845789e+02   2.0000000e+00
   3.1878495e+02  -3.9279095e+02   1.0000000e+00
   3.7942316e+02   1.8673348e+02   1.0000000e+00
   3.2045344e+02  -2.9505517e+01   1.0000000e+00
   1.2041946e+01  -3.6615535e+02   1.0000000e+00
   6.3279166e+01  -2.5119237e+02   1.0000000e+00
  -5.3215832e+02  -4.4558060e+02   1.0000000e+00
   1.2648657e+02  -2.7295269e+02   1.0000000e+00
   5.1937275e+01   2.4798389e+02   1.0000000e+00
   3.7832093e+02   4.0535747e+02   1.0000000e+00
  -6.8003605e+01   3.8413246e+02   2.0000000e+00
   1.7550656e+02  -3.6136409e+02   2.0000000e+00
  -1.8900267e+01  -3.0346947e+02   2.0000000e+00
   1.1796062e+02  -2.0079960e+02   1.0000000e+00
  -3.7200175e+02   5.5397234e+01   1.0000000e+00
  -5.8094694e+02   4.2076388e+02   1.0000000e+00
  -3.1839143e+01   5.6258616e+02   2.0000000e+00
  -2.5485058e+02   4.5939304e+02   2.0000000e+00
   1.4754711e+02  -6.0096554e+01   1.0000000e+00
   2.0315199e+01  -5.1725683e+02   1.0000000e+00
   4.8027824e+02   5.5765988e+02   2.0000000e+00
   4.9465732e+02   6.9352780e+01   1.0000000e+00
  -1.9189355e+02   2.3290908e+02   1.0000000e+00
   9.0589945e+01   5.5736521e+02   2.0000000e+00
  -3.7907714e+02  -4.6596985e+02   1.8000000e+00
   2.4185127e+02  -4.1615879e+02   1.0000000e+00
  -5.3837727e+02  -5.3696269e+02   2.0000000e+00
  -2.7856824e+02  -4.4751576e+02   1.0000000e+00
  -4.5614334e+02   5.6014820e+01   1.0000000e+00
   2.9155141e+02  -1.1779347e+02   1.8000000e+00
  -2.7896191e+01   5.7214749e+01   1.0000000e+00
  -3.5331850e+02  -4.4133737e+02   1.0000000e+00
   3.9511382e+02   3.3643667e+01   1.0000000e+00
  -5.1697627e+02  -9.5186895e+01   1.0000000e+00
   1.5199320e+02   1.4881522e+02   1.0000000e+00
  -3.4397641e+02   2.3977198e+02   1.0000000e+00
   5.5705983e+02   3.7899552e+02   1.0000000e+00
  -4.7470924e+02  -2.0647743e+02   1.0000000e+00
   1.7876328e+01   5.7755355e+02   2.0000000e+00
  -4.7839947e+02  -1.5412340e+02   1.0000000e+00
  -8.6455942e+01   5.9617611e+02   2.0000000e+00
   1.0307835e+02  -4.2497230e+02   1.0000000e+00
   3.6417922e+02  -2.9203946e+01   2.0000000e+00
   2.2274245e+02   2.0416627e+02   1.0000000e+00
  -5.5821523e+02   2.6141134e+02   1.0000000e+00
   8.4683060e+01   3.3547195e+02   1.0000000e+00
   5.2374058e+02   5.2279130e+02   2.0000000e+00
  -3.8993006e+02  -7.6584560e+01   1.0000000e+00
  -8.2782618e+00  -2.9987859e+02   2.0000000e+00
   3.4191878e+02  -3.8188421e+02   1.0000000e+00
   1.4011370e+02   3.6515424e+01   1.0000000e+00
  -2.2658899e+02  -2.3945854e+02   1.0000000e+00
   3.6732204e+02   7.6177439e+01   1.0000000e+00
   4.0127306e+01  -2.1662084e+02   1.0000000e+00
  -4.9169549e+01  -1.4950413e+02   1.0000000e+00
  -1.7431274e+02  -3.7103066e+02   1.0000000e+00
  -2.7707452e+02  -4.9357661e+02   2.0000000e+00
   4.6255348e+01  -3.1998503e+02   1.0000000e+00
   4.5399731e+01   3.7767961e+02   1.0000000e+00
   2.3337425e+02   2.9174801e+02   1.0000000e+00
   3.1323853e+02  -2.6180127e+02   1.0000000e+00
  -1.3842184e+02   4.9919769e+01   1.0000000e+00
   4.2550084e+02   5.0491907e+02   1.0000000e+00
  -3.7718127e+02  -3.4994518e+02   1.0000000e+00
   5.5923051e+02  -1.5739247e+02   2.0000000e+00
  -1.2982323e+02   2.0708618e+02   1.0000000e+00
  -4.3720570e+02   4.3456470e+02   1.0000000e+00
  -7.1895190e+01   2.0659457e+02   1.0000000e+00
  -3.6233441e+02   6.3769927e+01   1.0000000e+00
  -1.7008784e+02   1.2081703e+02   1.7000000e+00
   4.9957310e+02  -5.3869428e+02   2.0000000e+00
  -3.9592571e+01   3.0680561e+02   1.0000000e+00
  -1.5273061e+02  -3.3510818e+02   1.0000000e+00
  -1.8484583e+02  -2.3392396e+02   1.0000000e+00
  -5.1513268e+02   4.8245880e+02   1.0000000e+00
  -4.1820773e+02   4.3498221e+02   1.0000000e+00
  -2.3750262e+02   4.4585638e+02   2.0000000e+00
  -4.3598924e+02  -4.9962532e+02   1.7000000e+00
  -4.3485790e+02  -7.6840856e+01   1.0000000e+00
  -3.3454639e+02  -5.5406016e+02   2.0000000e+00
  -2.3889916e+02  -1.6693062e+01   1.0000000e+00
   9.8777412e+01   5.5770327e+01   1.0000000e+00
  -3.4871234e+02   1.2998226e+02   1.0000000e+00
   9.7849443e+01  -5.4470085e+02   2.0000000e+00
   4.8209334e+02   2.9390154e+02   1.0000000e+00
  -1.3939682e+02  -3.8643562e+02   1.0000000e+00
   1.0254914e+02  -3.2825093e+02   1.0000000e+00
  -2.0597472e+02  -4.9784167e+02   1.0000000e+00
   1.6612826e+02  -1.5864683e+02   1.0000000e+00
  -5.2496418e+02  -5.7739528e+02   2.0000000e+00
  -3.2493535e+02  -3.8774766e+02   1.0000000e+00
   4.1302148e+02  -3.7954385e+01   2.0000000e+00
   8.4993509e+01   5.8500598e+02   2.0000000e+00
   7.9769360e+01   3.7665011e+02   1.0000000e+00
  -3.1626440e+02   2.9937772e+01   1.0000000e+00
   4.8561194e+02   3.6730039e+02   1.0000000e+00
  -5.7799627e+02  -3.5971657e+02   1.0000000e+00
  -4.7933052e+02  -8.7460389e+01   1.0000000e+00
  -1.0556248e+02   4.3419908e+02   1.0000000e+00
  -4.1919324e+02  -5.3235372e+02   2.0000000e+00
  -2.6314787e+02  -3.3624314e+02   1.0000000e+00
  -1.1647284e+02   4.4394965e+02   1.0000000e+00
  -5.0694291e+02   2.7655430e+02   1.0000000e+00
   1.2646552e+02   1.1325614e+02   1.0000000e+00
  -5.7280945e+02  -2.9068440e+02   1.0000000e+00
   1.9174810e+02   1.9492670e+00   1.0000000e+00
   2.4687819e+02   5.6567733e+02   1.0000000e+00
  -3.2920926e+02   3.7256970e+02   1.0000000e+00
  -1.8531049e+02   2.8950834e+02   1.0000000e+00
   3.3381457e+02  -4.5390427e+01   1.0000000e+00
   4.4009872e+02   5.6122567e+02   2.0000000e+00
   4.7218320e+02  -3.0773118e+02   1.0000000e+00
  -1.9255534e+02  -5.2210288e+02   1.0000000e+00
  -4.0821762e+02   3.6035925e+01   1.0000000e+00
   2.2325323e+02   1.0353796e+02   1.0000000e+00
   4.2469683e+02  -5.0828692e+02   1.0000000e+00
   5.3690250e+02   6.6014720e+01   1.0000000e+00
  -5.8444834e+02   8.5885281e+01   2.0000000e+00
  -5.2331334e+02   3.8922865e+02   1.0000000e+00
  -1.7922793e+02  -5.3652651e+02   1.0000000e+00
   5.2003422e+02   5.5656487e+02   2.0000000e+00
  -1.0951356e+01   1.8677421e+02   1.0000000e+00
   3.8393768e+02  -5.2543892e+02   1.0000000e+00
   3.1595426e+02  -4.0893138e+02   2.0000000e+00
  -3.7587965e+02   7.7370480e+01   1.0000000e+00
   3.6873317e+02   5.6980137e+02   2.0000000e+00
   2.8725840e+02  -2.2885616e+02   1.0000000e+00
   3.6544537e+02   1.9762912e+01   1.0000000e+00
   5.1600169e+02   1.5940576e+02   1.0000000e+00
   2.1882785e+02   3.6245730e+02   1.0000000e+00
   3.9869182e+02   4.8664137e+02   1.0000000e+00
   8.7328138e+01  -2.7841577e+02   1.0000000e+00
   4.3281408e+02   4.4862513e+02   1.0000000e+00
  -1.6649011e+02  -3.4067573e+00   1.0000000e+00
   4.7663230e+02  -2.8117259e+02   1.0000000e+00
  -8.9752872e+01   1.0995718e+02   1.0000000e+00
   3.1229819e+02   3.8373722e+02   1.0000000e+00
  -3.2953953e+02  -8.8924838e+01   1.0000000e+00
  -1.2957142e+02  -3.2138098e+02   1.0000000e+00
  -3.0703201e+02  -5.7257588e+02   1.0000000e+00
   5.7647756e+02  -1.8567446e+02   2.0000000e+00
  -1.5956179e+02   2.6141070e+02   1.0000000e+00
   2.8309026e+02   3.1527990e+02   1.0000000e+00
   2.7730069e+02  -1.2977045e+02   1.0000000e+00
   3.1879553e+02   6.2885552e+00   1.0000000e+00
   5.6475757e+02  -4.3157329e+02   2.0000000e+00
  -1.8097283e+02  -4.7564032e+02   1.0000000e+00
  -1.6108980e+02  -3.4009628e+02   1.0000000e+00
  -3.8020176e+02   4.6361064e+02   1.0000000e+00
   1.4357685e+02   1.9906490e+02   2.0000000e+00
   4.0456446e+02   2.3533563e+02   1.0000000e+00
  -1.2212443e+02   2.5224749e+02   1.0000000e+00
  -1.1364181e+02  -3.5467479e+01   1.0000000e+00
  -2.8153482e+02   3.1802995e+02   1.0000000e+00
  -3.4829931e+02   5.3692743e+02   1.0000000e+00
   2.7487736e+02   2.0484523e+02   1.0000000e+00
   5.2717557e+02  -1.5654384e+02   1.0000000e+00
  -2.8137760e+01  -3.4562112e+02   1.0000000e+00
  -2.3669989e+02  -1.7237741e+02   1.0000000e+00
   3.2508558e+02  -5.7252433e+02   2.0000000e+00
   1.7485805e+02  -3.6476382e+02   2.0000000e+00
  -7.2991362e+01  -1.3412519e+02   1.0000000e+00
  -4.7474309e+00   3.5504720e+02   2.0000000e+00
   5.4296128e+02   4.5388077e+02   2.0000000e+00
   2.9738427e+02  -5.5911030e+02   2.0000000e+00
   3.3035493e+02   5.6871641e+02   2.0000000e+00
  -2.0427949e+02  -4.8059610e+02   2.0000000e+00
  -9.7024481e+01  -1.3667165e+01   1.0000000e+00
   7.8138463e+01   5.2235753e+02   1.0000000e+00
  -3.8871120e+01   4.4441286e+02   1.0000000e+00
   5.4161261e+01   2.5528681e+02   1.0000000e+00
   2.7366612e+02   5.0091355e+02   1.0000000e+00
  -3.2288862e+02   1.7144840e+02   1.0000000e+00
  -5.7429949e+02  -2.9465570e+01   2.0000000e+00
   4.6255018e+02  -1.2223180e+01   2.0000000e+00
   3.8310898e+00   3.2179682e+02   1.0000000e+00
  -2.8025497e+02  -1.6000404e+02   1.0000000e+00
  -4.5189648e+02  -5.4034180e+02   2.0000000e+00
  -3.5639784e+01  -1.6784810e+02   1.0000000e+00
  -4.6100108e+02   2.5009146e+02   1.0000000e+00
  -4.7619557e+02  -5.4212900e+02   2.0000000e+00
   3.3879179e+02  -5.7027705e+02   2.0000000e+00
  -4.5549600e+02   2.0392145e+02   2.0000000e+00
   4.5379423e+02  -1.1500828e+02   2.0000000e+00
   3.6789682e+02   2.7979378e+02   1.0000000e+00
   4.8971961e+02  -5.0436656e+02   1.0000000e+00
  -4.7271155e+02  -2.5648260e+02   1.0000000e+00
  -4.1720468e+02  -1.5860624e+02   1.0000000e+00
  -1.2386225e+02  -5.3063696e+02   1.0000000e+00
   2.4668235e+02  -4.3983098e+02   1.0000000e+00
  -1.3259240e+02  -3.6275375e+02   1.0000000e+00
  -4.4827986e+02   2.1485531e+02   1.0000000e+00
  -4.5013654e+01  -5.2034843e+01   1.0000000e+00
   2.7755346e+02   5.7260627e+02   1.0000000e+00
  -2.9889726e+02   2.2659464e+02   1.0000000e+00
   3.9551255e+02  -5.7197101e+02   2.0000000e+00
  -1.2506073e+02  -4.6297530e+02   1.0000000e+00
   3.9501313e+02   1.3817435e+02   1.0000000e+00
   4.3020322e+01   3.1363533e+02   1.0000000e+00
   3.3100412e+02  -3.1378548e+02   1.0000000e+00
   4.0630999e+02  -1.7465574e+02   1.0000000e+00
  -3.0610065e+02   4.9976856e+02   2.0000000e+00
  -2.7152420e+01   2.6063867e+02   1.0000000e+00
  -5.0472715e+02  -4.7661319e+02   2.0000000e+00
  -3.9925607e+01  -1.4848569e+01   1.0000000e+00
   1.0381344e+02  -4.1245471e+02   1.0000000e+00
   8.1400625e+01  -2.0511402e+02   1.0000000e+00
   3.1413032e+02   1.2457573e+02   1.0000000e+00
  -3.2223904e+01   3.6747742e+02   2.0000000e+00
  -4.7465318e+02  -2.8383896e+01   1.0000000e+00
  -5.3640919e+02  -8.7663485e+01   1.0000000e+00
   1.8975983e+01   1.4685592e+02   1.0000000e+00
   3.7596788e+00   2.5544162e+02   1.0000000e+00
   1.6433705e+02   5.3708447e+02   1.0000000e+00
  -1.3355538e+02  -1.7256321e+02   1.0000000e+00
  -4.4658880e+02   2.0515898e+02   2.0000000e+00
  -2.1046132e+02  -4.7585008e+02   2.0000000e+00
  -5.8901662e+01  -4.6580466e+02   1.0000000e+00
   3.7947686e+02   1.4095069e+02   1.0000000e+00
  -2.8382245e+01   2.1115604e+02   1.0000000e+00
   1.1246512e+02  -2.2681850e+02   1.0000000e+00
   3.1355592e+02  -2.8335974e+02   1.0000000e+00
  -1.1184029e+02  -7.7049964e+01   1.0000000e+00
  -3.2407236e+02   4.3380218e+02   1.0000000e+00
   8.2088986e+01   4.4747059e+02   1.0000000e+00
   1.0094070e+02   5.8100622e+02   2.0000000e+00
  -5.6839387e+01  -4.4858648e+02   1.0000000e+00
  -5.6613494e+02  -3.2290921e+02   1.0000000e+00
  -2.7234639e+02  -2.3229999e+02   1.0000000e+00
  -1.9015940e+02  -4.4542002e+02   1.0000000e+00
  -2.3677530e+01  -3.7503076e+02   1.0000000e+00
   5.1809316e+02   5.4276210e+02   2.0000000e+00
   3.4841128e+02   5.0203173e+01   1.0000000e+00
  -5.5289384e+02  -1.9323970e+01   2.0000000e+00
   4.0526310e+02  -1.2227147e+02   1.0000000e+00
  -5.0516354e+02  -4.9805732e+02   2.0000000e+00
  -5.3011573e+02  -2.1612453e+02   1.0000000e+00
   2.8586189e+02   2.8137569e+02   1.0000000e+00
   3.8234516e+02  -4.2177514e+02   1.0000000e+00
  -2.3570728e+02   4.6383592e+02   2.0000000e+00
   4.5795325e+02  -2.0251613e+02   1.0000000e+00
  -1.6712238e+02  -2.9213711e+02   1.0000000e+00
  -9.4782718e+01   6.9945328e+01   1.0000000e+00
   4.0327428e+02  -3.8744665e+02   1.0000000e+00
  -2.4968958e+02   1.3200124e+02   1.0000000e+00
   3.0678814e+02  -1.8342988e+02   1.0000000e+00
   2.4151960e+02  -2.7189003e+02   1.0000000e+00
  -1.4803020e+02   5.8305050e-02   1.0000000e+00
   5.5026382e+02  -3.5823284e+02   1.0000000e+00
  -4.9444531e+02  -1.4470788e+02   1.0000000e+00
   1.2570420e+02  -5.6143506e+02   2.0000000e+00
   1.9387798e+02   1.5494036e+02   1.0000000e+00
   3.7803262e+02  -8.5894690e+01   1.9000000e+00
  -2.4205579e+02   1.4671420e+02   1.0000000e+00
  -9.3794915e+01   2.1804357e+02   1.0000000e+00
  -2.1034311e+02  -2.1423330e+02   1.0000000e+00
  -4.4549869e+02   1.0288817e+01   1.0000000e+00
   3.4920846e+02   3.6821477e+02   1.0000000e+00
  -3.2679684e+01  -5.0748456e+02   1.0000000e+00
   1.1267948e+02  -1.9763511e+02   1.0000000e+00
   4.3924050e+02  -1.2665264e+02   1.0000000e+00
  -3.4838709e+02  -3.3871754e+02   1.0000000e+00
  -3.0435110e+02  -5.5242692e+02   1.0000000e+00
   3.5022235e+02   1.9107233e+01   1.0000000e+00
  -4.1944173e+02  -3.8223523e+02   1.0000000e+00
  -5.4617895e+02   2.1434094e+02   2.0000000e+00
  -2.1636903e+02   3.2267509e+01   1.0000000e+00
  -4.6535906e+02   5.4495210e+02   1.0000000e+00
   4.9040908e+02  -5.7412350e+02   2.0000000e+00
   4.7324899e+02  -1.5517120e+02   1.0000000e+00
  -4.0104010e+02   3.1886821e+02   1.0000000e+00
   3.8895199e+02  -4.3353466e+00   1.0000000e+00
  -1.2202991e+01  -6.4708393e+01   1.0000000e+00
  -1.1462002e+02  -6.7622497e+01   1.0000000e+00
  -3.9761531e+02   2.8136381e+02   1.0000000e+00
   1.4240589e+02  -4.9395594e+02   1.0000000e+00
  -5.4849263e+02  -3.8224511e+02   1.0000000e+00
  -4.8866910e+02   1.3871418e+02   2.0000000e+00
   5.1890847e+02   3.7601852e+02   1.0000000e+00
   1.9173774e+02  -3.0920129e+02   1.7000000e+00
  -1.2875070e+02   5.3499405e+02   2.0000000e+00
   2.0504560e+02  -1.2009763e+02   1.0000000e+00
   2.7146780e+02  -1.9197157e+02   1.0000000e+00
   3.1418202e+02   3.0937681e+02   1.0000000e+00
   2.3166344e+02  -3.9692109e+01   1.0000000e+00
   1.0640985e+02   4.2548866e+02   1.0000000e+00
  -3.7169290e+02   3.8639289e+02   1.0000000e+00
  -5.1549878e+02   1.3574347e+02   2.0000000e+00
  -3.2940647e+02   5.0869836e+02   1.0000000e+00
  -2.8072480e+02   2.1485216e+02   1.0000000e+00
  -4.2582782e+02   2.2513305e+02   1.0000000e+00
  -4.9209462e+02   3.1188205e+02   1.0000000e+00
  -5.1619836e+02  -4.4529593e+02   1.0000000e+00
  -3.2566594e+02   3.7120657e+01   1.0000000e+00
  -5.0587360e+02  -2.9913169e+02   1.0000000e+00
  -1.2824581e+02   9.3589010e+01   1.0000000e+00
   2.4854636e+02  -9.2954976e+01   1.0000000e+00
  -5.9310630e+01  -2.2438079e+02   1.0000000e+00
   5.0256396e+02   2.6888858e+02   1.0000000e+00
  -2.5877713e+02  -1.4646055e+02   1.0000000e+00
  -1.2486860e+02   4.6933424e+01   1.0000000e+00
  -1.7354969e+02  -4.5856619e+02   1.0000000e+00
  -3.8127268e+02   4.5664443e+02   1.0000000e+00
   4.1024939e+02   5.1352073e+02   1.0000000e+00
   2.7937831e+02   5.0681974e+02   1.0000000e+00
  -1.5194388e+02  -3.0649839e+02   1.0000000e+00
   4.6934432e+02  -4.9498809e+02   1.0000000e+00
   3.4456343e+02   3.6039660e+02   1.0000000e+00
   5.3601715e+02  -1.8391413e+02   1.0000000e+00
   9.6219828e+01  -2.6577858e+00   1.0000000e+00
   7.4296333e+01   2.4661026e+02   1.0000000e+00
  -4.5913441e+02   4.7381956e+02   1.0000000e+00
   1.0509549e+02   9.3250596e+01   1.0000000e+00
   9.8446799e+01  -4.2875534e+02   1.0000000e+00
  -5.6955377e+02  -4.0121873e+02   1.0000000e+00
   4.8715702e+02  -4.0575408e+02   1.0000000e+00
   2.3170775e+02   3.2137806e+02   1.0000000e+00
  -5.1411813e+02  -2.1663734e+02   1.0000000e+00
   3.5095102e+02   5.8686591e+02   2.0000000e+00
  -4.3344854e+01  -1.1491819e+02   1.0000000e+00
  -1.5108408e+02   1.7463298e+02   1.0000000e+00
  -3.3270955e+02   5.2756342e+02   1.0000000e+00
  -5.2127298e+02   4.2657943e+02   1.0000000e+00
  -4.7742655e+02  -2.4301328e+02   1.0000000e+00
  -2.4417190e+02  -3.5332422e+01   1.0000000e+00
  -1.9767073e+02   6.5273589e+01   1.0000000e+00
   3.8428932e+02  -2.6668987e+02   1.0000000e+00
  -2.2811344e+02   9.5159111e+01   2.0000000e+00
   5.4678817e+02  -4.0632397e+02   1.0000000e+00
   2.0835719e+02   4.0088770e+02   1.0000000e+00
  -4.7777409e+02   4.1017600e+02   1.0000000e+00
   3.6558957e+02   5.2617932e+02   1.0000000e+00
  -3.5484662e+01  -3.5905614e+02   1.0000000e+00
  -1.8959948e+02  -4.3875264e+02   1.0000000e+00
   5.4264051e+02   5.2257571e+01   1.0000000e+00
   3.1004145e+02   2.2743501e+02   1.0000000e+00
   1.7791649e+02  -1.6748563e+02   1.0000000e+00
   4.8735766e+02  -3.5268084e+02   1.0000000e+00
  -1.7101553e+01   3.2001662e+02   1.0000000e+00
  -6.8860575e+01  -3.7525489e+02   1.0000000e+00
   2.8005102e+02  -2.4082458e+02   1.0000000e+00
  -4.2203386e+02   3.9888115e+02   1.0000000e+00
  -2.3404604e+02   7.2780825e+00   1.0000000e+00
  -3.9889049e+02  -1.9036411e+02   1.0000000e+00
  -2.9488252e+02   6.6221332e+01   1.0000000e+00
   4.8925971e+02  -3.8554865e+02   1.0000000e+00
   2.3530465e+02  -1.7134829e+02   1.0000000e+00
   4.8631861e+02   5.4337685e+02   2.0000000e+00
   4.4593496e+02  -1.5567750e+02   1.0000000e+00
   3.5273270e+01  -3.4963295e+02   1.0000000e+00
   5.7333064e+02   2.7993721e+02   1.0000000e+00
   1.4003584e+02  -3.7559294e+02   1.0000000e+00
  -1.5535524e+01   2.0199250e+02   1.0000000e+00
   4.7914682e+02  -4.4925493e+02   1.0000000e+00
   4.9808637e+02  -3.8621939e+02   1.0000000e+00
  -3.7432150e+02  -7.8825353e+01   1.0000000e+00
   3.3379529e+02   1.9612563e+02   1.0000000e+00
   4.6733750e+02   2.0883710e+02   1.0000000e+00
  -4.6727507e+02  -4.0597658e+02   1.0000000e+00
  -3.2807052e+02   5.8569131e+02   2.0000000e+00
   1.0576537e+02   1.4248440e+01   1.0000000e+00
   1.9836423e+02   6.5363493e+01   1.0000000e+00
  -7.4013439e+01  -4.7359683e+02   1.0000000e+00
  -5.0364362e+02   2.0528644e+01   1.0000000e+00
  -7.6455355e+00  -2.2376595e+02   1.0000000e+00
   4.9088233e+02   2.9616149e+02   1.0000000e+00
  -2.6662053e+02  -4.4109085e+02   1.0000000e+00
   3.8873159e+02   8.6264393e+00   1.0000000e+00
  -5.1604494e+02  -3.9922901e+02   1.0000000e+00
  -6.7591446e+01   1.2528654e+02   1.0000000e+00
   4.3408527e+02   4.8797270e+02   1.0000000e+00
  -4.0129136e+02   5.5892361e+02   1.0000000e+00
  -3.6256499e+02  -2.8106749e+02   1.0000000e+00
  -2.0396814e+02  -3.9413691e+02   1.0000000e+00
   2.8342594e+02  -3.4596741e+01   1.0000000e+00
  -4.5627745e+02   3.6184651e+02   1.0000000e+00
  -5.3839623e+02   5.4892854e+02   1.0000000e+00
   1.3241104e+02  -2.2620517e+02   1.0000000e+00
  -2.1631291e+02   4.3294622e+02   1.0000000e+00
  -3.4537362e+02  -1.1839528e+02   1.0000000e+00
   2.5576768e+01  -3.3584701e+02   1.0000000e+00
   3.4549973e+01   1.5187381e+02   1.0000000e+00
  -5.0757991e+02  -2.2314732e+02   1.0000000e+00
   1.6403609e+02   3.3180196e+01   1.0000000e+00
   4.7198289e+02   3.6502712e+02   1.0000000e+00
  -5.3362596e+02   5.3020782e+02   2.0000000e+00
  -3.1319462e+02  -1.9861946e+02   1.0000000e+00
  -1.4327067e+01   3.8018589e+02   2.0000000e+00
   5.3672688e+02   4.1713276e+02   1.0000000e+00
  -3.2712127e+02  -7.8960058e+01   1.0000000e+00
  -9.1791713e+01  -7.7063264e+01   1.0000000e+00
   2.5151302e+02   5.0237362e+02   1.0000000e+00
   1.9881200e+02  -4.7658686e+02   1.0000000e+00
  -1.4395917e+02  -1.2220307e+02   1.0000000e+00
   2.6981750e+02  -6.4922979e+01   1.0000000e+00
  -5.4788109e+02   2.1344314e+01   2.0000000e+00
   5.1717237e+02  -9.7029798e+01   2.0000000e+00
   1.8527399e+02   2.6529093e+02   1.0000000e+00
   2.1512322e+02   5.7512941e+02   2.0000000e+00
   2.3254801e+02   3.8206448e+02   1.0000000e+00
  -4.8267490e+02  -3.8867251e+02   1.0000000e+00
  -3.7457957e+02   4.0241494e+02   1.0000000e+00
   2.2452560e+02   1.8136976e+02   1.0000000e+00
  -5.2729845e+02   5.2878281e+02   1.0000000e+00
   2.1481629e+02  -5.2477530e+02   1.0000000e+00
  -5.6735853e+02   2.9249344e+02   1.0000000e+00
   2.9443113e+02  -3.4553647e+02   1.0000000e+00
   5.3911593e+01   5.1325059e+01   2.0000000e+00
  -2.2708360e+02  -4.9719875e+02   2.0000000e+00
   5.7899917e+02  -4.8429123e+02   2.0000000e+00
   5.1919283e+02   2.9046666e+01   2.0000000e+00
   3.9897134e+02   5.5736374e+02   2.0000000e+00
   3.9563482e+02   5.1237522e+02   1.0000000e+00
  -4.9665220e+02   6.1591433e+00   1.0000000e+00
  -4.0672200e+02   3.3639531e+02   1.0000000e+00
  -1.3878125e+02  -2.9637643e+02   1.0000000e+00
   4.0675044e+02  -4.0016123e+02   1.0000000e+00
  -2.3997898e+02   1.9422539e+02   1.0000000e+00
  -5.1724878e+02  -3.8294911e+02   1.0000000e+00
   3.0730531e+02   1.1088988e+02   1.0000000e+00
  -3.0076228e+01  -1.0613374e+02   1.0000000e+00
   5.5785617e+02  -5.7324552e+02   2.0000000e+00
  -3.3893335e+02   5.2398894e+02   1.0000000e+00
  -5.5867211e+02   1.5646776e+02   2.0000000e+00
  -2.5645988e+02  -2.4013559e+02   1.0000000e+00
  -1.8902944e+02  -3.7078613e+02   1.0000000e+00
  -5.8006668e+02  -1.5838318e+02   2.0000000e+00
  -1.1437695e+02   2.3199326e+02   1.0000000e+00
  -3.2683300e+02   4.2045697e-01   1.0000000e+00
   1.2067808e+02   6.6329609e+01   1.0000000e+00
   6.8469295e+01   2.7659404e+02   1.0000000e+00
  -3.5728835e+02  -3.9873879e+02   1.0000000e+00
  -5.8353816e+02  -5.5540323e+02   2.0000000e+00
  -3.6798613e+01   7.4668514e+00   1.0000000e+00
  -2.6375227e+02  -3.9254493e+02   1.0000000e+00
  -1.8328308e+02   4.2884501e+01   2.0000000e+00
   2.0130935e+02  -1.9108350e+02   1.0000000e+00
  -4.7971721e+02   3.7842381e+02   1.0000000e+00
  -1.3435333e+02  -1.7621289e+02   1.0000000e+00
   2.2075361e+02  -5.3778961e+02   1.0000000e+00
  -2.5069991e+02   7.5257910e+01   1.0000000e+00
   2.0793018e+02  -4.7082592e+02   1.0000000e+00
  -5.4518188e+02  -9.8134467e+01   2.0000000e+00
   1.0690965e+02  -1.0774778e+02   1.0000000e+00
   2.4629468e+02   4.4272072e+02   1.0000000e+00
  -4.9860359e+02   5.0805492e+02   1.0000000e+00
   7.8410267e+01  -2.1808314e+02   1.0000000e+00
   3.4016872e+02  -1.0073463e+02   2.0000000e+00
   1.6101945e+02  -3.1625013e+02   1.0000000e+00
  -7.2583227e+01   2.9600655e+02   1.0000000e+00
  -2.8642161e+02  -1.4463638e+02   1.0000000e+00
  -2.9873769e+02  -2.5349585e+02   1.0000000e+00
  -4.9840539e+02  -3.0392459e+02   1.0000000e+00
   1.8057715e+02  -7.4703420e+01   1.0000000e+00
  -3.9903832e+02  -5.6083080e+02   2.0000000e+00
  -5.7038761e+02   2.4844731e+02   2.0000000e+00
   3.3446786e+02   3.5267452e+01   1.0000000e+00
  -2.7209073e+02   7.9703781e+00   1.0000000e+00
  -4.2269184e+02   3.2228083e+02   1.0000000e+00
   2.3291929e+02   4.7617072e+02   1.0000000e+00
  -2.4092607e+02  -2.4259887e+02   1.0000000e+00
   3.6984516e+02   2.4979924e+02   1.0000000e+00
  -2.9697377e+02   5.1017681e+02   2.0000000e+00
  -4.7753067e+02  -5.5600180e+02   2.0000000e+00
   3.4356747e+02   1.8458214e+02   1.0000000e+00
   5.9079851e+01  -5.3349932e+02   2.0000000e+00
   9.0277444e+01   3.7043488e+01   2.0000000e+00
  -1.2736817e+02   4.0349744e+02   1.0000000e+00
  -3.7966274e+02   3.2702009e+02   1.0000000e+00
  -3.2564320e+02   2.6063697e+02   1.0000000e+00
   5.3046041e+02   2.7210952e+02   1.0000000e+00
   1.0292403e+01   1.7824873e+02   1.0000000e+00
  -2.3500813e+02   5.6822238e+02   2.0000000e+00
   1.0618118e+01  -5.3317517e+01   2.0000000e+00
  -1.6536968e+02  -4.0380869e+02   2.0000000e+00
  -1.9662378e+02   1.5962700e+02   1.0000000e+00
  -7.3144780e+01  -7.2598304e+01   1.0000000e+00
   3.5035893e+02  -3.8373355e+02   1.0000000e+00
   6.3337920e+01  -2.6983198e+02   1.0000000e+00
   4.4148059e+02   5.4520491e+02   2.0000000e+00
   9.2658968e+01  -2.5853350e+02   1.0000000e+00
   5.2464435e+02   1.2362139e+02   1.0000000e+00
   4.0234176e+02  -4.2675566e+02   1.0000000e+00
  -3.9870757e+02   4.6554413e+02   1.0000000e+00
   3.9974261e+02   3.9571393e+02   1.0000000e+00
   4.6765690e+02   1.8743904e+02   1.0000000e+00
  -1.4748327e+02  -5.5690045e+02   1.0000000e+00
   1.0919521e+02   4.9991628e+02   1.0000000e+00
   1.9075832e+02  -3.0849753e+02   1.8000000e+00
   4.0872941e+02   5.8668550e+02   2.0000000e+00
  -4.0606824e+02   3.8729819e+02   1.0000000e+00
  -5.6449581e+02   1.8340729e+02   2.0000000e+00
   1.5702379e+02   4.4610743e+02   1.0000000e+00
   1.6342237e+01   3.4129897e+02   1.0000000e+00
   1.0022611e+01  -5.7435897e+02   1.0000000e+00
   1.6887623e+02  -3.8324547e+02   1.0000000e+00
  -2.8256877e+02   3.0645246e+02   1.0000000e+00
  -3.5982183e+02  -3.9763819e+02   1.0000000e+00
   3.8403103e+02  -3.5660891e+02   1.0000000e+00
   5.2127618e+02   1.2805752e+01   1.0000000e+00
   5.5570616e+02   4.1916202e+02   1.0000000e+00
  -2.4599906e+02   3.3352018e+02   1.0000000e+00
   3.1568680e+02  -5.7598385e+02   2.0000000e+00
  -4.8575544e+02  -1.7310304e+02   1.0000000e+00
   5.8961372e+01  -4.7631552e+02   1.0000000e+00
   3.1917930e+02   1.3383342e+02   1.0000000e+00
  -5.5862209e+02  -1.3320887e+02   2.0000000e+00
  -2.9243963e+02   4.9217090e+02   2.0000000e+00
   2.7013757e+02  -4.1526851e+01   1.0000000e+00
   2.3997728e+02  -2.7548677e+02   1.0000000e+00
   1.4791067e+02  -3.7077959e+02   1.0000000e+00
  -1.2521947e+02  -4.8256779e+02   1.0000000e+00
  -9.3133715e+01  -1.7784861e+02   1.0000000e+00
   2.6411098e+02  -3.3925383e+02   2.0000000e+00
  -4.6008157e+02   3.8646585e+02   1.0000000e+00
  -1.4776000e+02  -2.2711911e+02   1.0000000e+00
   2.7744793e+02   3.9576177e+02   1.0000000e+00
   1.0027914e+02   5.6686169e+02   2.0000000e+00
   5.0687751e+02   1.0244138e+02   1.0000000e+00
   3.2506728e+02  -1.4447952e+02   1.0000000e+00
   9.9827446e+01   2.7018324e+02   1.0000000e+00
   1.6655806e+02   3.7973321e+02   1.0000000e+00
  -1.8162535e+02   2.3733650e+01   1.0000000e+00
   4.0275098e+01  -5.5765488e+02   1.0000000e+00
   1.4017079e+02   3.3705358e+02   1.0000000e+00
   9.9057499e+01   3.0710260e+01   2.0000000e+00
   5.5413560e+02  -2.1152584e+02   2.0000000e+00
  -8.1636868e+01  -6.9111645e+01   1.0000000e+00
   3.8992240e+02   2.0464537e+02   1.0000000e+00
  -4.7623352e+02   8.7884187e+01   1.0000000e+00
  -5.5799891e+02  -6.0800675e+00   2.0000000e+00
   4.7600951e+02   3.6448689e+02   1.0000000e+00
  -1.4956273e+02   7.4573818e+01   1.0000000e+00
  -4.1628203e+02  -3.3725943e+02   1.0000000e+00
  -4.7910977e+02  -4.5587353e+02   1.0000000e+00
   4.2425612e+02   2.3899646e+02   1.0000000e+00
  -3.9866265e+02   4.6072896e+02   1.0000000e+00
  -3.4426324e+02  -8.1853543e+01   1.0000000e+00
   5.2087435e+02   7.6422017e+00   2.0000000e+00
   5.6015567e+02  -1.6979068e+02   2.0000000e+00
   5.4830328e+02   9.6762870e+01   1.0000000e+00
   2.9944810e+02   3.2216653e+02   1.0000000e+00
   5.7349791e+01   1.0823664e+02   1.0000000e+00
  -3.5455013e+02   3.4391792e+02   1.0000000e+00
  -3.6941285e+02  -3.3616298e+01   1.0000000e+00
  -3.0415213e+02   4.0315892e+01   1.0000000e+00
   4.2335113e+01  -4.8195040e+01   2.0000000e+00
  -3.4096108e+02   1.8346569e+02   2.0000000e+00
  -1.5002382e+01   4.6201300e+02   1.0000000e+00
  -7.1792220e+01  -2.0839726e+02   1.0000000e+00
  -5.3160529e+02   5.2359847e+02   2.0000000e+00
  -9.0335084e-01   5.6754459e+02   2.0000000e+00
  -1.4034017e+02  -5.4587381e+02   1.0000000e+00
   3.9595579e+02  -5.2030852e+02   1.0000000e+00
   2.2620699e+01   2.7427242e+02   1.0000000e+00
   3.8979800e+02  -5.7131339e+02   2.0000000e+00
  -3.5428701e+02   1.2948164e+02   1.0000000e+00
   3.8168650e+02  -2.4908061e+02   1.0000000e+00
  -5.2005097e+02   1.6061252e+02   2.0000000e+00
  -4.4932900e+02  -3.6435581e+02   1.0000000e+00
   5.1134776e+02   5.5482032e+02   2.0000000e+00
  -5.2969705e+02   2.3606678e+02   2.0000000e+00
   2.7909108e+02  -3.3776937e+02   1.0000000e+00
  -2.4720849e+02   7.2629880e+01   1.0000000e+00
   2.4279711e+02  -2.8133522e+02   1.0000000e+00
   4.0401211e+02   4.0246161e+02   1.0000000e+00
  -5.2888666e+02  -2.8462662e+02   1.0000000e+00
   9.0663860e+01  -7.4751831e+01   1.0000000e+00
  -7.3596890e+01   5.5447458e+02   2.0000000e+00
   5.3309631e+02  -3.9051336e+02   1.0000000e+00
  -1.2210986e+02   3.2436983e+02   1.0000000e+00
   9.0727641e+01   3.8702800e+02   1.0000000e+00
   7.8815075e+01  -1.3246225e+01   2.0000000e+00
   4.4730276e+02  -7.2469448e+01   2.0000000e+00
  -1.8567976e+02   2.0524244e+02   1.0000000e+00
  -5.2844767e+02   1.2061771e+02   2.0000000e+00
  -2.5582301e+02  -7.5956164e+01   1.0000000e+00
   3.4123146e+02  -9.6545575e+01   2.0000000e+00
  -2.9502332e+02   6.1378726e+01   1.0000000e+00
   5.6949161e+02  -6.0777055e+01   2.0000000e+00
  -1.3838055e-01   1.6854611e+02   1.0000000e+00
   5.2019226e+02   5.0210559e+02   2.0000000e+00
  -3.0101778e+02  -1.6924234e+02   1.0000000e+00
  -1.8740630e+02   1.2808220e+02   1.0000000e+00
   3.0465598e+01   3.7778672e+02   2.0000000e+00
  -5.7492664e+02  -2.3155783e+02   2.0000000e+00
   5.0253968e+02  -5.3710665e+02   2.0000000e+00
  -3.9451403e+02  -5.2096703e+01   1.0000000e+00
  -1.1104005e+02   5.4958328e+02   2.0000000e+00
  -5.5909665e+02   4.1110022e+02   1.0000000e+00
  -4.9942153e+01   4.8563179e+02   2.0000000e+00
   4.2330527e+02   2.3569043e+02   1.0000000e+00
  -4.2441585e+02   2.4847847e+02   1.0000000e+00
   5.0318867e+02   2.4574270e+02   1.0000000e+00
   1.1806572e+02   1.3506370e+02   1.0000000e+00
  -4.9432189e+02  -4.6601467e+01   1.0000000e+00
  -2.1659966e+02   5.5052629e+01   1.0000000e+00
   5.7832190e+02  -1.1030588e+01   2.0000000e+00
   5.5434347e+01   4.0624972e+02   1.0000000e+00
   3.3404551e+02   4.5196362e+02   1.0000000e+00
   3.6026881e+02  -4.7764308e+02   1.0000000e+00
   5.5325518e+02  -3.4556982e+02   1.0000000e+00
   3.5704582e+02  -4.0249135e+01   1.0000000e+00
   3.9927369e+02  -5.4037236e+02   1.7000000e+00
   4.2647310e+02  -1.4897459e+02   1.0000000e+00
  -3.7617861e+02  -3.6826671e+01   1.0000000e+00
  -1.9854021e+02  -5.1803781e+02   1.0000000e+00
   2.1335158e+01  -2.2807487e+02   2.0000000e+00
  -4.5545032e+02   5.0918180e+02   1.0000000e+00
  -2.6277227e+02   3.3370391e+02   1.0000000e+00
   7.6299348e+01  -1.7120350e+02   1.0000000e+00
   5.1911632e+02   5.7316912e+02   2.0000000e+00
  -5.3805371e+01  -1.9984291e+02   1.0000000e+00
   2.9068161e+02   2.7005765e+02   1.0000000e+00
   4.5255827e+02  -7.0597876e+01   2.0000000e+00
  -3.2922806e+02  -4.3801330e+02   1.0000000e+00
  -5.2986727e+02   9.8745301e+01   2.0000000e+00
  -5.0328347e+02  -1.2678112e+02   2.0000000e+00
  -2.9224573e+02   3.1489253e+01   1.0000000e+00
   1.0090731e+01   4.9902640e+02   1.0000000e+00
  -3.8749398e+02  -7.0394230e+01   1.0000000e+00
   1.0573261e+02  -2.1995810e+02   1.0000000e+00
  -1.3521017e+01   2.4289139e+02   1.0000000e+00
   3.5652704e+02   9.2905637e+01   1.0000000e+00
  -1.8549945e+02   2.3540908e+02   1.0000000e+00
  -6.2834513e+01  -5.1796622e+02   1.0000000e+00
   1.2549711e+02   2.8893360e+02   1.0000000e+00
  -5.3321185e+02  -5.7094065e+02   2.0000000e+00
