  -2.2350306e+02   1.7498528e+02   1.0000000e+00
  -2.4689202e+01   2.1733997e+02   2.0000000e+00
  -2.3938980e+02   6.2053886e+01   2.0000000e+00
   1.3878242e-01  -3.0040353e+01   1.8000000e+00
  -1.4436227e+02  -1.1868968e+02   2.0000000e+00
  -1.2127919e+02  -1.5457486e+02   2.0000000e+00
   2.3094753e+02   2.3584115e+02   1.6000000e+00
   1.2695685e+02   5.8610060e+01   2.0000000e+00
   1.5765591e+02  -1.9315960e+02   2.0000000e+00
  -3.2157893e+01   1.1678864e+02   2.0000000e+00
  -1.3183102e+02   1.9504721e+02   1.0000000e+00
  -1.9684086e+02  -1.2978578e+02   2.0000000e+00
   2.5440301e+02  -1.4824109e+02   1.0000000e+00
   1.9577213e+02   1.1378959e+02   2.0000000e+00
  -4.4698612e+01  -1.4786912e+02   2.0000000e+00
  -2.5802398e+02   2.2764527e+01   2.0000000e+00
  -1.1595671e+02  -1.3075750e+02   2.0000000e+00
  -7.8593777e+01   1.3718879e+02   2.0000000e+00
   1.3243687e+02   2.5249461e+02   2.0000000e+00
  -2.4854155e+02   1.6731972e+02   1.0000000e+00
  -7.4408110e+01   4.4463924e+01   2.0000000e+00
   1.1300347e+02  -2.4818078e+02   2.0000000e+00
   1.8092773e+02  -2.1178466e+02   2.0000000e+00
  -2.2571764e+02  -1.7617940e+02   2.0000000e+00
   2.4813003e+02  -6.5586949e+01   2.0000000e+00
  -9.3440585e+01  -2.2599099e+02   2.0000000e+00
   1.7069144e+02  -2.9327060e+01   2.0000000e+00
  -1.8615615e+02  -1.4048312e+02   2.0000000e+00
  -1.9247080e+02   1.9498986e+02   1.0000000e+00
   1.5683497e+02   2.7905827e+01   2.0000000e+00
  -1.8865604e+02  -3.0518110e+01   2.0000000e+00
   1.9428665e+02  -7.1902148e+01   2.0000000e+00
  -2.3086609e+02   1.0808350e+01   2.0000000e+00
   9.1962234e+01   2.3022524e+02   1.4000000e+00
   1.5607494e+02   1.5436686e+02   2.0000000e+00
  -7.0642950e+01   3.2638569e+02   2.0000000e+00
  -1.0704253e+02   4.6393591e-01   2.0000000e+00
   8.2655144e+01  -1.9890119e+02   2.0000000e+00
  -2.3145795e+02  -3.7949728e+01   2.0000000e+00
   2.3774315e+02  -2.1465635e+02   1.0000000e+00
  -8.7765177e+01   2.2116719e+01   2.0000000e+00
  -8.1956867e+01   3.0301126e+02   2.0000000e+00
   2.0782578e+02   2.0703007e+02   2.0000000e+00
   2.5845869e+01   5.2140564e+01   2.0000000e+00
   2.5598513e+02   1.4219768e+02   2.0000000e+00
   1.8717252e+02   6.8091570e+01   2.0000000e+00
   6.7019046e+01   5.3347554e+01   2.0000000e+00
   1.8591693e+02  -2.7160410e+01   2.0000000e+00
  -2.2844300e+02  -1.7316435e+02   2.0000000e+00
  -1.2164305e+02  -1.7198885e+02   2.0000000e+00
   2.7511638e+02   2.4309221e+02   1.0000000e+00
  -2.0857922e+01  -1.1245797e+01   2.0000000e+00
   3.8646771e+01   1.2748822e+02   1.0000000e+00
   1.5895940e+02   2.5955470e+01   2.0000000e+00
  -2.2465274e+01  -1.2787695e+01   2.0000000e+00
   9.4909321e+01  -3.6572514e-01   2.0000000e+00
   3.4286598e+00  -1.6445923e+02   2.0000000e+00
   2.6850121e+02  -1.7412815e+01   2.0000000e+00
  -1.3916494e+02   2.1591500e+02   1.0000000e+00
   1.7394783e+02   1.2985052e+02   2.0000000e+00
   2.2371907e+02  -3.9341250e+01   2.0000000e+00
  -8.2905853e+01   4.7870157e+01   2.0000000e+00
  -1.9818871e+02  -1.2196601e+01   2.0000000e+00
  -2.0357183e+02  -1.8945641e+02   2.0000000e+00
  -2.0580040e+02   9.0490576e+01   2.0000000e+00
   2.3384087e+02  -8.6758632e+01   2.0000000e+00
   2.2489262e+02   2.1052594e+02   2.0000000e+00
  -1.9958758e+02  -1.7819280e+02   2.0000000e+00
   2.4959360e+02   2.5464338e+02   1.0000000e+00
   1.4620257e+01  -1.4884970e+02   2.0000000e+00
  -1.4858749e+02  -3.6905898e+01   2.0000000e+00
   6.1581589e+01   2.5502334e+02   1.0000000e+00
  -3.5129434e+01   1.9765629e+02   2.0000000e+00
  -2.5637443e+02   5.7779391e+00   2.0000000e+00
  -1.7602496e+02  -9.1154346e+01   2.0000000e+00
  -1.2743762e+02   1.4161712e+02   2.0000000e+00
   1.2638319e+02  -1.6864118e+02   2.0000000e+00
  -7.9305203e+01   6.1006605e+00   2.0000000e+00
   1.4591777e+01  -1.9754102e+02   2.0000000e+00
   2.0635153e+02   1.4734412e+02   2.0000000e+00
   1.2909431e+02  -2.1931299e+02   2.0000000e+00
  -1.0918544e+02  -6.1927468e+00   2.0000000e+00
   1.4535354e+02   5.2901282e+01   2.0000000e+00
  -1.0687546e+02  -2.5465403e+02   1.0000000e+00
  -3.1712262e+01   1.7946489e+02   2.0000000e+00
  -8.6537829e+01   9.3773185e+00   2.0000000e+00
   2.3649888e+02  -9.5970054e+01   2.0000000e+00
  -1.0817415e+02   1.7755032e+02   2.0000000e+00
   1.5398622e+02  -1.0598824e+01   2.0000000e+00
   2.2229535e+02  -8.6319990e+00   2.0000000e+00
   2.5663286e+02   1.4451139e+02   2.0000000e+00
  -4.3026513e+01   3.0173779e+02   2.0000000e+00
  -2.6064806e+02   4.0229621e+01   2.0000000e+00
   1.0466266e+02   1.0988289e+02   1.6000000e+00
   5.9819677e+01   1.3476375e+02   1.0000000e+00
   2.8132651e+01  -1.5298661e+02   2.0000000e+00
   1.3657755e+02   2.1729790e+01   2.0000000e+00
   2.0122589e+02   2.0377434e+02   2.0000000e+00
   1.7340274e+02  -3.4004060e+01   2.0000000e+00
   9.9820973e+01   1.2899272e+02   1.0000000e+00
  -2.0184365e+02   2.6074625e+01   2.0000000e+00
   2.4999007e+02  -1.6805495e+01   2.0000000e+00
   2.4351279e+02   1.1984196e+02   1.0000000e+00
  -1.7133840e+02  -2.3053572e+02   2.0000000e+00
  -1.9390152e+02   8.7194934e+01   2.0000000e+00
  -1.4080804e+02  -1.2963191e+02   2.0000000e+00
  -1.6084129e+02   7.2163539e+01   2.0000000e+00
  -3.3774714e+01  -1.3074768e+02   2.0000000e+00
  -1.5579785e+02  -2.1393216e+02   2.0000000e+00
   7.0215187e+01  -1.9650398e+02   2.0000000e+00
   5.7814364e+01  -1.3992155e+02   2.0000000e+00
  -2.4921524e+02  -7.7521107e+01   2.0000000e+00
  -1.5745252e+02   2.9502848e+01   2.0000000e+00
  -8.7622396e+01  -1.0675070e+02   2.0000000e+00
   2.2705645e+02   1.3779641e+02   2.0000000e+00
   1.7797634e+02  -8.6562149e+01   2.0000000e+00
   1.0626194e+02   2.0026683e+02   1.0000000e+00
  -7.7092123e+01  -2.2608117e+01   2.0000000e+00
   9.2088753e+01   2.5828033e+02   1.0000000e+00
   1.8464150e+02   2.5746849e+02   2.0000000e+00
   4.1029984e+01  -1.8941770e+02   2.0000000e+00
  -1.0188623e+02  -2.1352132e+01   2.0000000e+00
   1.3087512e+02   2.4003529e+02   2.0000000e+00
  -6.6899536e+01  -9.9064133e+01   2.0000000e+00
  -2.2972427e+02   1.7843266e+01   2.0000000e+00
  -7.6339245e+01   1.2070214e+02   2.0000000e+00
  -5.3392309e+01  -1.1040892e+02   2.0000000e+00
   1.7959334e+02  -2.1656505e+02   2.0000000e+00
  -1.2136784e+02   1.4735944e+01   2.0000000e+00
  -2.1730513e+02  -1.0839607e+01   2.0000000e+00
   1.2061236e+02  -4.4048989e+01   2.0000000e+00
   1.8632725e+01   2.4774986e+01   2.0000000e+00
  -2.5350796e+02   1.5228443e+02   1.0000000e+00
  -1.5441515e+02  -1.8785105e+02   2.0000000e+00
   5.7451886e+00  -3.9999619e+01   2.0000000e+00
   2.5511528e+02   3.1015425e+01   2.0000000e+00
   1.7562653e+02   5.2221521e+01   2.0000000e+00
   1.2128754e+02   2.1243666e+02   2.0000000e+00
   1.4256701e+02   8.0155515e+01   2.0000000e+00
   2.0570030e+02  -5.8628954e+00   2.0000000e+00
  -1.8530534e+02  -2.0151988e+02   2.0000000e+00
   9.0184462e+01   1.3886045e+02   1.2000000e+00
   1.7014217e+02   7.3449688e+01   2.0000000e+00
   2.1591588e+02  -6.3056756e+00   2.0000000e+00
   2.6890821e+02   2.3833158e+02   1.0000000e+00
   2.1232297e+02   2.0967487e+02   2.0000000e+00
   3.4031823e+01  -1.9793830e+02   2.0000000e+00
  -1.1840053e+02  -5.4251627e+01   2.0000000e+00
  -2.3130607e+02  -5.1714915e+01   2.0000000e+00
  -2.3995783e+02   2.8391047e+01   2.0000000e+00
   7.6273441e+01   5.5278988e+01   2.0000000e+00
  -1.5473849e+02  -8.9139616e+01   2.0000000e+00
   4.5306223e+01   5.5492822e+01   2.0000000e+00
  -1.6295967e+02   2.6953880e+01   2.0000000e+00
   1.2564925e+02   1.9561700e+02   2.0000000e+00
   2.1511512e+02   5.4229973e+01   2.0000000e+00
   1.1722557e+02   2.4499629e+02   2.0000000e+00
  -1.8739559e+02   3.7475433e+01   2.0000000e+00
   6.5685565e+01  -1.7797054e+02   2.0000000e+00
  -2.3190842e+02   4.5023072e+00   2.0000000e+00
  -2.1593884e+02   6.1321811e+01   2.0000000e+00
  -2.2905395e+01  -1.2208600e+02   2.0000000e+00
   1.3673110e+02   1.6587793e+02   2.0000000e+00
  -1.6654348e+02  -3.7625185e+01   2.0000000e+00
  -4.8829114e+01   1.4960521e+02   2.0000000e+00
   2.0051977e+02  -8.8612127e+01   2.0000000e+00
   5.3467776e+01  -2.2164947e+01   1.0000000e+00
  -7.7101107e+01   4.1538809e+01   2.0000000e+00
  -2.2535365e+02   1.9613834e+02   1.0000000e+00
  -1.7604211e+02  -2.1776257e+02   2.0000000e+00
   2.4735981e+02   2.0774408e+02   2.0000000e+00
   1.6385722e+02   9.3187978e+01   2.0000000e+00
   8.4533463e+01  -2.3091911e+02   2.0000000e+00
   1.2616698e+01  -4.9691012e+01   2.0000000e+00
   1.5712102e+02  -1.6572725e+01   2.0000000e+00
   2.5707521e+02   2.5836176e+02   1.0000000e+00
  -1.6957236e+02  -1.6634495e+01   2.0000000e+00
   2.4417385e+02  -1.0860460e+02   2.0000000e+00
  -2.0172919e+02  -1.7531392e+02   2.0000000e+00
   1.6570137e+02   1.5162528e+02   2.0000000e+00
   1.4948879e+02  -2.4095237e+02   2.0000000e+00
  -7.5710259e+01   5.3889489e+01   2.0000000e+00
  -8.8441473e+01   3.2798227e+02   2.0000000e+00
   1.0205048e+02  -1.3557059e+02   2.0000000e+00
   3.3814653e+01   8.5486446e+01   2.0000000e+00
  -2.4736379e+02   3.2582895e+00   2.0000000e+00
  -1.7011150e+02   3.6611705e+01   2.0000000e+00
   1.7588424e+02   1.1609978e+02   2.0000000e+00
  -2.3072156e+02   7.1214615e-01   2.0000000e+00
  -1.4974162e+02  -1.2574297e+02   2.0000000e+00
  -7.0566391e+01  -1.0617034e+02   2.0000000e+00
   3.6808639e+01  -1.2874207e+02   2.0000000e+00
  -1.5903725e+02   1.4048114e+02   2.0000000e+00
   1.5786300e+02   8.4777247e+01   2.0000000e+00
   1.8872657e+02   1.7500720e+02   2.0000000e+00
  -3.9400510e+01  -2.5805938e+02   2.0000000e+00
   1.7145376e+02  -1.2742332e+02   2.0000000e+00
   1.8201312e+02   2.5471801e+02   2.0000000e+00
  -6.8033880e+01   8.7861549e+01   2.0000000e+00
   2.4994194e+02  -1.1567629e+01   2.0000000e+00
   1.1409109e+02  -2.5176827e+02   2.0000000e+00
  -2.4858602e+02   1.4150606e+00   2.0000000e+00
   1.0287976e+02  -2.4160171e+02   2.0000000e+00
   1.2834179e+02  -1.9983761e+02   2.0000000e+00
  -2.7593852e+01  -9.0091915e+01   2.0000000e+00
  -2.9974658e+01  -1.2734665e+01   2.0000000e+00
   7.3724687e+00   2.6887980e+02   2.0000000e+00
  -2.4665689e+02  -1.9462687e+02   1.0000000e+00
   2.5216131e+02   1.3122363e+02   1.0000000e+00
   1.1388365e+00  -6.9199301e+01   2.0000000e+00
   1.5086107e+02  -1.9742168e+02   2.0000000e+00
   2.2516382e+02   2.2799631e+02   2.0000000e+00
   7.8969267e+01   2.0174091e+02   1.0000000e+00
  -3.9928245e+01  -1.3684385e+02   2.0000000e+00
   9.6983439e+01  -2.1376570e+02   2.0000000e+00
  -1.5043330e+02  -2.0567207e+02   2.0000000e+00
   7.5538726e+01  -2.5617382e+02   2.0000000e+00
  -2.1625539e+02  -6.1845363e+01   2.0000000e+00
  -4.5641856e+01  -8.8303084e+01   2.0000000e+00
   8.3227344e+01   1.1629293e+02   1.5000000e+00
  -2.4113823e+02  -1.3307781e+02   1.0000000e+00
  -3.8718018e+01  -1.3533766e+02   2.0000000e+00
   2.2421486e+02   1.5028725e+02   2.0000000e+00
  -1.2938527e+02   8.8037458e+01   2.0000000e+00
   2.7146242e+02   2.4906109e+02   1.0000000e+00
   2.2090772e+02   2.6739616e+02   2.0000000e+00
  -2.1439574e+02  -1.8158365e+02   2.0000000e+00
   5.7282506e+01   1.1321666e+02   1.0000000e+00
  -2.1415365e+02   9.7983299e-01   2.0000000e+00
   2.1066868e+02   1.0161237e+01   2.0000000e+00
   2.9941264e+01   9.9445573e+01   2.0000000e+00
   1.0308757e+02   1.4830190e+02   1.0000000e+00
   2.5806620e+02   2.6114516e+02   1.0000000e+00
  -1.5108037e+02  -1.9504421e+02   2.0000000e+00
  -1.7685198e+02   9.3971196e-01   2.0000000e+00
  -2.5546862e+02  -1.0707236e+02   1.0000000e+00
   9.7059149e+01  -1.2513905e+02   2.0000000e+00
   2.1365714e+02  -4.9001967e+00   2.0000000e+00
  -3.5344204e+01   2.0029792e+02   2.0000000e+00
  -1.4180953e+02  -1.2904626e+02   2.0000000e+00
  -8.0491178e+01   1.2278024e+02   2.0000000e+00
   6.8635980e+01   7.3174203e+00   1.0000000e+00
  -4.2654117e+01   3.1359080e+02   2.0000000e+00
  -1.2561966e+02   1.7598235e+02   2.0000000e+00
  -5.2157778e+01   6.8282879e+01   2.0000000e+00
   2.0792229e+02   1.2403259e+02   2.0000000e+00
  -2.4632761e+02   1.1809090e+02   2.0000000e+00
   5.8236994e+01   1.3787602e+02   1.0000000e+00
   8.2134380e+01   1.0685602e+02   2.0000000e+00
  -1.9706074e+02   6.9835450e+01   2.0000000e+00
  -1.2378281e+02   9.7556656e+01   2.0000000e+00
   1.6900688e+02   1.2489865e+02   2.0000000e+00
  -2.2280993e+02   2.1017434e+02   1.0000000e+00
   2.3918264e+02   2.2402991e+00   2.0000000e+00
  -2.2392673e+02  -1.6859769e+02   2.0000000e+00
   7.5321947e+01  -1.1400031e+02   2.0000000e+00
  -2.2249561e+02  -4.0083510e+01   2.0000000e+00
   1.9103898e+02   1.4230575e+02   2.0000000e+00
  -6.5783622e+01  -4.8974190e+00   2.0000000e+00
  -1.8240811e+02   3.1443474e+01   2.0000000e+00
  -1.0968848e+02   2.1558995e+02   1.0000000e+00
   5.5150610e+01   5.8837885e+01   2.0000000e+00
   1.5433955e+02   1.6465499e+02   2.0000000e+00
   1.8526029e+02  -2.1621793e+02   2.0000000e+00
  -2.3030412e+02   8.1306826e+01   2.0000000e+00
   2.3713993e+02  -1.6387307e+02   1.0000000e+00
   1.5698812e+02  -2.3588527e+02   2.0000000e+00
  -1.9197935e+02  -1.7940813e+02   2.0000000e+00
  -2.3282939e+02  -5.2501212e+01   2.0000000e+00
   2.0314948e+02   2.6018956e+02   2.0000000e+00
   3.6562665e+01   3.4682602e+01   2.0000000e+00
  -9.4728738e+01  -1.5862315e+02   2.0000000e+00
   1.3294179e+02   3.0554436e+01   2.0000000e+00
   2.5598236e+02   2.3579112e+02   1.0000000e+00
   1.1311025e+02   1.9993585e+02   2.0000000e+00
  -1.0102206e+02   1.7165010e+02   2.0000000e+00
  -4.5901214e+01   1.3922871e+02   2.0000000e+00
  -1.6131576e+02   2.2488420e+02   1.0000000e+00
  -1.3619890e+02   4.1201392e+01   2.0000000e+00
  -1.1493061e+02   1.9111840e+02   2.0000000e+00
  -6.0731984e+01  -2.1851843e+02   2.0000000e+00
  -2.2436620e+02   1.0666051e+02   2.0000000e+00
   2.4875864e+02   1.1016452e+02   1.0000000e+00
  -3.6833046e+01   1.9557326e+02   2.0000000e+00
   4.4937417e+01   1.1376515e+02   1.0000000e+00
  -7.7506919e+01  -9.4364727e+01   2.0000000e+00
   6.0480278e+01  -8.1124191e+01   2.0000000e+00
  -8.1994206e+00   1.7865328e+02   2.0000000e+00
  -1.6190833e+02  -1.8297634e+02   2.0000000e+00
  -1.8393234e+02   1.1287822e+01   2.0000000e+00
   1.5984339e+02  -2.0938104e+02   2.0000000e+00
   4.8627407e+01  -2.2965560e+02   2.0000000e+00
   2.3017045e+02  -1.5926606e+02   1.0000000e+00
  -9.5623275e+01  -3.7748900e+01   2.0000000e+00
   2.4594895e+01  -2.3919365e+02   2.0000000e+00
  -1.9382875e+02  -5.1203950e+01   2.0000000e+00
   2.5428061e+02   9.9108484e+01   1.0000000e+00
   4.4178383e+01   3.5536407e+01   2.0000000e+00
  -2.9525439e+01  -1.2336915e+00   2.0000000e+00
   2.6125142e+02   2.2501029e+02   1.0000000e+00
  -2.5512938e+02  -1.2610688e+02   1.0000000e+00
   7.7484137e+01  -1.4950437e+02   2.0000000e+00
   1.3158974e+02   2.0751401e+02   2.0000000e+00
   2.5683094e+02   2.6200931e+02   1.0000000e+00
  -1.8322943e+02   1.9396188e+02   1.0000000e+00
  -1.8853878e+02   2.1089386e+02   1.0000000e+00
   6.6050272e+01  -8.0923813e+01   2.0000000e+00
   5.7360177e+01  -8.1037025e+01   2.0000000e+00
  -1.6869418e+02   6.7352738e+01   2.0000000e+00
  -2.2398559e+02   1.6483324e+01   2.0000000e+00
  -1.2282818e+02  -1.2225836e+02   2.0000000e+00
  -1.8815532e+02   8.3612112e+00   2.0000000e+00
   2.3369450e+02  -1.6971131e+01   2.0000000e+00
   9.4146319e+01   1.3174770e+02   1.0000000e+00
  -2.2958233e+02  -1.7922431e+02   2.0000000e+00
   4.2253641e+01  -4.4787226e+00   2.0000000e+00
  -1.3264583e+02   2.0617678e+02   1.0000000e+00
   7.3015380e+01   8.0506934e-01   1.0000000e+00
   9.5023244e+01  -1.6912463e+02   2.0000000e+00
  -5.2991066e+01  -2.4620531e+02   2.0000000e+00
   8.0325947e+01  -1.7006160e+02   2.0000000e+00
   8.8126170e+01   2.6793922e+02   1.0000000e+00
  -1.0121406e+02   1.4723459e+01   2.0000000e+00
  -6.9820820e+01  -9.1871078e+01   2.0000000e+00
  -3.6515714e+01   1.8743955e+02   2.0000000e+00
   8.7696393e+01  -1.2047405e+02   2.0000000e+00
   2.1477124e+02   1.9038823e+02   2.0000000e+00
   2.0927718e+02  -1.0408906e+02   2.0000000e+00
   2.1185832e+02  -2.4849531e+02   1.0000000e+00
   6.2238566e+01   1.4639864e+02   1.0000000e+00
  -5.4994321e+01  -2.0902280e+02   2.0000000e+00
  -2.8860550e+01  -1.9652659e+02   2.0000000e+00
   2.3361310e+02   1.6078822e+02   2.0000000e+00
   1.1510432e+02  -9.4716036e+01   2.0000000e+00
  -1.3452537e+02  -1.9833809e+02   2.0000000e+00
   2.6451229e+02   2.5471123e+02   1.0000000e+00
  -1.6696486e+02   2.1970167e+02   1.0000000e+00
   2.1561097e+02   9.5715061e+01   1.0000000e+00
   1.0269771e+02   9.9909968e+00   2.0000000e+00
   7.6721157e+01   3.6362980e+01   2.0000000e+00
  -2.1135457e+02  -1.3682896e+01   2.0000000e+00
  -2.1283231e+02   2.1990254e+02   1.0000000e+00
   1.0520951e+02   1.3043938e+02   1.0000000e+00
  -1.6989472e+02   7.5731193e+01   2.0000000e+00
   1.1665423e+02   1.1325418e+02   2.0000000e+00
   5.2983796e+01   5.2412500e+01   2.0000000e+00
  -2.2702569e+02  -6.1697024e+01   2.0000000e+00
   6.1640899e+01   5.3928430e+01   2.0000000e+00
   2.6264361e+02   8.6623998e+01   1.0000000e+00
  -1.9709354e+02  -2.1121274e+02   2.0000000e+00
   2.1458140e+02   2.6174204e+00   2.0000000e+00
  -2.6361724e+02   1.4424688e+02   1.0000000e+00
   9.5699096e+01  -1.3588489e+02   2.0000000e+00
  -2.6145974e+02   4.8472083e+01   2.0000000e+00
   2.3670524e+02   2.6781158e+02   1.0000000e+00
   9.3970935e+01   1.4179155e+01   1.0000000e+00
   8.3326530e+01   8.2409812e+01   2.0000000e+00
  -2.2254491e+02   1.9003502e+02   1.0000000e+00
  -1.1026539e+02  -2.6358319e+02   1.0000000e+00
  -2.1730002e+02   8.4612686e+01   2.0000000e+00
   1.6753431e+01  -2.3965706e+02   2.0000000e+00
  -2.3409966e+02   1.1557602e+02   1.6000000e+00
   1.7624119e+02   1.3066094e+02   2.0000000e+00
   2.3348978e+02   2.0583706e+02   2.0000000e+00
   2.0961709e+02  -1.0018247e+02   2.0000000e+00
   3.2068029e+01   2.7822360e+01   2.0000000e+00
   1.2808732e+02   2.0656552e+02   2.0000000e+00
  -1.0236275e+02  -4.0277092e+01   2.0000000e+00
  -1.6653523e+02  -2.2375121e+02   2.0000000e+00
  -3.3430203e+01  -1.9590363e+02   2.0000000e+00
   1.2586769e+02   7.0862622e+01   2.0000000e+00
   7.8617667e+01   2.1205748e+02   1.0000000e+00
  -3.3445791e+01   1.7608444e+00   2.0000000e+00
  -2.4396294e+02  -5.6464988e+01   2.0000000e+00
   1.2469673e+02  -2.1580134e+02   2.0000000e+00
   3.9600040e+01  -1.3056162e+02   2.0000000e+00
  -2.5147007e+02  -1.9909196e+02   1.0000000e+00
   2.5148900e+02  -1.6164424e+01   2.0000000e+00
   1.7281866e+02  -2.5464937e+02   1.0000000e+00
  -1.4222764e+02   1.0324926e+02   2.0000000e+00
  -1.1695726e+02   1.5037223e+02   2.0000000e+00
   7.4946533e+01  -1.2970919e+02   2.0000000e+00
   1.5771934e+02   3.4802664e+01   2.0000000e+00
  -8.6843350e+01   6.8486865e+01   2.0000000e+00
   2.2820280e+02   1.4103588e+02   2.0000000e+00
  -2.5455715e+02   3.2448111e+01   2.0000000e+00
   3.5826614e+01   5.3634042e+01   2.0000000e+00
   1.7115147e+02  -7.5984133e+01   2.0000000e+00
  -2.3460972e+02   1.2586092e+01   2.0000000e+00
   8.1206368e+01  -1.6570991e+00   1.0000000e+00
  -2.3902256e+02  -1.0285899e+02   1.0000000e+00
  -1.2537694e+02   8.6536198e+01   2.0000000e+00
   1.1497454e+02   1.0470764e+02   2.0000000e+00
  -1.1660625e+02   1.7839039e+02   2.0000000e+00
   8.3306806e+01   4.6380485e+01   2.0000000e+00
   1.5955876e+02   7.9355348e+01   2.0000000e+00
  -1.8126274e+02  -8.2382952e+01   2.0000000e+00
   6.7280851e+01   2.5495398e+02   1.0000000e+00
   7.8687200e+01   2.9625398e+01   2.0000000e+00
   5.2248713e+01   3.8321169e+01   2.0000000e+00
   4.8583636e+01   2.5266254e+01   2.0000000e+00
  -2.3214745e+02  -5.0284997e+01   2.0000000e+00
  -2.4071723e+01  -2.1623862e+02   2.0000000e+00
  -4.4324469e+01   3.3293313e+01   2.0000000e+00
   2.5439907e+02   1.7827120e+02   2.0000000e+00
   2.9012737e+01   9.1900234e+01   2.0000000e+00
  -2.3140319e+02   1.1209087e+02   2.0000000e+00
  -1.7832505e+02   1.9586812e+02   1.0000000e+00
   1.1333274e+02  -2.1025710e+02   2.0000000e+00
  -1.2208741e+02   1.2601114e+02   2.0000000e+00
   2.5971145e+02   2.3424037e+02   1.0000000e+00
   2.3387724e+01   6.2340251e+01   2.0000000e+00
   1.9779453e+02   1.6828120e+02   2.0000000e+00
   2.4689377e+02  -9.9659120e+01   2.0000000e+00
  -2.2983714e+02  -2.2531893e+02   1.0000000e+00
  -1.6731322e+02   2.0897739e+02   1.0000000e+00
  -1.6533759e+02  -2.3065226e+02   2.0000000e+00
   1.9737573e+02  -1.6721410e+01   2.0000000e+00
   2.5693968e+02   2.7222021e+00   2.0000000e+00
   2.0234213e+01  -2.1328631e+02   2.0000000e+00
   1.4578719e+02   1.5443243e+02   2.0000000e+00
   4.3500139e+01   8.0076160e+01   2.0000000e+00
  -2.2903220e+02   5.7127649e+00   2.0000000e+00
  -1.7270115e+02  -1.6968610e+02   2.0000000e+00
  -2.5058377e+02  -9.7708180e+01   1.0000000e+00
  -3.1989854e+01   3.1205643e+02   2.0000000e+00
  -1.7502275e+02  -3.7533707e+01   2.0000000e+00
  -6.2845868e+01   1.4031689e+02   2.0000000e+00
  -8.3170510e+01  -1.6225809e+02   2.0000000e+00
   1.6916236e+00  -3.3312914e+01   1.8000000e+00
  -2.4671155e+02   1.1160735e+02   1.9000000e+00
   2.0418935e+02  -1.3044787e+02   2.0000000e+00
   2.3800104e+02   2.4624808e+02   1.9000000e+00
   6.0755584e+01   2.1603431e+02   1.0000000e+00
  -3.3522745e+01   7.5204632e+01   2.0000000e+00
  -2.0165417e+02   4.0075035e+01   2.0000000e+00
   9.8797321e+01  -6.2932466e+01   2.0000000e+00
  -1.1440748e+01  -2.4226195e+02   2.0000000e+00
   1.4837767e+02   2.0052774e+02   2.0000000e+00
   2.1646082e+01   1.8029139e+01   2.0000000e+00
  -7.5258161e+01   7.7551218e+01   2.0000000e+00
  -8.7540489e+01   7.8418631e+01   2.0000000e+00
  -1.7717793e+02   1.6809804e+02   2.0000000e+00
  -2.0710196e+02   2.1094819e+02   1.0000000e+00
   1.3744167e+02   2.1778301e+02   2.0000000e+00
   1.0806983e+02   2.4353425e+02   1.5000000e+00
   2.5660657e+02   1.4282435e+02   2.0000000e+00
  -1.8576041e+02  -1.5289494e+02   2.0000000e+00
  -8.3787785e+01  -2.2408810e+02   2.0000000e+00
   2.1276646e+02  -3.2439879e+01   2.0000000e+00
   4.1850494e+01  -4.4017383e+00   2.0000000e+00
   2.5633341e+02  -1.2050473e+02   1.0000000e+00
  -2.5965142e+02   6.2224094e+01   2.0000000e+00
   1.4159751e+02  -2.1129250e+02   2.0000000e+00
   2.1520873e+02   7.7562574e+00   2.0000000e+00
  -7.2510908e+01  -1.6090862e+02   2.0000000e+00
  -6.4615206e+01  -1.7650470e+01   2.0000000e+00
   8.8448839e+01  -1.8741827e+02   2.0000000e+00
  -2.2209416e+02   2.2113261e+02   1.0000000e+00
   5.8711693e+01   1.6597734e+01   1.0000000e+00
  -1.7160171e+02  -5.0262453e+01   2.0000000e+00
  -1.2200889e+02   2.1951359e+01   2.0000000e+00
  -2.3451546e+02  -1.0339289e+02   1.0000000e+00
  -8.5017878e+01  -2.4205957e+02   2.0000000e+00
   6.3878989e+01  -1.9358226e+02   2.0000000e+00
  -1.1478971e+02   1.9657286e+02   2.0000000e+00
  -2.0363886e+02   2.0044310e+02   1.0000000e+00
   1.7086349e+02   1.3184155e+02   2.0000000e+00
  -9.6775332e+01  -4.0298450e+01   2.0000000e+00
  -2.3264548e+02  -4.1278384e+01   2.0000000e+00
   1.2248915e+02  -2.1269380e+02   2.0000000e+00
  -4.3627203e+01   1.5621891e+02   2.0000000e+00
  -1.0121934e+02  -2.4482488e+02   1.0000000e+00
  -2.6806267e+01  -2.3215205e+02   2.0000000e+00
  -5.0482301e+01   6.3956793e+01   2.0000000e+00
   4.9747621e+01   3.4508278e+01   2.0000000e+00
  -6.8230929e+01   1.5847774e+02   2.0000000e+00
   1.5553947e+02   1.0097102e+02   2.0000000e+00
  -2.4475827e+02   1.2986255e+02   2.0000000e+00
   1.9888318e+02   1.1992796e+02   2.0000000e+00
  -1.9493662e+02   9.2212663e+01   2.0000000e+00
  -9.6768948e+01   1.3707458e+02   2.0000000e+00
   1.0770305e+02  -2.2509525e+02   2.0000000e+00
  -7.9737612e+01   2.9235896e+02   2.0000000e+00
  -1.7920601e+02   1.7252879e+02   2.0000000e+00
   2.4253940e+02  -1.2119748e+02   2.0000000e+00
  -2.4286978e+02   1.0053569e+02   2.0000000e+00
   1.1404376e+02   2.4219861e+02   1.5000000e+00
  -1.3303304e+02  -1.4107930e+02   2.0000000e+00
   1.8828264e+02  -4.5163650e+01   2.0000000e+00
   7.9249903e+00   1.2485801e+02   2.0000000e+00
  -1.6646144e+02  -1.3045601e+02   2.0000000e+00
   1.3443505e+02  -1.0327824e+02   2.0000000e+00
   1.6321639e+02  -2.2000768e+02   2.0000000e+00
   9.6874584e+01   2.4324282e+02   1.5000000e+00
   1.6360840e+02   1.3152674e+02   2.0000000e+00
  -2.8377110e+01  -1.0471020e+02   2.0000000e+00
  -1.4438793e+01  -2.2102520e+02   2.0000000e+00
   2.1230102e+02   5.3362579e+01   2.0000000e+00
  -2.2511456e+02  -2.1919827e+02   2.0000000e+00
   1.0358178e+02  -2.1107211e+02   2.0000000e+00
  -7.4801965e+01  -2.3355931e+02   2.0000000e+00
   4.1238421e+01  -2.1840999e+02   2.0000000e+00
  -4.0024842e+01   1.1889797e+02   2.0000000e+00
   2.6560696e+02  -7.1592215e+01   2.0000000e+00
   5.6843149e+01   7.0871869e+01   2.0000000e+00
   1.1706484e+02   2.0525251e+02   2.0000000e+00
  -2.6134084e+02   1.8332636e+02   1.0000000e+00
   3.8203188e+01  -2.5404096e+02   2.0000000e+00
  -2.4190766e+02  -1.9604836e+02   1.0000000e+00
   2.5969633e+02   2.1195179e+01   2.0000000e+00
   9.6841649e+01   6.8212272e+00   2.0000000e+00
   2.4843900e+02   2.4929058e+02   1.0000000e+00
   4.2713690e+01   1.3638437e+02   1.0000000e+00
   1.7987000e+02  -9.1322278e+01   2.0000000e+00
  -7.2918609e+01   5.4481301e+01   2.0000000e+00
   1.7262180e+02  -2.3522308e+02   2.0000000e+00
  -1.5309177e+02  -2.9320916e+01   2.0000000e+00
  -1.4250298e+02  -5.3405055e+01   2.0000000e+00
  -1.6220635e+02  -1.6697771e+02   2.0000000e+00
  -2.1883165e+02   6.1332004e+01   2.0000000e+00
   2.1886132e+02  -8.3053121e+01   2.0000000e+00
  -1.7639978e+02  -2.3365002e+02   2.0000000e+00
   2.5755818e+02  -9.4932422e+01   2.0000000e+00
   6.1767837e+01   2.0275938e+02   1.0000000e+00
  -1.9598934e+02   1.1154574e+02   2.0000000e+00
   6.6053307e+01   1.3851678e+02   1.0000000e+00
   2.3709314e+02  -1.5770545e+02   1.0000000e+00
  -6.7900279e+01  -1.3203493e+02   2.0000000e+00
   2.6334455e+02   2.9219582e+01   2.0000000e+00
   1.9960532e+01  -4.7120828e+01   2.0000000e+00
  -2.3754702e+02  -1.1569706e+02   1.0000000e+00
   2.3798333e+02   1.2397608e+02   2.0000000e+00
   2.4669802e+02   9.3035030e+01   1.0000000e+00
  -2.3912044e+02  -2.0064851e+02   1.0000000e+00
  -4.3897573e+01   5.4816171e+01   2.0000000e+00
  -3.6951179e+01   9.8987513e+01   2.0000000e+00
  -9.9932006e+01  -2.0510332e+01   2.0000000e+00
  -9.0330323e+01  -1.1916422e+02   2.0000000e+00
  -1.3093778e+02   1.5044772e+02   2.0000000e+00
  -2.2882978e+00  -1.8140558e+02   2.0000000e+00
   1.1555779e+02   2.0684361e+02   2.0000000e+00
  -2.3077917e+02  -5.7227261e+01   2.0000000e+00
  -2.4139686e+02  -2.4064189e+01   2.0000000e+00
  -2.3325043e+02  -1.3781145e+02   2.0000000e+00
  -9.9662695e+00  -2.2483959e+02   2.0000000e+00
  -2.5206454e+02   1.0730839e+02   1.8000000e+00
   5.5631033e+01  -2.1603207e+02   2.0000000e+00
  -2.3080488e+02  -3.5688607e+01   2.0000000e+00
  -2.1969965e+02   3.9909571e+01   2.0000000e+00
  -1.4115200e+02  -2.4019963e+02   1.0000000e+00
   9.3897529e+00  -1.6116412e+02   2.0000000e+00
  -7.7843732e+01  -1.7391688e+02   2.0000000e+00
   8.8875456e+01  -1.8353887e+02   2.0000000e+00
  -1.3278971e+02   2.0071194e+02   1.0000000e+00
   1.9912771e+02   2.2955839e+02   2.0000000e+00
   6.0579514e+01   2.0427453e+02   1.0000000e+00
  -1.0186199e+02  -2.9293355e+01   2.0000000e+00
  -1.6611967e+02   1.8202232e+02   2.0000000e+00
  -8.8091023e+01  -1.4243061e+02   2.0000000e+00
   3.2138727e+01   3.1210195e+01   2.0000000e+00
  -4.9163767e+01  -1.4352180e+02   2.0000000e+00
  -2.0158892e+02   5.3102748e+01   2.0000000e+00
  -5.1021210e+01   3.0304880e+02   2.0000000e+00
  -1.9290701e+02  -1.1721783e+00   2.0000000e+00
   2.5075513e+02  -8.7439605e+01   2.0000000e+00
  -1.8513642e+02   1.4881013e+02   2.0000000e+00
   2.4450926e+01   4.7058462e+01   2.0000000e+00
  -1.5131024e+02  -1.3251653e+02   2.0000000e+00
  -8.8205860e+01   1.3142553e+02   2.0000000e+00
  -1.7996307e+02   2.1406210e+02   1.0000000e+00
  -1.8074237e+02  -1.6281975e+02   2.0000000e+00
   2.2809959e+02  -9.5625534e+01   2.0000000e+00
  -1.4523486e+02  -1.3910549e+02   2.0000000e+00
   1.5819961e+02  -1.0499877e+02   2.0000000e+00
  -2.1520956e+02   2.0684545e+02   1.0000000e+00
  -1.3111849e+02   1.7806072e+02   2.0000000e+00
   7.5777189e+01   1.5405679e+02   1.0000000e+00
   2.6618438e+01  -2.3399215e+02   2.0000000e+00
   8.2971870e+01   2.0703018e+01   1.0000000e+00
   3.3122656e+01  -2.0071956e+02   2.0000000e+00
   1.7079734e+02   1.3789370e+02   2.0000000e+00
   1.5632557e+02  -1.2642481e+02   2.0000000e+00
  -8.1729867e+01  -1.3755712e+02   2.0000000e+00
   1.2177919e+02   2.1117914e+02   2.0000000e+00
  -1.4624707e+02   2.1785153e+02   1.0000000e+00
  -1.7661879e+02  -2.3942880e+02   2.0000000e+00
  -1.2902507e+02   1.2345366e+02   2.0000000e+00
   1.4309131e+02  -2.5110966e+02   2.0000000e+00
   1.9357908e+02   1.6731852e+02   2.0000000e+00
  -5.1838213e+01   4.4001407e+01   2.0000000e+00
   1.6207237e+02   2.0468521e+02   2.0000000e+00
   1.7780038e+02  -2.2047713e+02   2.0000000e+00
   1.3477256e+02   1.1102569e+02   2.0000000e+00
  -2.1335234e+02   1.1703568e+02   2.0000000e+00
  -2.1129735e+02  -9.0099610e+01   2.0000000e+00
  -4.6726391e+01  -1.9510604e+02   2.0000000e+00
   1.1961502e+02   1.8215671e+02   2.0000000e+00
   1.7671401e+02  -2.1725667e+02   2.0000000e+00
   1.2384560e+02   1.1881215e+02   2.0000000e+00
   2.1348043e+02   2.0541360e+02   2.0000000e+00
  -6.3580133e+01  -1.5160447e+02   2.0000000e+00
  -2.2531184e+02   6.4845041e+01   2.0000000e+00
  -1.8760430e+02  -7.4276454e+01   2.0000000e+00
   2.0076428e+02  -1.8274167e+02   2.0000000e+00
  -2.4386618e+02  -1.1460015e+02   1.0000000e+00
   1.6800285e+02  -1.8439065e+02   2.0000000e+00
  -2.5365487e+02   8.2386670e+01   2.0000000e+00
   5.9677435e+01  -2.6235301e+02   2.0000000e+00
   1.2822336e+02  -1.9706299e+02   2.0000000e+00
   1.1007944e+02  -2.2040100e+02   2.0000000e+00
   2.3896520e+02   1.3770133e+02   2.0000000e+00
   1.8178098e+02   2.6045623e+02   1.2000000e+00
   1.6272178e+02   1.9901977e+02   2.0000000e+00
   2.2417970e+01   6.8015038e+01   2.0000000e+00
  -8.1829633e+01   1.7808524e+01   2.0000000e+00
  -2.2846682e+02   1.0469597e+02   2.0000000e+00
  -4.8398814e+01  -9.7636354e+01   2.0000000e+00
   2.2662627e+02  -1.1581854e+00   2.0000000e+00
  -7.6600430e+01   1.3586790e+02   2.0000000e+00
  -5.9053851e+01  -1.2451445e+02   2.0000000e+00
  -9.3035430e+01  -4.4479915e+01   2.0000000e+00
  -2.3344487e+02  -1.2570422e+02   1.0000000e+00
   2.3813899e+02   2.5974879e+02   1.0000000e+00
   9.6597201e+01  -1.9932802e+02   2.0000000e+00
  -1.4454005e+02   2.0327521e+02   1.0000000e+00
  -1.3545758e+02   2.2038466e+02   1.0000000e+00
  -1.1484172e+02  -1.0422904e+02   2.0000000e+00
   6.6486581e+01   1.2574371e+02   1.0000000e+00
   9.4767896e+01  -1.7338050e+02   2.0000000e+00
  -4.1391243e+01  -2.4191567e+02   2.0000000e+00
   1.1102398e+02  -2.5417421e+02   2.0000000e+00
  -6.7670954e+01  -1.7124087e+02   2.0000000e+00
   1.0158055e+02   1.3244593e+02   1.0000000e+00
   2.4036749e+02  -1.3586447e+02   1.0000000e+00
  -1.2039735e+02   1.0845750e+02   2.0000000e+00
   2.2157053e+02  -2.1361700e+02   1.0000000e+00
   5.2625669e+01   1.8024950e+01   2.0000000e+00
   2.2147417e+02  -1.4899971e+02   1.0000000e+00
   9.4026958e+01   1.8213780e+02   1.0000000e+00
  -6.9192222e+01   8.3382311e+01   2.0000000e+00
  -1.9926542e+02  -2.3553134e+02   2.0000000e+00
   2.1371860e+02   1.6388207e+02   2.0000000e+00
   2.6625185e+02   2.4583352e+02   1.0000000e+00
  -1.0128171e+02   1.8935139e+02   2.0000000e+00
   2.1572649e+01   1.2129365e+01   2.0000000e+00
  -2.5541827e+02   4.4022840e-01   2.0000000e+00
  -8.5458502e+01   8.3531932e+01   2.0000000e+00
   5.8476212e+00   3.2886232e+01   2.0000000e+00
  -1.5989167e+02  -1.3361158e+01   2.0000000e+00
   2.1218352e+02   1.1533036e+00   2.0000000e+00
  -9.4276230e+01  -2.5327417e+01   2.0000000e+00
  -8.6464220e+01  -2.4599725e+02   2.0000000e+00
   8.1046792e+01   4.7858099e+01   2.0000000e+00
   1.6775988e+02   1.4771703e+02   2.0000000e+00
   1.9741518e+02  -1.2085489e+02   2.0000000e+00
   8.3222505e+01  -2.3100688e+02   2.0000000e+00
  -2.2448245e+02  -2.1491943e+02   2.0000000e+00
   1.9064743e+02   2.5758133e+02   2.0000000e+00
  -4.9703020e+01   6.9091164e+01   2.0000000e+00
   2.3446714e+02   9.1375047e+01   1.0000000e+00
  -1.9675492e+02  -1.7246908e+02   2.0000000e+00
   4.1359733e+01  -2.5909462e+02   2.0000000e+00
   1.8468162e+02  -1.3330284e+01   2.0000000e+00
   1.3747715e+02  -3.5812263e+01   2.0000000e+00
  -2.2453344e+02  -1.1941018e+02   1.0000000e+00
   2.8483009e+02   2.6701566e+01   2.0000000e+00
  -1.7806185e+02  -1.5700267e+02   2.0000000e+00
  -1.3285998e+02  -1.1178882e+02   2.0000000e+00
   2.2510097e+02  -2.1134121e+02   1.0000000e+00
  -1.6913720e+02  -1.8057300e+02   2.0000000e+00
  -8.1616035e+01   1.2182838e+02   2.0000000e+00
  -5.6363367e+01   2.8823037e+02   2.0000000e+00
   6.6402530e+01   5.3968644e+01   2.0000000e+00
   2.5191587e+02   1.9409703e+02   2.0000000e+00
  -2.0309089e+02  -2.3082089e+02   2.0000000e+00
   1.1216316e+02  -2.0558124e+02   2.0000000e+00
  -4.1888710e+01   3.2205716e+02   2.0000000e+00
   2.6543754e+02   2.3245098e+02   1.0000000e+00
  -1.6700964e+02  -4.7728621e+01   2.0000000e+00
   1.7899984e+02  -4.6641702e+01   2.0000000e+00
  -2.0638041e+02   1.7518958e+02   1.0000000e+00
   1.6254549e+02  -1.8454490e+02   2.0000000e+00
   8.8582020e+01   1.1990551e+01   1.0000000e+00
  -2.2782627e+02  -1.5665593e+02   2.0000000e+00
   1.2720592e+02  -2.6204466e+02   2.0000000e+00
  -4.8812885e+01  -1.9031358e+02   2.0000000e+00
  -2.2559287e+02   7.4733283e+01   2.0000000e+00
  -8.1981083e+01   1.3648693e+02   2.0000000e+00
  -1.0655738e+02   1.9908076e+02   2.0000000e+00
  -2.4471488e+02   1.6072285e+02   1.0000000e+00
   1.7847939e+02  -1.3142282e+02   2.0000000e+00
  -1.5026243e+02   3.1963536e+01   2.0000000e+00
   2.3264524e+02  -1.4652136e+02   1.0000000e+00
  -2.8096278e+01  -2.0459069e+01   2.0000000e+00
   2.2183845e+02   2.1992828e+02   2.0000000e+00
   2.5091731e+02   8.0123705e+01   1.0000000e+00
  -1.9491572e+02  -1.0225687e+02   2.0000000e+00
   4.6435493e+01   1.4849227e+02   1.0000000e+00
   1.7723597e+02  -1.9031708e+00   2.0000000e+00
   4.8657081e+01  -2.1821722e+02   2.0000000e+00
  -2.5202979e+01  -1.8149101e+02   2.0000000e+00
   9.5339242e+01  -4.8576761e+01   2.0000000e+00
   2.3709865e+02   8.5699632e+01   1.0000000e+00
   2.2277898e+02  -2.1870614e+02   1.0000000e+00
  -9.3958205e+01  -2.5199033e+02   1.0000000e+00
   4.4736653e+01  -2.0642862e+02   2.0000000e+00
  -9.7879589e+01  -2.4500529e+01   2.0000000e+00
  -1.9932805e+02   1.6342948e+02   2.0000000e+00
  -2.1122961e+02   1.1318937e+02   2.0000000e+00
   2.8284328e+02  -2.6774509e+01   2.0000000e+00
   1.8038702e+02  -2.5938152e+02   1.0000000e+00
   1.6784555e+02   2.4762168e+02   2.0000000e+00
  -1.5289568e+02   1.1221361e+02   2.0000000e+00
  -1.9908720e+01  -9.5834506e+01   2.0000000e+00
  -1.7917334e+02   1.6730437e+01   2.0000000e+00
  -9.2558536e+01  -1.2927023e+02   2.0000000e+00
  -1.7741899e+02  -7.5509222e+01   2.0000000e+00
   1.7226484e+02  -1.1067416e+01   2.0000000e+00
  -2.2602175e+02   2.3605576e+02   1.0000000e+00
  -1.5259386e+02   5.6363759e+01   2.0000000e+00
  -1.7738709e+02   1.5487893e+02   2.0000000e+00
   1.9561750e+02  -2.3047160e+02   1.0000000e+00
   2.3443378e+02  -1.0327347e+02   2.0000000e+00
   2.3014777e+02   1.5593047e+02   2.0000000e+00
   7.5628367e+01   5.6036686e+01   2.0000000e+00
  -2.2656669e+02  -3.5093440e+00   2.0000000e+00
   4.7000974e+01   1.5647712e+02   1.0000000e+00
  -1.2907643e+02   1.0553463e+02   2.0000000e+00
   2.0096902e+02   2.6310289e+02   2.0000000e+00
   2.4560230e+02  -8.6366693e+01   2.0000000e+00
   1.3163566e+02  -2.0886559e+02   2.0000000e+00
   7.9111225e+01  -2.6013801e+02   2.0000000e+00
   1.2789264e+02   1.1282021e+02   2.0000000e+00
   6.0028810e+01   7.0208841e+01   2.0000000e+00
   1.3734658e+02  -1.9874930e+02   2.0000000e+00
  -2.9182157e+01  -1.2669695e+02   2.0000000e+00
  -1.6789750e+02   1.8404629e+02   2.0000000e+00
   1.4362895e+02  -1.2719963e+02   2.0000000e+00
  -1.9350850e+02  -2.2416159e+02   2.0000000e+00
   1.2511122e+02   4.1598232e+01   2.0000000e+00
   2.1435223e+02   4.3747565e+01   2.0000000e+00
   2.0666834e+02   1.3407161e+02   2.0000000e+00
  -2.3548641e+01  -2.1432027e+02   2.0000000e+00
   2.5721326e+02  -6.9367326e+01   2.0000000e+00
  -6.7504029e+01  -2.3725928e+02   2.0000000e+00
  -3.0056544e+01  -2.5431658e+02   2.0000000e+00
  -1.4543206e+02   1.0684510e+02   2.0000000e+00
  -1.9557002e+02   2.7175736e+01   2.0000000e+00
  -8.5262343e+01  -2.1627663e+02   2.0000000e+00
   1.6456159e+02   8.3888468e+01   2.0000000e+00
   7.7254680e+01   3.0243762e+01   2.0000000e+00
   1.2520345e+02  -2.2182225e+02   2.0000000e+00
   2.0045241e+02  -7.4768544e+01   2.0000000e+00
  -2.3761228e+02  -2.2200264e+01   2.0000000e+00
   5.4909511e+01   1.0948815e+02   1.0000000e+00
  -5.0161253e+01   1.2813823e+02   2.0000000e+00
   8.1603472e+01   1.7847115e+02   1.0000000e+00
  -5.3949372e+01   1.4887881e+02   2.0000000e+00
   2.7582336e+02   1.8158552e+02   1.0000000e+00
  -2.4059654e+02   1.6598252e+02   1.0000000e+00
  -6.0207611e+01   2.8579995e+02   2.0000000e+00
   1.6296167e+02  -1.9280173e+02   2.0000000e+00
   1.2110940e+02  -1.6719475e+02   2.0000000e+00
   1.2548543e+02  -5.8982219e+01   2.0000000e+00
  -2.4460096e+02  -3.2293978e+01   2.0000000e+00
  -5.7644856e+01   1.0196983e+02   2.0000000e+00
   1.8410177e+02   1.7709158e+02   2.0000000e+00
  -7.6844911e+01   7.4486388e+01   2.0000000e+00
  -6.1667089e+01   2.7378987e+00   2.0000000e+00
  -9.4190280e+01  -3.0269737e+01   2.0000000e+00
   6.8621594e+01  -1.5231469e+02   2.0000000e+00
   6.1280253e+01  -1.5101755e+02   2.0000000e+00
  -2.0674076e+02   3.9378338e+01   2.0000000e+00
  -3.2602201e+01  -1.4173328e+02   2.0000000e+00
   1.3749493e+02   5.1498178e+01   2.0000000e+00
  -4.5191956e+01  -3.0614341e+01   1.0000000e+00
  -2.9043997e+01  -1.4276802e+02   2.0000000e+00
  -8.5793798e+01  -1.1732031e+02   2.0000000e+00
   1.0838997e+02  -9.5331816e+01   2.0000000e+00
   1.2493808e+02   1.0620141e+02   2.0000000e+00
   2.4309755e+01  -1.6506120e+02   2.0000000e+00
   1.0194244e+02   8.0413678e+01   2.0000000e+00
   4.6926806e+01  -1.9683472e+02   2.0000000e+00
  -4.3692631e+01  -2.2775376e+02   2.0000000e+00
  -2.4727797e+02  -7.6805378e+01   2.0000000e+00
   6.3337945e+01  -2.2341529e+02   2.0000000e+00
   4.8880168e+01  -1.8248821e+02   2.0000000e+00
  -7.7233496e+01   2.9217834e+02   2.0000000e+00
   1.3191819e+02  -1.0836657e+02   2.0000000e+00
  -1.9309969e+02  -8.7728373e+01   2.0000000e+00
  -1.9942746e+02   2.6343609e+01   2.0000000e+00
   2.1802490e+02  -2.4304365e+02   1.0000000e+00
   7.7608603e+01   5.3333454e+01   2.0000000e+00
  -4.7469783e+01   1.0890449e+02   2.0000000e+00
   1.8767731e+02   7.9178242e+00   2.0000000e+00
  -7.6133949e+01  -1.2972401e+02   2.0000000e+00
   2.5230563e+02   9.1278203e+01   1.0000000e+00
  -2.1911270e+02   6.4055658e+01   2.0000000e+00
   2.8326381e+02   1.1373114e+01   2.0000000e+00
   1.4246762e+02  -2.6029676e+02   2.0000000e+00
   2.5888210e+02   1.6092589e+02   1.0000000e+00
   9.4010639e+01   3.2312149e+00   2.0000000e+00
  -2.4933694e+02   1.2177601e+02   2.0000000e+00
   1.3522693e+02  -2.1898178e+02   2.0000000e+00
  -1.0426111e+01   2.2241851e+02   2.0000000e+00
   2.1190673e+02  -1.0407104e+02   2.0000000e+00
   9.0295015e+01  -4.6093735e+01   2.0000000e+00
   9.8838550e+01  -1.4042557e+02   2.0000000e+00
   2.4640131e+02   2.6525088e+02   1.0000000e+00
  -1.6197156e+02   5.3515196e+01   2.0000000e+00
   1.5197619e+02  -2.0109203e+02   2.0000000e+00
   1.9796278e+02   2.1677122e+02   2.0000000e+00
   1.2664602e+02   6.8789423e+01   2.0000000e+00
   2.4917935e+02   1.5033866e+02   2.0000000e+00
  -2.6784265e+01  -2.3820839e+02   2.0000000e+00
  -7.2546715e+01   3.0522274e+02   2.0000000e+00
  -2.2182878e+02   9.2574873e+01   2.0000000e+00
   6.8231065e+01  -2.1896880e+02   2.0000000e+00
   1.7626694e+01  -2.4804018e+02   2.0000000e+00
   2.3646076e+01   9.2603477e+00   2.0000000e+00
  -1.8490910e+02  -3.3490552e+01   2.0000000e+00
   4.1019590e+01  -1.5964555e+02   2.0000000e+00
  -1.8676161e+02   2.1967130e+02   1.0000000e+00
   1.4258849e+02  -2.2715599e+02   2.0000000e+00
  -9.7945488e+01   1.4791986e+02   2.0000000e+00
   1.4281878e+02   1.0045986e+02   2.0000000e+00
   2.5837067e+02  -1.3941924e+02   1.0000000e+00
   2.3924093e+02  -1.5690320e+02   1.0000000e+00
  -2.2444059e+02  -1.4130441e+02   2.0000000e+00
   1.9728443e+02   5.8526551e+01   2.0000000e+00
   6.9967032e+01  -1.0853878e+02   2.0000000e+00
   2.0790092e+02  -2.0114793e+01   2.0000000e+00
  -1.7967481e+02  -5.3424136e+01   2.0000000e+00
   5.5894623e+01   4.0115309e+00   2.0000000e+00
   2.0968637e+02  -1.0628360e+02   2.0000000e+00
  -1.8991626e+02   7.5144944e+00   2.0000000e+00
   2.7621923e+01  -1.6849558e+02   2.0000000e+00
  -9.0864651e+01  -1.3771105e+02   2.0000000e+00
   2.3370204e+02  -2.5944519e+02   1.0000000e+00
   1.2525953e+02  -9.1760854e+01   2.0000000e+00
  -1.7469620e+02  -1.9896985e+02   2.0000000e+00
  -7.7150196e+01   8.8131436e+01   2.0000000e+00
   5.7069206e+01   1.5087449e+02   1.0000000e+00
   1.7070988e+02   1.6943398e+02   2.0000000e+00
   2.1957111e+02   1.4723099e+02   2.0000000e+00
   1.3115845e+02   2.6895918e+02   1.9000000e+00
  -1.5848554e+02   1.7086193e+02   2.0000000e+00
   2.1811068e+02   5.2610431e+01   2.0000000e+00
  -2.4955977e+02  -2.2271749e+01   2.0000000e+00
  -2.1380777e+02  -9.2048076e+01   2.0000000e+00
   1.1552041e+02   1.9905734e+02   2.0000000e+00
   6.4369141e+01   1.1528130e+02   1.0000000e+00
  -1.6159236e+02   1.4048447e+02   2.0000000e+00
   7.3483315e+01   1.0611331e+02   1.6000000e+00
   2.2312857e+02  -1.0665798e+02   2.0000000e+00
  -1.0875579e+02   1.2083274e+02   2.0000000e+00
   2.5758280e+02   8.7885474e+01   1.0000000e+00
  -6.5723349e+01   1.0277707e+02   2.0000000e+00
   4.8280753e+01  -1.6449985e+02   2.0000000e+00
   4.7900980e+01   6.4823488e+01   2.0000000e+00
  -1.6221562e+02   1.2271091e+02   2.0000000e+00
  -6.8257216e+01  -9.3113564e+01   2.0000000e+00
   2.0455551e+02  -1.0826660e+02   2.0000000e+00
   2.2722000e+02  -1.1369003e+02   2.0000000e+00
   2.3479122e+02   5.7895184e+00   2.0000000e+00
   2.0013736e+02   2.5628055e+02   2.0000000e+00
  -2.5920852e+02   3.8891227e+01   2.0000000e+00
   1.3773582e+02   4.3465759e+01   2.0000000e+00
   1.8616624e+02  -4.9319245e+01   2.0000000e+00
   1.6997286e+02  -1.8542325e+02   2.0000000e+00
  -6.4314329e+01   9.9327637e+01   2.0000000e+00
   2.1429428e+02  -7.9707675e+01   2.0000000e+00
  -6.5143824e+00  -7.6069642e+01   2.0000000e+00
  -1.2111395e+02   2.0512105e+02   2.0000000e+00
   1.2871025e+02  -1.7628582e+02   2.0000000e+00
  -2.2463854e+02   8.1408843e+01   2.0000000e+00
  -2.4120416e+02   2.1025136e+02   1.0000000e+00
  -1.5364804e+01   2.8739208e+02   2.0000000e+00
  -1.3456624e+02  -9.4739604e+01   2.0000000e+00
  -1.4223429e+02   1.6105368e+02   2.0000000e+00
  -1.3353347e+02  -1.9134085e+02   2.0000000e+00
   7.6347518e+01  -2.0879017e+02   2.0000000e+00
  -2.2810209e+00   2.9178154e+02   2.0000000e+00
  -7.3157296e+01   5.4960218e+01   2.0000000e+00
   1.0480169e+02  -8.5270944e+01   2.0000000e+00
   2.4911215e+02   2.3555797e+02   1.4000000e+00
   1.6718414e+02   7.3586932e+01   2.0000000e+00
   2.4411352e+02   2.3513998e+02   1.4000000e+00
   5.4091674e+01  -2.3333404e+02   2.0000000e+00
  -7.2569478e+01  -2.5272857e+02   2.0000000e+00
  -9.1521515e+01  -1.1510098e+02   2.0000000e+00
   5.1631506e+00  -2.8242372e+01   2.0000000e+00
   2.7325462e+02   1.9277655e+02   1.0000000e+00
   6.5450561e+01  -1.2254846e+02   2.0000000e+00
   6.4218016e+00  -1.7209990e+02   2.0000000e+00
  -1.3832656e+02   1.1158148e+02   2.0000000e+00
   6.6138892e+01  -1.3978436e+02   2.0000000e+00
   1.2710775e+02   4.4648368e+01   2.0000000e+00
  -7.9595320e+01  -1.3442665e+02   2.0000000e+00
   2.7137236e+02   1.5247166e+02   1.0000000e+00
   2.9093731e+00  -1.7230477e+02   2.0000000e+00
  -1.3415831e+02   1.2266471e+02   2.0000000e+00
  -2.0140860e+02  -2.2466109e+02   2.0000000e+00
   1.8292325e+02   2.4848255e+02   1.9000000e+00
  -2.1604796e+02   1.6866000e+02   1.0000000e+00
  -1.8845803e+02  -1.4966714e+02   2.0000000e+00
  -1.4941066e+02   2.1629686e+02   1.0000000e+00
  -2.1470757e+02  -5.7636385e+01   2.0000000e+00
  -2.8261350e+01  -1.1694533e+02   2.0000000e+00
   1.5845487e+02   2.8905282e+01   2.0000000e+00
   2.2556460e+01  -2.5222613e+02   2.0000000e+00
  -1.6975415e+02  -1.5933878e+02   2.0000000e+00
  -1.1679166e+02   2.0851097e+00   2.0000000e+00
  -1.2230034e+02  -1.6899333e+02   2.0000000e+00
  -1.8627661e+02   2.1907534e+00   2.0000000e+00
   1.3526696e+02  -2.3455473e+02   2.0000000e+00
  -9.3063816e+01   1.0561407e+02   2.0000000e+00
  -1.9247874e+02   1.9362731e+02   1.0000000e+00
   1.4110786e+02  -1.1336627e+02   2.0000000e+00
   1.4731754e+02   1.9826050e+02   2.0000000e+00
  -1.8778223e+02   1.7273831e+02   2.0000000e+00
  -1.3351676e+02  -2.1409549e+01   2.0000000e+00
  -4.3782974e+01   1.4642031e+02   2.0000000e+00
  -1.1993445e+02   9.4433056e+01   2.0000000e+00
  -6.1801314e+01  -1.3756803e+02   2.0000000e+00
  -4.4375645e+01  -2.4530269e+02   2.0000000e+00
  -6.6234068e+01  -1.2485020e+01   2.0000000e+00
   1.2795430e+02  -1.8768904e+02   2.0000000e+00
  -1.3613380e+02   1.2769532e+02   2.0000000e+00
  -1.8253017e+02   6.2954528e+01   2.0000000e+00
  -2.0484269e+02  -1.2784096e+01   2.0000000e+00
   2.4302803e+02  -9.3972266e+01   2.0000000e+00
  -1.7921770e+02  -4.9768874e+01   2.0000000e+00
   3.2837004e+01  -1.3984535e+02   2.0000000e+00
   8.9866496e+01   9.3269630e+01   2.0000000e+00
   7.6146481e+01   4.9890113e+01   2.0000000e+00
   1.1028116e+02  -6.3332527e+01   2.0000000e+00
  -4.1088673e+01   1.8365906e+02   2.0000000e+00
  -8.6021708e+01  -1.6815946e+02   2.0000000e+00
   5.4522043e+01  -7.3330236e+00   2.0000000e+00
   2.3738442e+02  -1.5324100e+02   1.0000000e+00
  -2.5565395e+02  -1.0681508e+02   1.0000000e+00
   1.1314408e+02  -2.1450743e+02   2.0000000e+00
  -1.7327910e+02   2.8511969e+01   2.0000000e+00
   2.5392929e+02   1.3964868e+02   2.0000000e+00
  -1.1791777e+02   1.1073079e+02   2.0000000e+00
  -7.9223920e+01  -2.4094150e+02   2.0000000e+00
  -1.2553905e+02   1.0126375e+02   2.0000000e+00
   7.6458729e+01   4.3534247e+01   2.0000000e+00
  -1.5056823e+02  -1.2370274e+02   2.0000000e+00
  -2.3977804e+02   4.3579602e+01   2.0000000e+00
  -2.2336021e+01  -2.1348307e+02   2.0000000e+00
  -3.1212201e+01  -1.0968047e+02   2.0000000e+00
  -2.1225931e+02   1.8894263e+02   1.0000000e+00
   1.5528773e+02  -1.3091017e+02   2.0000000e+00
   9.7518759e+01   2.3587456e+02   1.4000000e+00
  -9.7902913e+01   1.1781681e+02   2.0000000e+00
   1.3920258e+02  -1.1779509e+02   2.0000000e+00
   4.4489317e+01  -2.4418389e+02   2.0000000e+00
  -2.1565697e+02   8.7835801e+01   2.0000000e+00
   2.1357606e+02   2.0251768e+02   2.0000000e+00
  -9.4358137e+01   9.0115607e+01   2.0000000e+00
  -1.3383102e+02  -1.9700095e+02   2.0000000e+00
  -2.9549959e+01  -2.1141772e+02   2.0000000e+00
   2.1325512e+02  -9.3335828e+01   2.0000000e+00
  -1.6240650e+02  -2.1331506e+02   2.0000000e+00
   6.9838814e+01  -2.6259869e+02   2.0000000e+00
  -6.3009444e+01  -1.9497992e+01   2.0000000e+00
   1.8136514e+02  -1.4920729e+02   2.0000000e+00
  -2.4342971e+02   1.3791372e+02   1.0000000e+00
  -7.2876784e+01   5.2923514e+01   2.0000000e+00
   1.4030434e+02   2.6345638e+02   1.9000000e+00
   9.8156906e+01   2.3929366e+02   1.5000000e+00
   2.3907292e+01  -2.6166435e+02   2.0000000e+00
   3.8828377e+01  -1.7503216e+02   2.0000000e+00
   6.6852388e+01   1.9590382e+02   1.0000000e+00
   1.6163015e+02  -1.8311702e+02   2.0000000e+00
   2.3974382e+02  -2.2776853e+02   1.0000000e+00
  -2.0370866e+02  -2.0430283e+02   2.0000000e+00
   5.2399839e+01  -1.9258268e+02   2.0000000e+00
  -2.3200720e+02   1.5612775e+02   1.0000000e+00
  -6.5912727e+01   2.7571327e+02   2.0000000e+00
  -2.2483078e+02  -3.9417765e+01   2.0000000e+00
  -5.8647232e+01   1.2265264e+02   2.0000000e+00
   2.4865640e+02   1.6966593e+02   2.0000000e+00
   5.4347751e+01   6.6231196e+01   2.0000000e+00
  -8.8585051e+01   2.1359241e+01   2.0000000e+00
  -7.7664913e+01   2.8926964e+02   2.0000000e+00
  -1.5284388e+02   1.1211640e+02   2.0000000e+00
  -2.1816162e+02   3.3479673e+01   2.0000000e+00
  -2.5162567e+02   1.1908022e+02   2.0000000e+00
   7.9524468e+01  -2.3903403e+02   2.0000000e+00
   2.1604735e+02   1.6486513e+02   2.0000000e+00
  -7.2946429e+01   3.3030525e+02   2.0000000e+00
   8.4413439e+00  -4.3781215e+01   2.0000000e+00
   5.3338462e+01   1.1045049e+02   1.0000000e+00
  -2.2560343e+02   2.3749704e+02   1.0000000e+00
   2.5270625e+02  -1.4827118e+02   1.0000000e+00
  -1.0902214e+00  -1.9825515e+01   1.8000000e+00
