   1.6784349e+02  -3.6595830e+02   1.0000000e+00
   2.2923122e+02  -1.5974197e+02   1.0000000e+00
   5.3267182e+02  -2.9071395e+02   2.0000000e+00
  -4.8418380e+02   4.8235187e+02   2.0000000e+00
  -2.1856928e+02   7.1076032e+01   1.0000000e+00
  -1.6329783e+02   1.0053916e+02   1.0000000e+00
  -2.8899507e+02  -1.3045182e+02   1.0000000e+00
   1.0630934e+02  -1.3679850e+02   1.0000000e+00
  -3.1236270e+02  -3.5793428e+02   1.0000000e+00
  -4.9045997e+02   1.9904090e+02   2.0000000e+00
   3.6984559e+02  -3.5708049e+02   1.0000000e+00
  -5.0103368e+02  -4.4230115e+02   2.0000000e+00
  -8.6752251e+01  -5.8039010e+01   1.0000000e+00
   4.8486360e+02  -1.4592187e+02   1.0000000e+00
  -2.9107097e+02   6.8368546e+01   1.0000000e+00
   1.6848647e+02   2.1118872e+02   1.0000000e+00
  -1.6920606e+02  -2.5259584e+02   1.0000000e+00
   3.5100191e+02   3.1868738e+02   1.0000000e+00
  -2.5322978e+02   4.4179809e+02   1.0000000e+00
  -1.0996310e+02   9.4682472e+01   1.0000000e+00
   2.0037374e+00   9.2192418e+01   1.0000000e+00
  -1.4473239e+02   3.2463502e+02   2.0000000e+00
  -2.5137177e+02  -3.0495901e+02   1.0000000e+00
  -5.3958032e+02   4.3883609e+02   2.0000000e+00
  -2.2685150e+02   4.3008100e+02   1.0000000e+00
  -4.4347271e+02  -1.7359793e+02   1.0000000e+00
  -2.3607342e+02   1.1074943e+02   2.0000000e+00
  -3.2622578e+02   4.1683837e+02   1.0000000e+00
  -3.9333291e+02   3.5154279e+02   1.0000000e+00
   2.6443281e+02  -1.2890632e+02   1.0000000e+00
   2.7937002e+01   2.7171122e+01   1.0000000e+00
   4.0491037e+02   4.5279083e+02   1.0000000e+00
  -2.4893705e+02  -1.4037705e+02   1.0000000e+00
   1.0661484e+02   1.8273714e+02   1.0000000e+00
  -2.7519396e+02   1.6316844e+02   1.0000000e+00
   4.4218725e+02  -1.6215411e+02   1.0000000e+00
   1.4848173e+02   6.9528005e+01   1.0000000e+00
  -1.7231485e+02  -1.9397483e+02   1.8000000e+00
  -4.9231219e+02  -5.1500332e+02   2.0000000e+00
   1.0802168e+02  -2.8968070e+02   1.0000000e+00
  -5.6890417e+01  -6.9167682e+01   1.0000000e+00
  -3.4355411e+02  -4.9955704e+02   2.0000000e+00
  -1.6526494e+02   9.4494778e+01   2.0000000e+00
  -3.1580066e+02   1.6729400e+02   1.0000000e+00
  -4.0988896e+02  -1.7644738e+02   1.0000000e+00
  -1.8986333e+02  -3.1478470e+02   1.0000000e+00
   2.3312030e+02  -2.8138092e+01   1.0000000e+00
   1.3652120e+02  -7.5778864e+01   1.0000000e+00
   1.2355023e+02   3.2250020e+02   1.0000000e+00
   8.8589893e+01   3.8705355e+02   1.0000000e+00
  -1.7851930e+02   1.1267948e+02   1.0000000e+00
  -5.0771535e+01   1.1352567e+02   1.0000000e+00
   2.3217132e+02   1.8906991e+02   1.0000000e+00
  -3.7490892e+02  -3.3169993e+02   1.0000000e+00
  -1.4690911e+02  -4.0724255e+02   1.0000000e+00
   1.0881850e+02   1.4609046e+02   1.0000000e+00
   1.9588013e+02  -3.2146946e+02   2.0000000e+00
  -2.0818450e+02  -2.2356660e+02   1.0000000e+00
   1.9861075e+02  -3.0821392e+01   1.0000000e+00
   2.8525207e+02   3.0902375e+01   1.0000000e+00
  -2.2107033e+02   2.0748042e+01   1.0000000e+00
   4.1925823e+02   6.8897180e+01   2.0000000e+00
   2.5196874e+01   5.5465268e+01   1.0000000e+00
  -4.1058560e+02   4.8950821e+02   2.0000000e+00
  -3.7470399e+00  -3.5249247e+02   1.0000000e+00
  -2.0040123e+02  -3.3219708e+02   1.0000000e+00
   4.7489341e+02   1.2633343e+02   2.0000000e+00
  -1.0619578e+02   2.9441939e+02   2.0000000e+00
  -1.7006338e+02   1.8828109e+02   1.0000000e+00
  -4.0228003e+02   9.8195016e+01   1.0000000e+00
   1.5332104e+00   3.1116444e+02   1.0000000e+00
   2.0510737e+02   1.8049824e+02   1.0000000e+00
   3.9356456e+02   3.8192432e+01   2.0000000e+00
   1.6277358e+02   1.5208174e+02   1.0000000e+00
  -2.5504753e+02   4.3973605e+02   1.0000000e+00
  -1.0577331e+02   2.8903583e+02   1.0000000e+00
  -3.4773623e+02  -4.2167817e+02   1.0000000e+00
   3.8689177e+01   1.0274884e+02   1.0000000e+00
  -4.5879897e+02   6.6765215e+01   1.0000000e+00
   1.9826376e+02   2.1415952e+01   1.0000000e+00
   4.4622876e+02  -5.5180643e+01   1.0000000e+00
  -1.6787975e+02  -3.7383657e+02   1.6000000e+00
   5.0867472e+02   5.9203409e+01   2.0000000e+00
  -2.3442259e+02   1.9905058e+02   1.0000000e+00
   5.0086157e+02  -1.3448715e+02   1.0000000e+00
  -4.1960290e+02   4.4543789e+02   2.0000000e+00
   2.7302035e+02  -1.9998704e+02   1.0000000e+00
   7.9577288e+01   1.4967049e+02   1.0000000e+00
   3.0189387e+02   3.6918606e+02   2.0000000e+00
   3.6998258e+02   1.1439019e+02   2.0000000e+00
   1.7746699e+02   3.1348937e+02   1.0000000e+00
  -3.8764656e+02  -3.6954680e+02   1.0000000e+00
  -1.0354678e+02  -4.6658772e+02   2.0000000e+00
   1.3997528e+02   1.3899247e+02   1.0000000e+00
  -1.2201060e+02  -5.0202161e+01   1.0000000e+00
   2.5382255e+02   1.6571539e+02   1.0000000e+00
  -2.8118754e+02  -6.4051643e+01   1.0000000e+00
   1.2530257e+02  -3.3411217e+02   1.0000000e+00
   3.8281013e+02   3.7475723e+02   1.0000000e+00
   3.3726439e+02  -5.0453219e+02   2.0000000e+00
   3.2127631e+02   1.3126464e+02   1.0000000e+00
   2.0625828e+02  -4.0431796e+02   1.0000000e+00
  -9.9228297e+01   1.6582465e+02   1.0000000e+00
   4.3520907e+02   4.5873475e+02   2.0000000e+00
   5.0534452e+02   5.0384721e+02   2.0000000e+00
  -2.5192235e+02  -3.8192343e+01   1.0000000e+00
  -2.8049209e+02  -1.4264818e+02   1.0000000e+00
  -1.5826012e+02  -3.7476493e+02   1.0000000e+00
  -6.2498274e+01  -4.5736047e+02   1.0000000e+00
   2.1293621e+02  -1.1843245e+02   1.0000000e+00
   3.9012698e+01  -1.4661506e+02   1.0000000e+00
   3.1307554e+02  -1.1741469e+02   1.0000000e+00
  -1.7618849e+02  -3.4739773e+02   1.5000000e+00
  -4.6026041e+01  -1.4616179e+02   1.0000000e+00
   2.3705364e+02   3.5285900e+02   1.0000000e+00
   3.2488232e+02  -1.0504974e+02   1.0000000e+00
  -5.0902319e+02  -2.2595367e+02   2.0000000e+00
  -5.4220811e+00   4.3902250e+02   1.0000000e+00
   4.4320118e+02   3.3467532e+02   1.0000000e+00
   1.6167241e+02  -2.0254106e+02   1.0000000e+00
  -5.0618904e+02  -2.1666335e+02   2.0000000e+00
  -1.5454042e+02   1.2632807e+02   2.0000000e+00
  -2.4925200e+02   5.3449178e+02   2.0000000e+00
   1.9955655e+02   1.2683238e+01   1.0000000e+00
   2.3279508e+02   5.4864893e+01   1.0000000e+00
   4.3203202e+02   2.6241898e+02   1.0000000e+00
   3.1098339e+02   2.4534509e+02   1.0000000e+00
  -3.3671798e+02  -4.7699309e+02   1.0000000e+00
   4.6093157e+02   4.6432705e+02   2.0000000e+00
   4.4909115e+02  -4.9999094e+02   2.0000000e+00
  -1.4151127e+02  -1.2792022e+02   1.0000000e+00
  -4.3976270e+02  -2.4906130e+02   1.0000000e+00
  -8.0646126e+01  -2.3042492e+02   2.0000000e+00
   1.3121910e+02  -1.9778823e+02   1.0000000e+00
  -3.6455404e+02  -3.1177767e+01   1.0000000e+00
   4.6868112e+02  -1.3938684e+02   2.0000000e+00
   2.0305575e+02  -4.2988656e+02   1.0000000e+00
  -4.4466347e+02   1.9777464e+02   1.0000000e+00
  -3.3698959e+01  -4.2895947e+00   1.0000000e+00
  -4.4488363e+02  -2.6230407e+02   1.0000000e+00
   1.3025694e+02  -4.0838162e+02   1.0000000e+00
   2.8099472e+02   3.5842673e+02   2.0000000e+00
   3.5542813e+02  -4.8539429e+02   2.0000000e+00
   4.8347002e+02  -3.7062075e+02   2.0000000e+00
   4.4674504e+02  -3.2238495e+02   2.0000000e+00
   8.5852537e+01  -2.1778784e+02   1.0000000e+00
   2.6830820e+02  -3.0856050e+02   1.0000000e+00
   2.2539289e+02  -3.9220352e+02   1.0000000e+00
   7.5157949e+01   1.8431054e+02   1.0000000e+00
  -5.0299780e+01  -2.1726333e+02   1.0000000e+00
   2.5362238e+02  -2.0766197e+02   1.0000000e+00
  -2.0763150e+02  -4.9405201e+01   1.0000000e+00
  -2.7568245e+02  -4.0635133e+02   1.0000000e+00
  -1.5643724e+02   1.1695940e+02   1.0000000e+00
  -1.5744663e+02   1.4451821e+02   2.0000000e+00
  -4.9825141e+02   1.2315570e+02   2.0000000e+00
   8.6167496e+00  -9.4088284e+01   1.0000000e+00
  -7.3450697e+01   3.6570545e+02   1.0000000e+00
   3.6825291e+02  -1.3001115e+02   1.0000000e+00
  -3.9790896e+02   1.9096430e+01   1.0000000e+00
  -2.3787000e+02   3.9899546e+02   1.0000000e+00
   2.9239487e+02  -4.2171190e+02   1.0000000e+00
  -4.4611621e+02  -3.6689097e+02   1.0000000e+00
   2.7602685e+01   2.9839985e+02   1.0000000e+00
   4.2060925e+02  -5.1041285e+02   2.0000000e+00
  -2.7093871e+02  -1.9933787e+01   1.0000000e+00
  -5.9273971e+01  -1.7717276e+02   1.0000000e+00
   3.6692328e+02  -1.1660135e+02   1.0000000e+00
   1.1698253e+02  -3.9024171e+02   1.0000000e+00
   2.3592600e+02  -3.5525837e+02   2.0000000e+00
   1.4997276e+02  -4.3101832e+02   1.0000000e+00
  -3.1264462e+02   8.5692231e+01   1.0000000e+00
  -4.8237498e+02  -4.6475722e+02   2.0000000e+00
   1.1574931e+02   6.6710188e+00   1.0000000e+00
   1.3276820e+02   5.4262321e+01   2.0000000e+00
   2.1937793e+02   2.0091835e+02   1.0000000e+00
  -5.0694847e+02  -1.2253484e+02   2.0000000e+00
  -3.7720376e+02   3.5709752e+02   2.0000000e+00
  -1.8651815e+02   3.7967392e+01   1.0000000e+00
  -3.7808271e+02  -3.8339904e+02   1.0000000e+00
  -5.0899591e+02  -4.7018284e+02   2.0000000e+00
   1.7366406e+02   9.0371222e+01   1.0000000e+00
   3.1672504e+01   1.4751162e+02   2.0000000e+00
  -3.7516306e+02   3.7199949e+02   1.0000000e+00
   1.6883614e+02  -4.1845856e+02   2.0000000e+00
  -1.7424733e+02   4.6183196e+02   2.0000000e+00
  -4.0521100e+02  -1.5715552e+02   1.0000000e+00
   3.4748254e+02  -1.2955030e+02   1.0000000e+00
   1.0180545e+02   2.2502296e+02   1.0000000e+00
  -4.0465651e+02  -4.3595231e+02   1.0000000e+00
   2.3665358e+02  -2.6052122e+01   1.0000000e+00
  -3.0987583e+01   2.6039788e+01   1.0000000e+00
   9.5349674e+00   1.9056495e+02   1.0000000e+00
   1.5850094e+02   2.6774939e+02   1.0000000e+00
   4.8316496e+02  -3.7470523e+02   2.0000000e+00
  -2.6356706e+02  -3.0838040e+01   1.0000000e+00
   8.9056457e+01  -1.3085406e+02   2.0000000e+00
   3.1798705e+02  -4.1353714e+02   1.0000000e+00
  -6.0103120e+01   7.6873925e+01   1.0000000e+00
  -1.7418107e+02  -3.1255101e+02   1.0000000e+00
  -1.2445884e+02  -4.1979895e+01   1.0000000e+00
   3.0728559e+02  -2.9769023e+02   1.0000000e+00
  -3.9418706e+02   7.9882774e+01   1.0000000e+00
  -5.2563481e+01  -4.3228839e+02   1.0000000e+00
  -1.6738927e+02  -3.4026804e+02   1.0000000e+00
   4.1288614e+02  -1.0020422e+01   1.0000000e+00
   2.5263514e+02   1.6750882e+02   1.0000000e+00
  -1.3815921e+02  -4.4183609e+01   1.0000000e+00
   1.9741379e+02   1.3389417e+02   1.0000000e+00
   2.3262504e+02  -3.8791557e+02   1.0000000e+00
  -4.2965826e+02   2.7981836e+02   2.0000000e+00
  -2.5611628e+01   1.7073430e+02   1.0000000e+00
   1.1084617e+02  -2.0497716e+02   2.0000000e+00
   5.0879901e+01   2.2524971e+02   1.0000000e+00
  -4.8845684e+02  -1.9202054e+02   2.0000000e+00
  -1.8531486e+01   2.5640766e+02   2.0000000e+00
  -2.3346385e+02   2.7267461e+02   1.0000000e+00
   8.1775815e-01   4.3959338e+02   1.0000000e+00
  -2.1900491e+02  -1.2719926e+02   2.0000000e+00
  -6.2711755e+01   8.5528567e+01   1.0000000e+00
   3.8341584e+02   4.8162911e+02   2.0000000e+00
   1.3167700e+02   5.7652472e+01   1.0000000e+00
   1.5557897e+02   3.5264190e+02   1.0000000e+00
   1.3588987e+02  -4.2144694e+02   1.0000000e+00
   4.7876814e+02  -2.9538346e+02   2.0000000e+00
  -3.4143254e+02  -1.7319501e+02   1.0000000e+00
   5.3179103e+02  -3.4438391e+02   2.0000000e+00
  -4.7028497e+02  -4.6829168e+02   2.0000000e+00
  -1.1723171e+02   7.9651442e+01   1.0000000e+00
  -5.3114227e+01  -3.1470315e+01   2.0000000e+00
   3.7384996e+01  -6.2995739e+01   1.0000000e+00
  -1.4487177e+02  -3.4398257e+02   1.0000000e+00
   3.1387108e+02  -8.6030017e+00   1.0000000e+00
   3.8114824e+02  -4.1458755e+02   2.0000000e+00
  -5.3792059e+01   1.6812669e+02   1.0000000e+00
  -4.7368278e+02  -4.5823331e+02   2.0000000e+00
  -4.6087695e+02  -6.8134900e+01   1.0000000e+00
  -1.5804734e+02  -1.7119160e+02   1.0000000e+00
  -4.5235965e+02   3.7421292e+02   2.0000000e+00
  -1.3872597e+02   1.8653816e+01   1.0000000e+00
   3.2792760e+02   4.2251128e+02   1.0000000e+00
   3.3270377e+01   4.1529759e+01   1.0000000e+00
  -1.3834655e+02   3.2785842e+02   1.0000000e+00
  -6.7356831e+01   1.8434090e+02   2.0000000e+00
  -1.1119588e+02   8.7704530e+01   1.0000000e+00
  -1.7900708e+02   1.6459334e+02   1.0000000e+00
   7.2336762e+01   3.9516427e+02   1.0000000e+00
  -4.3795745e+02   1.0286795e+02   1.0000000e+00
  -1.4172886e+02  -4.0614336e+02   1.0000000e+00
   5.1501988e+02  -4.0841053e+02   2.0000000e+00
  -4.4265725e+02   4.3249687e+02   2.0000000e+00
  -1.5283959e+02   4.0533855e+00   1.0000000e+00
   2.6440308e+02   1.5859707e+02   1.0000000e+00
   9.4894888e+01   3.6356078e+01   1.0000000e+00
   2.0849657e+02   3.5301721e+02   2.0000000e+00
  -4.4212584e+02  -3.9840519e+02   1.0000000e+00
   4.7938350e+01   2.4382899e+02   2.0000000e+00
   1.9129459e+02  -2.8313540e+02   1.0000000e+00
   5.1164104e+02  -5.1013765e+02   2.0000000e+00
  -3.4802573e+02   3.3141552e+02   2.0000000e+00
   2.7716792e+02  -1.2058924e+02   1.0000000e+00
  -2.7300199e+02   5.4405231e+02   2.0000000e+00
  -4.8321434e+02  -8.7368202e+01   2.0000000e+00
  -3.1900160e+01   6.5691481e+01   1.0000000e+00
  -2.4832352e+02  -9.6800746e+01   1.0000000e+00
  -4.8770208e+01  -5.5588820e+01   1.0000000e+00
  -1.2404699e+02  -3.5803998e+02   1.0000000e+00
   2.0302371e+01   2.2849613e+02   2.0000000e+00
   2.2032911e+02  -1.7441730e+02   1.0000000e+00
   1.2246792e+02   4.5407433e+02   1.0000000e+00
   2.1826620e+02   2.7425491e+02   1.0000000e+00
  -4.1812165e+01  -1.2821699e+02   1.0000000e+00
  -4.2684333e+02  -5.3524702e+02   2.0000000e+00
   3.2622104e+02  -9.8099852e+01   2.0000000e+00
   1.5028007e+01  -2.7535719e+02   1.0000000e+00
  -3.2340996e+02  -3.3942622e+02   1.0000000e+00
  -5.1190708e+02  -1.6065879e+02   2.0000000e+00
   1.0821762e+02   7.2978705e+01   1.0000000e+00
  -2.1488545e+02   1.3793806e+02   2.0000000e+00
  -4.6404453e+02   6.0417978e+01   1.0000000e+00
   1.2286975e+02  -1.5887520e+02   1.0000000e+00
  -1.7993457e+02  -4.9951845e+02   1.0000000e+00
   4.0505710e+02  -4.6095896e+02   2.0000000e+00
  -1.9336766e+02   3.1721634e+02   1.0000000e+00
   2.5379870e+02   9.4726984e+01   1.0000000e+00
   2.6472499e+02  -9.9316978e+01   1.0000000e+00
  -4.5656992e+02   2.0933426e+02   1.0000000e+00
   1.4397404e+01  -4.5577177e+02   1.0000000e+00
  -3.5401487e+02  -4.6631729e+02   2.0000000e+00
  -1.0421482e+02  -3.6594825e+02   1.0000000e+00
  -5.0946366e+02   2.0173260e+02   2.0000000e+00
  -1.8442589e+02   1.6988561e+02   1.0000000e+00
   1.2648853e+02   3.0912643e+02   1.0000000e+00
   1.5661141e+02   1.9428824e+02   1.0000000e+00
  -1.3458245e+02   1.1844745e+02   1.0000000e+00
   2.6781250e+02  -8.6949068e+01   1.0000000e+00
   9.1056015e+01   3.1658532e+02   1.0000000e+00
   1.5047528e+01  -4.8223312e+01   1.0000000e+00
  -2.4879879e+02  -4.9977415e+02   1.0000000e+00
   2.9890173e+02   9.2820976e+01   1.0000000e+00
  -3.9140571e+02   3.9829798e+02   2.0000000e+00
  -3.0965118e+02   1.0373962e+02   1.0000000e+00
  -2.0090017e+01  -2.8679838e+02   1.0000000e+00
   3.6908343e+02  -1.6246125e+02   1.0000000e+00
   9.5009016e+01   2.4284525e+02   1.0000000e+00
  -4.7530578e+02   2.3376992e+02   2.0000000e+00
   1.8131706e+02   1.9563249e+01   1.0000000e+00
  -4.0897068e+02  -5.9758580e+01   1.0000000e+00
   3.2822311e+02   1.3239414e+02   2.0000000e+00
  -1.9774851e+01   4.6298130e+02   1.0000000e+00
   3.6115966e+02   5.4457922e+01   1.0000000e+00
   4.4677479e+02  -4.0469951e+02   2.0000000e+00
  -2.8598597e+02  -4.4466425e+01   2.0000000e+00
   1.0970877e+02   1.7301910e+02   1.0000000e+00
  -4.8731805e+01   2.9126545e+02   1.0000000e+00
  -1.6085496e+02   1.9880805e+02   1.0000000e+00
   9.3257943e+01   4.5209576e+02   1.0000000e+00
  -3.3436732e+02   2.4869951e+02   1.0000000e+00
  -3.9869271e+01   3.4784527e+02   1.0000000e+00
  -1.8459795e+01  -2.5401681e+02   1.0000000e+00
  -1.5207349e+02  -1.8491861e+02   1.0000000e+00
   4.9801450e+02   2.9722780e+02   2.0000000e+00
   1.3160449e+02  -1.7569789e+02   1.0000000e+00
   4.0478957e+01  -3.5501278e+02   1.0000000e+00
   3.8770231e+02   4.8082283e+02   1.0000000e+00
   1.8588051e+02   1.0008285e+01   1.0000000e+00
   1.9156377e+02  -3.2638604e+02   2.0000000e+00
   1.0511557e+02   4.5864635e+02   1.0000000e+00
   2.3039131e+02   2.7034217e+02   1.0000000e+00
   3.1991285e+02   3.7965168e+02   1.0000000e+00
  -1.8256924e+01  -9.3829885e+01   1.0000000e+00
   1.5256170e+02   1.3902814e+02   1.0000000e+00
  -5.5281005e+01   1.1493936e+02   2.0000000e+00
   3.7209126e+02  -2.2125347e+02   1.0000000e+00
   4.9463813e+02   6.4749604e+01   2.0000000e+00
   2.0808962e+02   1.4494457e+01   1.0000000e+00
   1.7005160e+02   3.8958310e+02   1.0000000e+00
  -4.6849722e+02   6.2188516e+00   1.0000000e+00
  -3.1375539e+02   1.2118811e+02   1.0000000e+00
  -5.0884456e+02  -8.2152862e+01   2.0000000e+00
   2.3213133e+02   3.1702917e+02   1.0000000e+00
  -4.6867667e+02   4.6192261e+02   2.0000000e+00
  -4.9586855e+02  -3.4632773e+02   2.0000000e+00
  -2.8943020e+02   1.4047809e+02   1.0000000e+00
  -3.2492038e+02   3.8365470e+02   1.0000000e+00
  -3.2350347e+02  -3.1229646e+02   1.0000000e+00
   3.9193656e+02   2.6925749e+01   1.0000000e+00
  -4.7028479e+02  -2.7710155e+02   1.0000000e+00
   3.6670842e+02   4.0977218e+02   1.0000000e+00
   4.0099541e+02   4.5297766e+02   2.0000000e+00
   1.6286269e+02  -1.8956697e+02   1.0000000e+00
  -4.0063725e+02  -3.3652156e+02   1.0000000e+00
   1.6542192e+02   1.6650470e+02   1.0000000e+00
  -5.4215519e+02   4.5856181e+02   2.0000000e+00
   6.5868458e+01  -7.5115487e+01   1.0000000e+00
  -8.5320854e+00   9.1109358e+01   2.0000000e+00
  -3.5086021e+02  -2.1949889e+02   1.0000000e+00
  -3.0417028e+01  -3.1777666e+02   1.0000000e+00
  -3.5261447e+02   3.2839332e+02   1.0000000e+00
   1.7288018e+02   2.9912914e+02   1.0000000e+00
  -4.5161036e+02   6.4483788e+01   1.0000000e+00
  -4.6303186e+02   2.3528453e+02   2.0000000e+00
  -4.0292110e+02   7.6485739e+01   1.0000000e+00
   1.7292350e+02  -2.2956299e+02   1.0000000e+00
  -2.2349368e+01  -2.7331434e+02   1.0000000e+00
  -2.4232803e+02   2.6272779e+02   1.0000000e+00
  -4.8020582e+02   4.9603626e+02   2.0000000e+00
  -4.9208294e+02   5.9488165e+00   1.0000000e+00
  -3.1042193e+02   2.4482312e+02   1.0000000e+00
   1.2841164e+02  -1.2287907e+02   1.0000000e+00
   4.6102700e+02   3.3530483e+02   2.0000000e+00
  -3.4782492e+02  -3.6936313e+02   1.0000000e+00
  -8.3561378e+01  -3.9837024e+02   1.0000000e+00
   1.3208466e+02   2.8888810e+02   1.0000000e+00
  -1.0425525e+01  -3.9274386e+02   1.0000000e+00
   1.0952871e+02   3.0316149e+02   2.0000000e+00
  -2.0622297e+02   4.9055970e+02   2.0000000e+00
   1.6141820e+02  -1.6758561e+02   1.0000000e+00
  -2.8928446e+02  -1.6095410e+02   1.0000000e+00
  -1.8308972e+02  -2.2017002e+02   1.0000000e+00
   4.8471241e+02   1.6190799e+02   2.0000000e+00
   3.0337811e+01  -3.7384626e+02   1.0000000e+00
   3.2509919e+02  -2.6422983e+02   1.0000000e+00
   1.9819511e+02  -3.9576104e+02   2.0000000e+00
  -4.1086519e+02  -3.6189486e+00   1.0000000e+00
  -1.6184718e+02  -3.0442915e+02   1.0000000e+00
  -2.1373528e+02  -2.1740311e+02   1.0000000e+00
  -3.2469589e+02  -2.5250492e+02   1.0000000e+00
  -9.7293110e+01   3.5496026e+01   2.0000000e+00
  -1.2454809e+02   2.1246230e+02   1.0000000e+00
   1.5429386e+02  -4.7351227e+02   1.0000000e+00
   4.6321509e+02  -1.0420716e+02   1.0000000e+00
  -1.1589953e+02  -8.4501228e+01   1.0000000e+00
  -4.1807672e+01   1.0687928e+02   1.0000000e+00
   4.4585100e+02  -4.4714319e+02   2.0000000e+00
  -1.4514661e+02  -3.9367260e+02   2.0000000e+00
   1.5065906e+02   1.0629396e+02   1.0000000e+00
  -5.2960145e+01   1.1983710e+02   2.0000000e+00
   1.5405029e+02   2.0008836e+02   1.0000000e+00
  -3.7992383e+02   3.7659357e+02   1.0000000e+00
  -1.5961672e+02   4.2175549e+00   1.0000000e+00
   5.0933075e+02   2.5699810e+02   2.0000000e+00
  -3.8451968e+02   3.7916663e+02   2.0000000e+00
   2.6178941e+02  -4.7360090e+02   1.0000000e+00
   2.2992702e+02  -3.4151651e+02   1.0000000e+00
   2.4100355e+02   4.7001257e+00   1.0000000e+00
   3.9148842e+02   4.3034396e+02   2.0000000e+00
   3.0464244e+02   1.1255899e+02   1.0000000e+00
  -2.8447216e+01  -1.6984146e+02   2.0000000e+00
   8.0440939e+01   5.6962083e+01   1.0000000e+00
  -2.6778522e+02  -3.0190173e+02   1.0000000e+00
  -4.8620213e+02  -2.9070711e+02   1.0000000e+00
   4.7608452e+02  -2.3692182e+02   2.0000000e+00
  -4.2298771e+02  -4.0522163e+02   1.0000000e+00
  -2.9489304e+02  -1.8869473e+02   1.0000000e+00
   5.1669026e+00   8.5652160e+01   1.0000000e+00
  -4.8222589e+02   4.3371799e+01   1.0000000e+00
   1.4437722e+02  -8.8334189e+01   1.0000000e+00
  -2.8812372e+02  -4.4302284e+01   1.0000000e+00
   1.9404928e+02   3.5839672e+01   2.0000000e+00
  -2.4821056e+02   3.1422224e+02   1.0000000e+00
   3.7945961e+02  -3.0812217e+02   1.0000000e+00
   1.7042379e+02   3.1133739e+02   1.0000000e+00
   1.9345083e+02   3.0635153e+02   2.0000000e+00
  -3.2156140e-01   4.3043520e+02   1.0000000e+00
  -5.4657320e+01  -1.0818593e+02   1.0000000e+00
   4.2242794e+02   1.2244780e+02   2.0000000e+00
  -3.3530968e+02   2.1056320e+02   2.0000000e+00
   4.8860784e+02  -4.1939944e+02   2.0000000e+00
  -2.9086495e+02   1.2856258e+02   1.0000000e+00
   2.7231128e+02   3.5702511e+02   1.0000000e+00
  -7.6256519e+01  -2.1836005e+02   1.0000000e+00
   1.2661251e+02   2.9249582e+02   1.6000000e+00
  -2.2214877e+01   4.2280996e+01   1.0000000e+00
   4.8367557e+02   2.0971343e+01   2.0000000e+00
  -1.3258861e+02   1.2900061e+02   2.0000000e+00
  -3.7704920e+02   4.4233379e+02   1.0000000e+00
   3.7582069e+02  -3.1318081e+02   1.0000000e+00
   3.8285352e+02  -4.7311962e+02   2.0000000e+00
  -1.1453397e+02   2.6829877e+02   1.0000000e+00
   3.2697176e+02  -2.3046777e+02   1.0000000e+00
   8.1471142e+01   4.5602522e+00   1.0000000e+00
  -4.3365287e+02  -2.0329062e+02   1.0000000e+00
   4.4990350e+02   4.2526159e+02   2.0000000e+00
   4.2790020e+02  -3.0258608e+01   1.0000000e+00
  -3.6988806e+02  -3.7099558e+02   1.0000000e+00
   2.4696399e+02   3.4430096e+02   1.0000000e+00
  -4.0349573e+02   1.4007964e+01   1.0000000e+00
   4.3166566e+02   2.2212957e+02   2.0000000e+00
   4.7193834e+02  -5.1451570e+02   2.0000000e+00
   1.9102579e+02  -3.1625948e+02   1.0000000e+00
  -1.6340516e+02   2.1221972e+02   1.0000000e+00
   3.5637241e+02  -2.3411562e+02   1.0000000e+00
  -3.9166827e+02   3.2618812e+02   2.0000000e+00
  -3.9635261e+02   9.5083435e+00   1.0000000e+00
   4.8323642e+02   3.6791868e+02   2.0000000e+00
   2.6220749e+02   6.1341734e+01   1.0000000e+00
   3.0878625e+02   4.6237386e+02   1.0000000e+00
  -3.3021942e+02  -1.7310301e+02   1.0000000e+00
  -1.7123459e+02  -2.2144313e+02   2.0000000e+00
   2.6780149e+02  -1.3064863e+02   1.0000000e+00
  -1.4683291e+02  -3.6342905e+02   1.2000000e+00
  -2.1193426e+02   4.1882432e+02   1.0000000e+00
  -4.8894051e+02  -3.8053892e+02   2.0000000e+00
  -2.1393030e+02   1.5782565e+02   1.0000000e+00
   6.0744317e+01  -9.2673137e+01   1.0000000e+00
   2.6669840e+02   3.9137975e+02   1.0000000e+00
   2.3967816e+02  -4.6062479e+02   1.0000000e+00
   4.4472678e+02  -3.5870222e+02   2.0000000e+00
   2.2565094e+02   1.3227647e+02   1.0000000e+00
  -9.7662515e+01   1.5902974e+02   1.0000000e+00
   6.8926454e+01  -3.2226915e+02   1.0000000e+00
   5.0091881e+01   2.8556952e+02   1.0000000e+00
  -5.1051025e+02   3.8891304e+02   2.0000000e+00
   4.1610196e+01   1.8918344e+02   1.0000000e+00
   2.9484710e+02  -1.3579714e+01   1.0000000e+00
  -1.7593751e+02  -9.9278746e+01   1.0000000e+00
   1.9655258e+02  -3.2370819e+02   1.0000000e+00
  -5.4285394e+01  -2.2304049e+02   2.0000000e+00
   2.5258702e+02   3.4402107e+02   1.0000000e+00
   3.2424465e+02   4.0539674e+02   1.0000000e+00
   1.2291074e+02   2.5408453e+02   1.0000000e+00
   2.5800052e+02   5.6496859e+01   1.0000000e+00
  -2.1404296e+02   4.2431314e+02   1.0000000e+00
   1.5903550e+02  -4.9533752e+00   1.0000000e+00
  -9.7606678e+01   2.5042917e-01   1.0000000e+00
   3.8778494e+02   4.1742655e+02   2.0000000e+00
   4.8126635e+02  -5.0570602e+02   2.0000000e+00
   3.3006692e+02   1.3071383e+02   2.0000000e+00
   3.9495873e+02  -4.5032033e+01   1.0000000e+00
  -3.8617775e+02  -1.8672873e+02   1.0000000e+00
  -3.4673318e+02  -3.3880493e+02   1.0000000e+00
   3.2039428e+02  -1.2767601e+02   1.0000000e+00
   2.0208640e+01   2.0686183e+02   2.0000000e+00
   4.8679944e+02   4.5231604e+01   2.0000000e+00
   2.9326745e+02  -3.9891320e+02   1.0000000e+00
   2.7159823e+02  -4.2191242e+01   1.0000000e+00
  -4.1388903e+02   3.7047044e+02   2.0000000e+00
   2.2548438e+02   1.9631459e+01   1.0000000e+00
  -9.8111849e+01  -4.8502361e+02   1.0000000e+00
  -4.5987953e+00   1.5715596e+02   2.0000000e+00
  -1.7652725e+02   2.6074544e+01   1.0000000e+00
  -4.8341936e+02   3.7219018e+02   2.0000000e+00
   1.0837066e+01  -4.7361648e+02   2.0000000e+00
  -4.3142350e+02   3.5860396e+02   2.0000000e+00
  -2.2405361e+02  -7.8367664e+01   1.0000000e+00
  -5.6223371e+01  -9.6986350e+00   1.0000000e+00
  -2.8670112e+01  -2.7395390e+02   1.0000000e+00
   4.2691621e+02  -4.1101183e+01   1.0000000e+00
   3.6734030e+02   3.3809218e+02   1.0000000e+00
   2.4420562e+02   2.9944589e+01   1.0000000e+00
  -3.7410749e+02  -4.1186759e+01   1.0000000e+00
  -1.8452028e+02   2.0138063e+02   1.0000000e+00
  -4.5758926e+02  -2.2566263e+00   1.0000000e+00
  -3.9029108e+02  -5.4806365e+01   1.0000000e+00
   3.0329350e+02   1.0009406e+02   1.0000000e+00
  -4.2354649e+02  -5.9095211e+00   1.0000000e+00
   2.4381630e+02   3.3530310e+02   1.0000000e+00
  -3.6886962e+02   5.0386816e+02   2.0000000e+00
   3.8325413e+02   2.9191863e+02   1.0000000e+00
   3.7640389e+01  -1.2768557e+02   1.0000000e+00
   2.6991946e+02   1.8135562e+01   1.0000000e+00
  -1.6347018e+02   3.6863253e+02   2.0000000e+00
  -1.5130293e+02  -1.4896727e+02   1.0000000e+00
  -1.0724045e+02  -3.9409491e+02   1.0000000e+00
   2.0023069e+02   8.8204365e+01   1.0000000e+00
  -4.4597888e+02   4.6658991e+02   2.0000000e+00
  -4.1332605e+02  -4.4598871e+02   2.0000000e+00
  -1.5998522e+02  -1.5420705e+02   1.0000000e+00
  -2.9903883e+02  -3.7397636e+01   1.0000000e+00
   1.3429943e+00   7.4597066e+01   1.0000000e+00
  -4.2897098e+02  -4.2843920e+02   2.0000000e+00
  -1.3800636e+02   2.0675851e+02   1.0000000e+00
   8.1262766e+00  -2.6429642e+02   1.0000000e+00
  -1.0860225e+02   3.5978941e+02   1.0000000e+00
   5.0705929e+02   6.0602053e+01   2.0000000e+00
  -3.1325637e+02   3.6812230e+02   1.0000000e+00
  -2.4706911e+02   3.0737905e+02   1.0000000e+00
   3.0615923e+02   2.8387035e+02   1.0000000e+00
  -1.7254938e+02  -5.0221591e+02   1.0000000e+00
   7.2707898e+01   2.7808704e+02   1.0000000e+00
   9.8903596e+01  -3.6232323e+01   1.0000000e+00
  -3.4749871e+02   4.0423322e+01   1.0000000e+00
  -6.2358507e+00   4.7191652e+02   1.0000000e+00
   7.2365413e+00   2.2928974e+02   2.0000000e+00
   1.1503215e+02  -3.7902188e+02   1.0000000e+00
   2.6088896e+02   2.7866277e+02   1.0000000e+00
   1.9165994e+02  -3.0934942e+02   1.0000000e+00
   3.2305726e+02  -9.9460214e+01   1.0000000e+00
  -5.3692257e+01   1.4406637e+02   1.0000000e+00
  -5.3417895e+02   4.5472174e+02   2.0000000e+00
  -1.6214099e+02  -8.7380551e+00   1.0000000e+00
  -6.1132757e+01  -2.9814355e+01   1.0000000e+00
   4.1234442e+01  -3.2802173e+02   1.0000000e+00
  -2.4830883e+02   8.1748423e+01   1.0000000e+00
   3.5454110e+02   1.2397832e+02   1.0000000e+00
  -4.7567215e+02  -2.3459748e+02   1.0000000e+00
  -3.9226206e+02  -2.5708488e+02   1.0000000e+00
   9.4646951e+01   8.0618618e+01   1.0000000e+00
   1.6824593e+02   2.1069711e+02   1.0000000e+00
  -1.0738985e+02  -4.2487301e+02   1.5000000e+00
   3.3716548e+02   4.4899762e+02   1.0000000e+00
   1.4944530e+02   1.4969511e+02   1.0000000e+00
   4.7155317e+02   2.0403957e+02   2.0000000e+00
   3.8973691e+02  -5.1688465e+01   1.0000000e+00
  -1.1264169e+02  -3.5090512e+02   1.0000000e+00
  -2.0771103e+02   4.2366245e+02   1.0000000e+00
  -1.9943247e+02  -3.6504305e+00   2.0000000e+00
   1.9411053e+02  -9.4356920e+01   1.0000000e+00
   4.8783164e+02   4.9724914e+02   2.0000000e+00
   1.6716772e+02  -3.4920666e+02   1.0000000e+00
   1.9364391e+02  -4.2144061e+02   2.0000000e+00
   1.0839685e-01   4.6434074e+02   1.0000000e+00
  -8.6981506e+00   3.3821570e+02   1.0000000e+00
  -3.8825652e+01   4.6629023e+02   1.0000000e+00
  -3.8403026e+02   4.3005377e+02   1.0000000e+00
  -3.6710151e+02  -3.4078964e+02   1.0000000e+00
   1.0424056e+02  -2.9946216e+02   1.0000000e+00
   2.0741407e+02  -3.4633685e+02   1.0000000e+00
   1.5146492e+02  -3.0481270e+02   1.0000000e+00
  -4.0521045e+02   3.4718613e+02   2.0000000e+00
   4.6791133e+01  -4.2074339e+02   1.0000000e+00
   8.9408850e+01   4.0485971e+02   1.0000000e+00
  -2.3074484e+02   4.8901020e+02   2.0000000e+00
  -4.7994912e+02  -6.9218014e+01   2.0000000e+00
  -2.8304497e+02  -4.5313249e+02   1.0000000e+00
  -4.7465207e+02   4.9181396e+02   2.0000000e+00
  -1.2427159e+02   5.9215492e+01   1.0000000e+00
   3.6579730e+02  -3.9182447e+02   2.0000000e+00
   2.5083519e+02  -5.7719560e+01   1.0000000e+00
   4.4884096e+02   4.4254327e+01   1.0000000e+00
  -4.6490534e+02   2.9355205e+02   2.0000000e+00
  -3.1930245e+02  -2.1437818e+02   1.0000000e+00
  -1.3922167e+02  -2.0608857e+02   1.0000000e+00
  -2.2115688e+02  -4.2590105e+02   1.0000000e+00
   5.1772249e+02  -3.9749765e+02   2.0000000e+00
   3.7383078e+02   2.1872656e+02   1.0000000e+00
   3.3174608e+02  -3.9510356e+02   1.0000000e+00
  -4.7968069e+02   3.3364030e+02   2.0000000e+00
  -1.6400196e+02   1.0783926e+02   2.0000000e+00
   3.0814317e+01  -1.6951558e+02   1.0000000e+00
   4.4392149e+02  -3.8577106e+02   2.0000000e+00
   1.5310375e+02   1.8642292e+02   1.0000000e+00
  -1.0591506e+02   2.3324763e+02   1.0000000e+00
  -1.8456086e+02  -3.3348843e+02   1.4000000e+00
   1.0801658e+02  -1.0751943e+01   1.0000000e+00
   2.4934873e+02  -3.3874298e+02   1.0000000e+00
   4.6951473e+02  -2.2715682e+02   2.0000000e+00
  -1.4098364e+02   6.0678530e+01   1.0000000e+00
   2.7317013e+02   3.7446021e+02   2.0000000e+00
   2.7664121e+02  -4.2261777e+02   2.0000000e+00
   3.3068192e+02   4.6326044e+02   2.0000000e+00
   3.9267579e+02   2.5715778e+02   1.0000000e+00
  -3.1166854e+02  -2.2877951e+02   1.0000000e+00
  -5.0427245e+02   4.7833550e+02   2.0000000e+00
   3.5832324e+02  -4.1183125e+02   2.0000000e+00
  -5.4143174e+01   9.3359567e+01   1.0000000e+00
   2.0630731e+02  -4.0763792e+01   1.0000000e+00
  -1.8995808e+02   4.8026379e+02   2.0000000e+00
  -3.1918394e+02   1.6586108e+01   1.0000000e+00
  -1.8162118e+02   4.1069613e+02   2.0000000e+00
   3.5487713e+02   4.4058678e+02   1.0000000e+00
  -2.6845114e+02  -4.4519473e+02   1.0000000e+00
   1.9532547e+02   8.5155177e+01   1.0000000e+00
  -1.9256800e+02   2.3016592e+01   1.0000000e+00
  -2.9955361e+02  -3.9174065e+02   1.0000000e+00
  -1.0070013e+02   1.1987202e+02   1.0000000e+00
  -4.0446021e+02   2.8594798e+02   2.0000000e+00
   2.0256505e+02  -3.5490880e+02   2.0000000e+00
  -4.2135963e+02  -1.8746785e+02   2.0000000e+00
  -2.6558031e+02  -4.4793127e+02   1.0000000e+00
   4.7868774e+02   4.7102133e+02   2.0000000e+00
   1.1734363e+02  -5.2849522e+02   2.0000000e+00
  -5.8216113e+01  -1.6571983e+02   1.0000000e+00
  -1.6519882e+02   1.9012583e+02   1.0000000e+00
   1.8300644e+02  -1.7589767e+01   1.0000000e+00
  -3.2762586e+02   4.8572377e+02   1.0000000e+00
   2.7132454e+02   3.4254295e+02   2.0000000e+00
  -3.3416407e-01  -2.3200616e+02   1.0000000e+00
   4.8396354e+02  -2.1361429e+02   2.0000000e+00
   3.1432223e+02   1.5267572e+02   1.0000000e+00
  -4.5643277e+02  -4.2463636e+02   2.0000000e+00
   3.3383167e+02  -5.1226583e+02   1.9000000e+00
  -4.1017303e+02  -7.4232454e+01   1.0000000e+00
  -4.4615478e+02   1.8133310e+02   1.0000000e+00
   2.8213543e+02   1.8488615e+02   1.0000000e+00
   7.7136284e+01  -1.5087844e+02   1.0000000e+00
   2.4908968e+02   2.0678020e+02   1.0000000e+00
  -2.1915408e+02  -2.6474593e+02   1.0000000e+00
   1.9235533e+02  -4.6903455e+02   1.0000000e+00
  -8.3530062e+01   3.8992662e+02   1.0000000e+00
   7.1648417e+01   2.5210408e+02   1.0000000e+00
   4.2816591e+02   6.3760332e+01   2.0000000e+00
  -2.5219279e+01  -1.2880421e+02   1.0000000e+00
  -3.0540096e+02  -5.3240524e+01   2.0000000e+00
   3.8290930e+02  -1.7005305e+02   1.0000000e+00
   2.6137224e+02  -3.8668042e+02   1.0000000e+00
   5.3762020e+01  -3.3530866e+02   1.0000000e+00
   3.7091557e+02   3.9791440e+02   1.0000000e+00
  -5.1974143e+01   8.3760311e+01   1.0000000e+00
  -4.7401197e+02  -3.3949389e+02   1.0000000e+00
  -1.8139950e+02   9.9462594e+01   1.0000000e+00
   3.5661603e+02  -4.1671196e+02   2.0000000e+00
  -3.0645514e+02  -3.8374230e+02   1.0000000e+00
   3.3209498e+02  -9.8309621e+01   2.0000000e+00
  -3.9201995e+02   4.2221539e+02   1.0000000e+00
  -6.1609488e+01  -2.1692649e+02   1.0000000e+00
   2.4590407e+02  -1.5166654e+02   1.0000000e+00
   1.9929215e+02  -1.0858366e+02   1.0000000e+00
   3.3098506e+02  -3.1182642e+02   1.0000000e+00
  -4.0293018e+02   3.6113634e+02   1.0000000e+00
   3.4304458e+01  -2.0247887e+02   1.0000000e+00
   1.2562809e+02  -2.4113336e+02   1.0000000e+00
  -2.2200377e+02   4.7976994e+02   2.0000000e+00
   1.7429334e+02   2.7907193e+01   2.0000000e+00
  -2.2574965e+02   1.2147423e+02   2.0000000e+00
   3.7567401e+02  -1.4612597e+02   1.0000000e+00
  -4.5346438e+02  -4.5045408e+02   2.0000000e+00
  -8.5466799e+01   2.3290195e+02   1.0000000e+00
   9.6497155e+01  -4.7375803e+01   1.0000000e+00
  -4.2671376e+02   3.1406624e+02   2.0000000e+00
  -5.5030594e+02   4.4681552e+02   2.0000000e+00
  -2.7794676e+02   6.9170420e+00   1.0000000e+00
   2.7940344e+02   2.3578800e+02   1.0000000e+00
  -4.8934544e+02  -7.0007905e+01   2.0000000e+00
   4.2326465e+02  -7.4123283e+01   1.0000000e+00
  -8.8424798e+01  -4.6287479e+02   1.0000000e+00
   1.3836156e+02   4.7312093e+01   1.0000000e+00
   2.6624731e+02  -3.9594160e+02   1.0000000e+00
  -2.7903556e+02  -1.5239541e+02   1.0000000e+00
   4.7133987e+02   4.4397107e+02   2.0000000e+00
  -1.4656859e+01  -1.5214021e+02   1.0000000e+00
   4.1780631e+02  -5.0844376e+02   2.0000000e+00
   2.0834309e+02  -1.9792026e+02   1.0000000e+00
   2.3692886e+02  -8.4827789e+01   1.0000000e+00
  -6.2104792e+00   2.8715119e+02   1.0000000e+00
  -2.4701555e+02  -6.9875766e+01   1.0000000e+00
   3.5252947e+02  -1.2832247e+02   1.0000000e+00
  -1.7458234e+02  -1.8953207e+02   1.0000000e+00
   1.2186573e+02   4.7904711e+02   2.0000000e+00
   1.3145767e+02  -4.5212207e+02   2.0000000e+00
  -3.7942117e+02   4.8291679e+02   2.0000000e+00
  -1.8989477e+02   4.7992990e+02   2.0000000e+00
   2.2342512e+02   3.1904663e+02   1.0000000e+00
  -4.8986433e+02  -6.9592740e+01   2.0000000e+00
  -3.5102896e+02   1.8944450e+02   1.0000000e+00
   2.4963368e+02   2.1660147e+02   1.0000000e+00
   6.0155961e+00   8.0755971e+01   1.0000000e+00
   9.9108789e+01  -3.6040890e+02   1.0000000e+00
  -1.3227618e+01   2.4958966e+02   2.0000000e+00
   2.8690615e+01   3.1401436e+01   1.0000000e+00
  -4.8552140e+01   1.2785201e+02   2.0000000e+00
  -1.8455421e+02   2.0864525e+02   1.0000000e+00
  -9.0085856e+01  -9.0193711e+01   1.0000000e+00
  -1.9527898e+02  -2.4395215e+02   1.0000000e+00
   3.8098858e+02   4.7079667e+02   1.0000000e+00
  -3.9717593e+02  -3.6759421e+02   1.0000000e+00
  -3.7074040e+02  -1.3142047e+02   1.0000000e+00
  -4.9826511e+02  -2.4077957e+02   1.0000000e+00
  -2.2541745e+02  -2.6665822e+02   1.0000000e+00
  -1.6823719e+02  -2.8897753e+02   1.0000000e+00
  -3.9365643e+02  -2.0670802e+02   1.0000000e+00
  -1.8148193e+02  -1.0874558e+02   1.0000000e+00
   1.3618805e+02  -4.1039955e+02   1.5000000e+00
  -2.8956183e+02   2.5700915e+02   1.0000000e+00
  -3.6979551e+02   2.6158427e+02   1.0000000e+00
   1.0009712e+02   2.2370980e+02   1.0000000e+00
   4.8613050e+02   3.0983026e+02   2.0000000e+00
  -7.4899587e+01   2.1893687e+01   1.0000000e+00
  -4.2780059e+01  -1.6463137e+02   1.0000000e+00
  -4.1530938e+02   9.6664021e+01   1.0000000e+00
   4.0098380e+02   2.8817648e+02   1.0000000e+00
  -2.7134530e+02  -9.3370143e+01   1.0000000e+00
  -4.4093234e+02   4.1996176e+02   2.0000000e+00
  -8.5325078e+01   2.5107790e+02   1.0000000e+00
  -3.0628761e+02  -1.2498069e+02   1.0000000e+00
  -5.8614012e+01   1.1853880e+02   1.0000000e+00
   1.5213144e+02  -1.0251813e+01   1.0000000e+00
  -1.8804222e+02  -5.5934672e+01   1.0000000e+00
  -4.0382150e+02  -1.5709117e+01   1.0000000e+00
   1.3536284e+02  -4.6080099e+01   1.0000000e+00
   3.9472120e+02   1.5949103e+02   2.0000000e+00
   4.6961733e+02  -1.4092861e+01   1.0000000e+00
   1.6548838e+02   3.2167938e+02   1.0000000e+00
  -2.3973909e+02  -7.8833583e+01   1.0000000e+00
  -3.5878746e+02   3.6684591e+02   2.0000000e+00
  -2.1045775e+02   2.8142147e+02   1.0000000e+00
   3.1224098e+02  -1.1900662e+02   1.0000000e+00
   1.6393578e+02  -4.8196550e+01   1.0000000e+00
  -1.8595379e+02   2.7102871e+02   1.0000000e+00
  -1.5252679e+02   1.3889179e+02   1.0000000e+00
  -3.3901340e+02  -1.7710655e+02   1.0000000e+00
   3.4613549e+01   3.8096827e+02   1.0000000e+00
   4.7827517e+02   2.6169928e+01   1.0000000e+00
   9.3778977e+01  -2.0659285e+02   1.0000000e+00
   5.2791911e+02  -2.0926272e+02   2.0000000e+00
  -2.2156591e+02   4.2200273e+01   1.0000000e+00
   4.7002256e+02  -2.5369257e+02   2.0000000e+00
   4.4855950e+02  -1.3359442e+02   2.0000000e+00
  -1.9787796e+02   2.9152158e+02   1.0000000e+00
  -4.5932124e+01  -3.7189681e+02   1.0000000e+00
   9.5575795e+01   2.1651835e+02   1.0000000e+00
   3.3692846e+02  -1.3029284e+02   1.0000000e+00
   4.0577592e+02  -3.2194819e+02   1.0000000e+00
  -9.7421703e+01   3.9999234e+02   1.0000000e+00
  -3.4938605e+02  -4.1854602e+02   1.0000000e+00
   3.7885268e+02   3.3685030e+02   1.0000000e+00
  -1.5484448e+02   9.6460129e+01   1.0000000e+00
  -1.0140077e+02  -4.8254880e+02   2.0000000e+00
   2.9314810e+02   4.2758724e+02   2.0000000e+00
   1.0871134e+02  -5.1825065e+02   2.0000000e+00
   2.9310370e+02  -1.0174196e+02   1.0000000e+00
   3.8200311e+02   4.8880742e+02   2.0000000e+00
  -2.7533949e+02   2.2847830e+02   1.0000000e+00
  -2.0952097e+02  -2.4329423e+02   1.0000000e+00
  -5.4916033e+02   5.1949448e+02   2.0000000e+00
  -5.5010247e+01   5.8956734e+01   1.0000000e+00
   8.3922078e+00  -1.8125247e+02   2.0000000e+00
   1.7796916e+02  -1.7272351e+02   1.0000000e+00
  -2.3812545e+00   1.1115920e+02   2.0000000e+00
  -3.0079472e+02   1.8285951e+02   1.0000000e+00
  -3.5140437e+02  -1.4057573e+02   1.0000000e+00
   3.2224661e+02   4.3696658e+02   1.0000000e+00
   1.9483333e+02  -1.6571355e+02   1.0000000e+00
  -1.7645914e+02  -4.2609873e+02   1.0000000e+00
  -3.8220417e+02   5.1921856e+02   2.0000000e+00
   4.9539074e+01  -4.5029260e+02   1.0000000e+00
   4.3882060e+01  -2.3569921e+02   1.0000000e+00
   1.8981468e+02   1.7427639e+02   1.0000000e+00
  -5.2376776e+02  -2.1990929e+02   2.0000000e+00
  -2.4359002e+02   2.3138040e+01   1.0000000e+00
   1.8874885e+02   1.8217353e+02   1.0000000e+00
   8.2451731e+00   4.3895284e+02   1.0000000e+00
   1.4895929e+02   4.5384260e+02   1.0000000e+00
   1.2460473e+02  -1.2752660e+02   1.0000000e+00
   4.0374253e+02  -8.9993395e+01   1.0000000e+00
  -5.4518646e+02   4.5861294e+02   2.0000000e+00
   5.2538743e+01  -1.6458777e+02   1.0000000e+00
  -1.0003023e+02   2.2989861e+02   1.0000000e+00
   2.5039642e+02   4.1301365e+02   1.0000000e+00
   2.5070489e+02   1.5278642e+02   1.0000000e+00
  -1.0344855e+02  -4.8925316e+02   1.0000000e+00
   1.6972685e+02   4.2432655e+02   1.0000000e+00
  -4.7255894e+02  -1.9563647e+02   2.0000000e+00
   1.1560310e+02   2.8212651e+02   1.0000000e+00
   2.1819818e+02  -4.5263959e+02   1.0000000e+00
  -3.0712915e+02   8.8750440e+01   1.0000000e+00
  -3.2235119e+02   3.0799524e+02   2.0000000e+00
  -5.1491501e+01  -3.2143391e+02   1.0000000e+00
   1.1577759e+02  -3.5851824e+02   1.0000000e+00
  -7.6449645e+00  -1.9008767e+02   1.0000000e+00
  -2.4806437e+02   4.3192769e+02   1.0000000e+00
   4.9288288e+02   4.3804121e+00   1.0000000e+00
  -2.2137871e+02  -3.7174301e+02   1.0000000e+00
   2.5113804e+02  -4.2995812e+02   1.0000000e+00
  -9.7008465e+01  -2.2345664e+02   1.7000000e+00
  -1.6472126e+02  -4.7537148e+02   1.0000000e+00
   6.3616411e+01   3.9626815e+02   1.0000000e+00
   6.7621634e+01   3.5369401e+02   1.0000000e+00
  -3.1236937e+02   2.0766811e+02   2.0000000e+00
   8.5012715e+01  -1.7268781e+02   1.0000000e+00
   3.3953469e+01  -2.5114213e+02   1.0000000e+00
   1.9400200e+02   4.2788647e+02   1.0000000e+00
  -8.2546961e+00   3.7865941e+02   1.0000000e+00
  -2.4646851e+02   2.6727531e+02   1.0000000e+00
  -2.9961365e+02  -4.2424330e+02   1.0000000e+00
  -2.0937686e+02  -5.0834555e+02   1.0000000e+00
  -1.0058463e+02  -3.7953969e+02   1.0000000e+00
   2.4250811e+02  -1.2511883e+02   1.0000000e+00
   3.1616583e+02  -4.5591714e+02   1.0000000e+00
  -2.4656462e+02  -4.8174295e+01   1.0000000e+00
  -3.4100120e+02   4.0553721e+02   1.0000000e+00
   3.3396417e+02   4.9396821e+01   1.0000000e+00
  -1.8440492e+02   4.0504216e+02   1.0000000e+00
  -2.3942257e+02  -4.8596436e+01   1.0000000e+00
   1.3710904e+02   7.8158581e+01   1.0000000e+00
   3.0257820e+02   4.3054887e+02   2.0000000e+00
  -1.2945862e+02   2.9621718e+02   2.0000000e+00
   1.5542095e+02   2.5242071e+01   1.0000000e+00
   4.2453667e+02   9.2127967e+01   2.0000000e+00
   2.0264591e+02  -3.4325386e+02   2.0000000e+00
   4.6324876e+02  -2.7325403e+01   1.0000000e+00
   6.0438098e+01   4.5489037e+02   1.0000000e+00
   2.2753766e+01   1.1013286e+00   1.0000000e+00
   5.1978995e+02  -3.9424093e+02   2.0000000e+00
  -3.0853262e+02  -4.2192974e+01   1.0000000e+00
  -4.7315512e+02  -2.1088776e+02   1.0000000e+00
  -3.5869405e+02  -5.0066634e+02   2.0000000e+00
  -3.0946900e+01  -3.3997777e+02   1.0000000e+00
  -4.5117932e+02   1.9165499e+02   1.0000000e+00
   1.4994663e+02  -1.6229698e+02   1.0000000e+00
  -4.4491179e+02   2.6478322e+02   2.0000000e+00
  -1.8485349e+02   2.7317372e+02   1.0000000e+00
   1.6790834e+02  -5.2057830e+02   2.0000000e+00
  -2.1918912e+02  -2.3037548e+02   1.0000000e+00
  -1.7327154e+02  -4.7738392e+01   1.0000000e+00
  -4.1590958e+02  -2.0193457e+01   1.0000000e+00
  -1.8753002e+02  -3.0107963e+02   1.0000000e+00
   1.2489984e+02   4.8809599e+01   1.0000000e+00
  -2.4721360e+02  -3.7052534e+02   1.0000000e+00
  -2.3017164e+02   5.3038383e+02   2.0000000e+00
   4.5734807e+02   1.6226211e+02   2.0000000e+00
   3.2832052e+01   2.4017622e+02   2.0000000e+00
   4.3805551e+02   4.4134599e+02   2.0000000e+00
   1.9250840e+01   4.1604313e+01   1.0000000e+00
   4.5553757e+01  -2.9367789e+02   1.0000000e+00
  -1.2366579e+02   1.2427837e+02   1.0000000e+00
   2.3414175e+02  -1.6170492e+02   1.0000000e+00
  -8.0033119e+01  -4.1108621e+02   1.0000000e+00
   1.9635613e+02  -3.0587373e+02   1.0000000e+00
   2.1588038e+02  -3.7965231e+02   1.0000000e+00
   4.9925619e+02  -5.1163519e+02   2.0000000e+00
   7.6571981e+01   3.7675926e+02   1.0000000e+00
  -7.4421462e+01   2.3842104e+02   2.0000000e+00
   1.7823739e+02  -3.7604815e+02   1.0000000e+00
  -3.1781966e+02  -3.8773779e+02   1.0000000e+00
  -2.8009498e+02   3.1970619e+02   1.0000000e+00
  -4.6602014e+02  -2.0661144e+02   1.0000000e+00
   3.0751410e+02  -2.0145361e+02   1.0000000e+00
  -3.3291877e+02   3.4891981e+02   1.0000000e+00
   1.4870781e+02   1.2338633e+02   1.0000000e+00
  -6.8749212e+01  -1.0885678e+02   1.0000000e+00
  -4.9151672e+02  -9.7625322e+01   2.0000000e+00
  -1.7918314e+02  -3.5901834e+02   1.0000000e+00
   4.8373588e+01   2.6754551e+02   1.0000000e+00
   4.4739772e+02  -1.5413974e+02   1.0000000e+00
   3.8613342e+02   5.7099153e+01   2.0000000e+00
  -2.4932813e+02   2.1885547e+02   2.0000000e+00
  -4.7099312e+02  -3.2216133e+02   1.0000000e+00
  -2.7112928e+02   6.6412486e+01   1.0000000e+00
  -5.1877031e+01  -2.2403168e+02   1.0000000e+00
   3.5403659e+02  -1.7877639e+02   1.0000000e+00
   8.6015750e+00  -3.1146894e+02   1.0000000e+00
  -3.7033982e+02  -2.5960910e+02   1.0000000e+00
   4.2929110e+02  -6.7971531e+01   1.0000000e+00
   3.4095065e+02  -1.3502377e+02   1.0000000e+00
   3.8931052e+02   4.1542630e+02   2.0000000e+00
   2.1009666e+02  -1.6391384e+02   1.0000000e+00
  -1.8811148e+02  -5.0867026e+02   1.0000000e+00
   1.2723827e+02  -5.0422395e+02   2.0000000e+00
  -1.4199523e+02   4.4656110e+02   1.0000000e+00
   3.1986421e+02   3.8463875e+02   2.0000000e+00
  -3.2162282e+02  -4.8302652e+02   2.0000000e+00
  -4.5754652e+02   2.1137903e+02   1.0000000e+00
  -3.5954170e+02  -3.0105574e+01   1.0000000e+00
  -3.7625284e+02  -4.5910138e+01   1.0000000e+00
   4.6484859e+02   4.8514295e+02   2.0000000e+00
   2.1253197e+01   1.9501955e+02   1.0000000e+00
  -1.7651902e+02  -1.5840242e+02   1.0000000e+00
  -8.9169537e+01   2.9931930e+02   2.0000000e+00
   1.7288102e+02  -1.9148202e+02   1.0000000e+00
  -5.1027392e+01   1.5257611e+02   2.0000000e+00
  -9.5579820e+01  -4.8329659e+02   2.0000000e+00
  -1.5949674e+02   4.4880059e+02   1.0000000e+00
  -1.3582433e+02   1.2379435e+02   1.0000000e+00
   8.4534608e+00   2.7858163e+02   2.0000000e+00
  -3.6595098e+02  -2.9355828e+02   1.0000000e+00
  -1.9646380e+02   4.6561073e+02   2.0000000e+00
   2.6308590e+00  -1.7964060e+02   2.0000000e+00
   2.3156577e+02  -2.5977202e+02   1.0000000e+00
  -2.5079319e+02   5.4275081e+02   2.0000000e+00
  -4.1649262e+02   4.1521158e+02   2.0000000e+00
   9.2048824e+01  -4.3262144e+02   1.0000000e+00
   4.3742295e+02  -4.7034348e+02   2.0000000e+00
  -4.1611400e+02   4.1723422e+02   1.0000000e+00
   3.4190157e+02  -1.3454274e+02   1.0000000e+00
   1.1921303e+02   4.6068845e+01   1.0000000e+00
   2.5351183e+02  -1.8357770e+02   1.0000000e+00
   3.9798850e+02   4.1264549e+02   2.0000000e+00
   2.4306200e+02  -1.8110320e+02   1.0000000e+00
  -1.5777611e+02  -2.0087618e+02   1.0000000e+00
   3.2108787e+02   3.6045203e+02   1.0000000e+00
  -4.5339821e+02   2.7513639e+00   1.0000000e+00
   1.0593418e+02  -2.7816430e+02   1.0000000e+00
   4.3875408e+02  -1.1829847e+02   1.0000000e+00
   3.3139702e+02   7.5728240e+01   1.0000000e+00
  -4.5212468e+01  -1.5075180e+02   1.0000000e+00
   4.0046933e+02   2.3949371e+02   1.0000000e+00
   4.9402200e+02   2.3319366e+02   2.0000000e+00
   3.4452254e+02   2.4573496e+02   1.0000000e+00
   2.4971532e+02  -4.4622243e+02   1.0000000e+00
   2.7010470e+02  -4.3917457e+02   1.0000000e+00
  -2.3969234e+02  -1.8759565e+02   1.0000000e+00
  -5.3042485e+02   4.7249738e+02   2.0000000e+00
   5.1929160e+02  -3.0622046e+02   2.0000000e+00
   9.5018012e+01  -4.7820590e+02   2.0000000e+00
  -2.6334126e+02  -4.5513766e+02   1.0000000e+00
   1.9467430e+02   1.1779753e+01   1.0000000e+00
   2.9330646e+02   1.7686308e+02   1.0000000e+00
   2.3750392e+01  -2.5414495e+01   1.0000000e+00
  -3.0834075e+02  -1.5763965e+02   1.0000000e+00
   7.7878777e+00   3.2843713e+02   1.0000000e+00
   3.4469919e+02  -4.6747065e+02   1.0000000e+00
  -3.8494300e+02   3.2115505e+02   2.0000000e+00
  -7.2217657e+01   1.0882242e+02   1.0000000e+00
   4.2996578e+02  -4.3208328e+02   2.0000000e+00
  -3.3693463e+02   3.0276572e+02   1.0000000e+00
   2.6728805e+02   1.9787145e+02   1.0000000e+00
  -1.0256130e+01   1.5511355e+02   1.0000000e+00
  -4.1754697e+02   8.8295259e+01   1.0000000e+00
   1.7632366e+02   2.8480916e+02   1.0000000e+00
  -2.1531044e+02  -5.0352752e+02   1.0000000e+00
   1.9337067e+02  -9.1165860e+01   1.0000000e+00
  -2.1182918e+02  -3.3055725e+02   1.0000000e+00
   2.0780618e+02   8.0765930e+00   1.0000000e+00
   4.0522161e+02   3.3627592e+02   1.0000000e+00
   2.4543934e+01   1.0793378e+02   1.0000000e+00
   2.1256880e+02   5.1011259e+01   1.0000000e+00
  -2.9167485e+02  -2.3871965e+02   1.0000000e+00
  -4.3829740e+02  -1.9779128e+02   1.0000000e+00
   2.0096067e+02   4.0989683e+02   1.0000000e+00
   1.8771057e+02   1.8320829e+02   1.0000000e+00
   1.6293120e+02   4.1589326e+02   1.0000000e+00
   3.3204450e+02  -2.5307547e+02   1.0000000e+00
   5.3452645e+02  -2.2481866e+02   2.0000000e+00
  -1.7700104e+02  -5.1928627e+01   1.0000000e+00
   3.1233882e+02   3.8240614e+02   2.0000000e+00
   4.0956987e+02   4.2372243e+02   2.0000000e+00
  -5.0373998e+02  -4.3550669e+02   2.0000000e+00
  -1.1844379e+02   1.4162172e+02   1.0000000e+00
   3.1563394e+02  -1.2545811e+02   1.0000000e+00
  -8.0011085e+01   1.5667561e+02   1.0000000e+00
   3.2134920e+02  -5.1891729e+02   1.9000000e+00
  -2.0923283e+02   3.1763244e+02   1.0000000e+00
  -1.6499722e+02  -4.6399439e+02   1.0000000e+00
   4.8728719e+02   2.3140541e+02   2.0000000e+00
  -3.8415132e+02  -3.0029115e+01   1.0000000e+00
  -3.6281641e+02  -1.4507514e+02   1.0000000e+00
   3.7606144e+00  -4.6759401e+02   1.0000000e+00
  -2.3098498e+02  -2.0797620e+02   1.0000000e+00
  -2.8424991e+02  -6.9031576e+01   2.0000000e+00
   2.5037133e+02  -7.0985926e+01   1.0000000e+00
  -4.3954863e+02  -7.6693113e+01   1.0000000e+00
   4.8643729e+02  -3.3588388e+02   2.0000000e+00
   1.8182446e+02  -3.5447853e+02   2.0000000e+00
   3.4907074e+02  -4.8350406e+02   2.0000000e+00
  -1.1786749e+02  -9.7520406e+01   1.0000000e+00
   1.1597110e+02  -1.7279827e+02   1.0000000e+00
   2.4790463e+01   1.5903078e+02   2.0000000e+00
   1.0472480e+02  -1.9868915e+02   2.0000000e+00
   5.2576267e+02  -1.4296767e+02   2.0000000e+00
  -1.4840283e+02  -3.3441492e+02   1.0000000e+00
  -4.6456531e+02  -4.8885471e+02   2.0000000e+00
  -5.1073659e+02   4.3603607e+02   2.0000000e+00
  -1.6200868e+02  -1.1021857e+01   1.0000000e+00
  -3.1042671e+02   3.0788895e+02   2.0000000e+00
   4.4218939e+02  -3.5064629e+02   2.0000000e+00
   4.4805828e+02  -3.9590508e+01   1.0000000e+00
  -1.3329884e+01  -3.6909740e+02   1.0000000e+00
   4.2169622e+02   4.7224126e+02   2.0000000e+00
   8.2258932e+01   2.2537034e+02   2.0000000e+00
  -2.8502612e+02   6.8653562e+00   1.0000000e+00
  -8.2926065e+01   3.6583473e+02   1.0000000e+00
  -3.6957976e+02  -4.3570036e+02   1.0000000e+00
  -1.4827089e+02  -4.2525846e+02   2.0000000e+00
   1.3723038e+02  -2.2843797e+02   1.0000000e+00
   7.5859813e+01   4.8916202e+02   2.0000000e+00
  -2.6675615e+02  -3.5530147e+01   1.0000000e+00
  -2.9110821e+02   2.1452629e+01   1.0000000e+00
  -2.6686317e+02  -6.7811890e+01   1.0000000e+00
  -3.9299404e+02  -9.3978755e+01   1.0000000e+00
   4.9443902e+02   4.1935900e+01   2.0000000e+00
  -4.3505372e+02   3.9461885e+02   2.0000000e+00
   3.1311227e+02  -9.6187826e+01   1.0000000e+00
  -2.7785493e+02   1.4796803e+02   1.0000000e+00
   3.0678870e+02  -3.3044501e+02   1.0000000e+00
   1.2333274e+02   9.3350587e+01   1.0000000e+00
   3.4048467e+02   4.3202026e+02   1.0000000e+00
  -2.2318308e+02   2.0304209e+02   1.0000000e+00
  -2.7106875e+02   1.7680931e+02   1.0000000e+00
   3.3071656e+01  -4.2284951e+02   1.0000000e+00
  -4.2117374e+02  -9.3879602e+01   1.0000000e+00
   2.1949834e+02   1.6938955e+02   1.0000000e+00
   2.2123048e+02  -3.7368060e+01   1.0000000e+00
  -4.9186960e+02   3.0154063e+02   2.0000000e+00
   2.4767046e+01  -1.5521231e+02   1.0000000e+00
  -3.9712646e+02  -3.2922388e+02   1.0000000e+00
  -2.1456634e+02  -1.8963422e+02   1.0000000e+00
  -5.1335721e+02   5.0658491e+02   2.0000000e+00
  -2.0058459e+02   6.9811041e+01   1.0000000e+00
   1.2981252e+02   3.3114402e+02   1.0000000e+00
  -9.4875022e+01   3.5483450e+02   1.0000000e+00
   1.6918225e+02  -4.3242147e+02   1.0000000e+00
   3.3616428e+02  -1.3423599e+02   1.0000000e+00
   3.7843540e+02  -7.7674579e+01   1.0000000e+00
  -3.1797380e+02  -3.3548838e+02   1.0000000e+00
  -1.4528806e+01  -1.6575707e+02   2.0000000e+00
   2.6733171e+02   3.0953370e+02   1.0000000e+00
   3.4186075e+02   2.5020448e+01   1.0000000e+00
   1.4400595e+02   3.4982470e+01   1.0000000e+00
  -1.5010021e+02  -4.4616365e+02   1.0000000e+00
   2.7477492e+02  -1.3303223e+02   1.0000000e+00
  -3.3107970e+02  -5.0615865e+02   1.0000000e+00
  -5.9430173e+01  -7.7512055e+00   1.0000000e+00
  -5.0601652e+02   5.0448874e+02   2.0000000e+00
   3.3242282e+01   2.6723629e+02   2.0000000e+00
  -2.4066145e+02  -2.5273571e+02   1.0000000e+00
   3.0959025e+02  -3.0116662e+02   1.0000000e+00
   1.9959910e+02  -3.2076158e+02   1.0000000e+00
  -1.8717404e+02   2.1060178e+02   1.0000000e+00
   1.1450364e+01   3.6193468e+01   1.0000000e+00
  -8.0794064e+01  -6.3815623e-01   1.0000000e+00
   4.7266761e+02   3.0554103e+02   2.0000000e+00
  -4.7763524e+02   3.2081443e+02   2.0000000e+00
   3.0383836e+02   8.8126633e+01   1.0000000e+00
  -1.1530097e+02  -3.5738324e+02   1.0000000e+00
  -3.2359499e+02   2.0095106e+02   2.0000000e+00
   6.1517789e+01  -6.2786637e+01   1.0000000e+00
  -3.3805734e+02   2.4538190e+02   1.0000000e+00
  -3.6769282e+02  -3.1823212e+01   1.0000000e+00
   4.8361710e+02  -4.6273378e+02   2.0000000e+00
   3.0686827e+02   3.2058139e+01   1.0000000e+00
  -1.2849139e+02  -4.2490496e+02   2.0000000e+00
  -1.3475668e+02   1.0149416e+02   1.0000000e+00
   2.1321701e+01   4.1752869e+02   1.0000000e+00
  -2.5935664e+02  -2.9695163e+02   1.0000000e+00
   2.2598652e+02   4.6741042e+02   1.0000000e+00
  -2.9298318e+02  -1.4712191e+02   1.0000000e+00
   1.4536182e+02  -1.3703457e+02   1.0000000e+00
  -9.9416351e+01  -3.6436208e+02   1.0000000e+00
   2.6830925e+02  -2.8946259e+02   1.0000000e+00
  -1.1865859e+02   2.8851043e+02   1.0000000e+00
   7.4599277e+01   7.3447417e+01   1.0000000e+00
   2.6967007e+02  -1.2407554e+02   1.0000000e+00
   2.6083826e+02  -1.2597867e+02   1.0000000e+00
   1.5834281e+02   1.5880878e+02   1.0000000e+00
   2.6555377e+02  -4.5070405e+01   1.0000000e+00
  -3.4628741e+02   4.8173331e+02   2.0000000e+00
  -2.5257868e+02   2.4887005e+02   1.0000000e+00
  -4.4825312e+02   4.3589536e+02   2.0000000e+00
  -4.1672757e+01  -1.9957813e+02   1.0000000e+00
  -1.0106726e+02   3.7038591e+02   1.0000000e+00
   4.5629100e+02  -2.2470922e+02   2.0000000e+00
  -2.5518598e+01   3.5345605e+02   1.0000000e+00
  -5.2541472e+02  -4.8310941e+02   2.0000000e+00
   3.6333167e+02  -1.2950086e+02   1.0000000e+00
   4.5734508e+02   7.8886684e+01   2.0000000e+00
  -1.9826876e+02  -4.0535253e+02   1.0000000e+00
  -3.4915741e+02   2.0124637e+02   1.0000000e+00
   1.8538791e+02  -4.5406654e+02   1.0000000e+00
   4.5443716e+02  -1.6322208e+02   1.0000000e+00
   3.1024108e+02   4.4552373e+02   2.0000000e+00
   4.2762003e+02   1.9348560e+02   2.0000000e+00
   1.5031303e+02   2.1470089e+01   1.0000000e+00
  -2.7051394e+02   2.1937432e+02   1.0000000e+00
   1.1509769e+02   4.5811176e+02   1.0000000e+00
   5.0812896e+02  -3.5499723e+02   2.0000000e+00
   4.1420904e+02  -2.9257412e+02   1.0000000e+00
   8.5562087e+01  -1.1225195e+02   1.0000000e+00
  -2.2195772e+02  -4.1836389e+01   1.0000000e+00
  -3.7762066e+02  -4.6595561e+02   2.0000000e+00
  -1.9805496e+02  -3.8963239e+02   1.0000000e+00
   1.3764445e+02   2.2807462e+02   1.0000000e+00
   2.2459512e+02   4.8664460e+02   1.0000000e+00
  -9.4160079e+01  -4.1658764e+02   1.0000000e+00
  -6.5345831e+01  -9.8514392e+01   1.0000000e+00
  -3.2517035e+02  -2.7074406e+02   1.0000000e+00
   6.1698785e+00  -2.9500977e+02   1.0000000e+00
   2.1769519e+02  -8.9753476e+01   1.0000000e+00
   1.2015073e+01   3.3445750e+02   1.0000000e+00
  -2.4390873e+01   2.1997981e+02   2.0000000e+00
   3.3594798e+02   4.6030112e+02   2.0000000e+00
  -3.3802732e+02   4.7340194e+02   1.0000000e+00
  -2.1821544e+02  -7.9688296e+00   1.0000000e+00
   4.9715915e+02   4.6708219e+02   2.0000000e+00
  -4.5502208e+02  -1.4147913e+02   1.0000000e+00
   1.3741907e+02  -2.8923580e+02   1.0000000e+00
  -1.6411634e+02   4.7480691e+02   2.0000000e+00
  -7.4292348e+01  -7.1372163e+01   1.0000000e+00
   2.5099447e+02   1.6324117e+02   1.0000000e+00
  -2.2652696e+02  -1.7096766e+02   1.0000000e+00
  -4.3035248e+01  -4.6017688e+02   2.0000000e+00
  -1.9648798e+02  -3.5340637e+01   1.0000000e+00
   3.9182211e+02  -1.9183457e+02   1.0000000e+00
   3.9788653e+01   1.7384927e+02   2.0000000e+00
  -1.3493182e+02   1.0355581e+02   1.0000000e+00
  -3.9121472e+02  -2.7820112e+02   1.0000000e+00
   3.5972538e+01   1.5737399e+02   2.0000000e+00
  -5.4395670e+01  -1.9095046e+02   1.0000000e+00
   4.1141259e+02   4.7789810e+02   2.0000000e+00
   2.7927901e+02  -2.8475286e+02   1.0000000e+00
  -2.6900823e+02   2.2135523e+02   1.0000000e+00
   1.8866226e+02  -4.5765906e+02   1.0000000e+00
   2.8582050e+02   6.1185330e+01   1.0000000e+00
  -1.6281693e+02   9.3841194e+01   2.0000000e+00
   2.9107070e+01   4.3367290e-01   1.0000000e+00
   2.1636533e+02   1.1099303e+02   1.0000000e+00
   2.2147287e+02   3.3152067e+02   1.0000000e+00
  -1.4167255e+02   2.4249056e+02   1.0000000e+00
  -1.0964303e+01  -1.6850139e+02   1.0000000e+00
  -1.8601696e+02  -1.9815116e+02   1.0000000e+00
  -4.4833171e+02   8.4132799e+01   1.0000000e+00
  -4.9554055e+02  -4.7214913e+02   2.0000000e+00
  -2.3427078e+02  -2.9073443e+02   1.0000000e+00
  -4.9152292e+01   8.4450777e+01   1.0000000e+00
  -2.7645803e+02  -2.4835968e+02   1.0000000e+00
   3.1549664e+02   4.0354842e+02   1.0000000e+00
  -1.5973048e+02   8.0907168e+01   1.0000000e+00
  -1.3096689e+02  -2.2730759e+02   1.0000000e+00
   4.4129714e+02   1.0897495e+02   2.0000000e+00
  -6.4964290e+01  -4.0166818e+02   1.0000000e+00
   3.5359519e+02  -5.0145464e+02   1.9000000e+00
   2.7855101e+02  -2.2824795e+02   1.0000000e+00
   2.1850526e+01  -1.6276344e+02   1.0000000e+00
   4.2858921e+02   3.6407058e+01   1.0000000e+00
  -1.8486274e+02  -4.0563502e+01   1.0000000e+00
   4.9148317e+02  -1.2771563e+02   2.0000000e+00
  -4.7927353e+02  -2.9463236e+02   1.0000000e+00
  -2.4377192e+01   6.0012217e+01   1.0000000e+00
  -1.0145880e+02   5.7317369e+01   1.0000000e+00
   2.2536818e+00   7.5232932e+01   1.0000000e+00
   2.5751218e+02  -1.4505190e+02   1.0000000e+00
   2.7861600e+01   2.1278430e+02   1.0000000e+00
  -1.5953114e+02   4.6903836e+02   2.0000000e+00
  -4.8166100e+01   2.6855873e+02   2.0000000e+00
  -3.3725038e+02   3.2356707e+02   2.0000000e+00
  -1.9047403e+02  -4.8001357e+02   1.0000000e+00
   1.3117446e+02  -3.5066803e+02   1.0000000e+00
  -6.9488735e+01  -4.3658110e+02   1.0000000e+00
  -3.7716752e+02  -6.0738668e+01   1.0000000e+00
  -4.1826607e+02  -3.4230833e+02   1.0000000e+00
  -2.3704893e+02   2.0851909e+02   2.0000000e+00
  -2.9279753e+02   7.9932135e+01   1.0000000e+00
   2.9002255e+02   1.8450060e+01   1.0000000e+00
   3.0048778e+02  -3.0121352e+02   1.0000000e+00
  -2.9767641e+01  -4.9619789e+02   2.0000000e+00
  -3.4910155e+02  -2.9758139e+02   1.0000000e+00
   5.1223744e+02   3.6946883e+02   2.0000000e+00
   3.3881021e+02   3.6289065e+01   1.0000000e+00
   2.9236670e+02  -8.2872654e+00   1.0000000e+00
  -4.7227862e+02  -3.9129364e+02   2.0000000e+00
  -2.3055727e+00  -5.3759844e+01   1.0000000e+00
  -4.6794006e+02  -4.9860608e+02   2.0000000e+00
   1.8911831e+02   1.8520481e+02   2.0000000e+00
  -2.3421452e+02   2.8404171e+01   1.0000000e+00
  -1.9759091e+02   3.1174442e+02   1.0000000e+00
   4.7129303e+02  -1.0140340e+02   1.0000000e+00
   3.3917151e+02  -2.7726035e+02   1.0000000e+00
   1.4188325e+02  -1.6319541e+02   1.0000000e+00
   2.7179590e+02  -1.3699071e+02   1.0000000e+00
  -1.8706071e+02   1.7948685e+02   1.0000000e+00
  -3.9911195e+02   1.4291198e+02   1.0000000e+00
  -1.7330780e+02  -2.8679149e+02   1.0000000e+00
  -4.2377372e+01  -4.9329254e+02   2.0000000e+00
  -1.7284589e+02  -3.0664686e+02   1.0000000e+00
   5.2463306e+02  -3.6430453e+02   2.0000000e+00
  -2.7312250e+02  -4.6151620e+02   1.0000000e+00
   3.1043424e+01  -3.8728554e+02   1.0000000e+00
  -2.6955024e+02  -1.3095251e+02   1.0000000e+00
  -2.4408335e+02  -2.0465151e+02   1.0000000e+00
   1.6390806e+02   1.7747174e+02   1.0000000e+00
  -1.2413848e+02   4.2608671e+02   1.0000000e+00
   3.1190074e+02   4.3385413e+02   1.0000000e+00
  -1.6591588e+02  -1.2097307e+01   1.0000000e+00
   1.6412529e+02  -1.8972364e+02   2.0000000e+00
  -2.6270361e+02   4.8373759e+02   2.0000000e+00
  -7.5981879e+01   1.6851066e+02   2.0000000e+00
   3.8967341e+01   1.2538853e+02   1.0000000e+00
   4.6047957e+02   1.0846740e+01   1.0000000e+00
  -6.6599828e+01  -9.4305379e+01   1.0000000e+00
   8.2366714e+00   1.0054410e+02   1.0000000e+00
  -1.6083539e+02   3.8713947e+02   1.0000000e+00
  -4.1220465e+02  -1.0023140e+02   1.0000000e+00
   1.1023268e+02   4.5979321e+02   1.0000000e+00
   4.7296105e+02   3.6193508e+02   2.0000000e+00
  -5.1445059e+02  -3.7168162e+02   2.0000000e+00
  -2.1706884e+02  -4.0482248e+02   1.0000000e+00
   7.8389951e+01  -3.4637650e+02   1.0000000e+00
   1.4047486e+02  -3.3189994e+02   1.0000000e+00
  -3.7036616e+01   2.8350597e+02   1.0000000e+00
  -4.9160573e+01  -4.4526030e+02   1.0000000e+00
   1.3511372e+02  -4.8967931e+02   2.0000000e+00
   2.6124123e+02  -5.0078983e+02   1.0000000e+00
   8.6936332e+01  -3.6881056e+02   1.0000000e+00
   1.1160268e+02   2.3244649e+01   1.0000000e+00
   2.9649544e+02   3.4056740e+01   1.0000000e+00
   3.1015352e+02  -2.1801906e+02   1.0000000e+00
   3.2939402e+02   1.8052575e+02   1.0000000e+00
  -1.5089235e+02   4.3459404e+02   1.0000000e+00
  -1.0824752e+02  -1.8561953e+02   1.0000000e+00
  -2.5076584e+02   4.1964889e+02   1.0000000e+00
   8.5808754e+01   4.7544688e+02   2.0000000e+00
   1.5390245e+02  -5.0924324e+02   1.0000000e+00
   2.4645615e+02   2.1676348e+01   1.0000000e+00
  -1.9101658e+02  -1.7917873e+02   1.0000000e+00
  -3.9156740e+02   8.8829680e+01   1.0000000e+00
   1.1278121e+02   9.2103761e+01   1.0000000e+00
   1.7404942e+02  -5.7436695e+01   1.0000000e+00
  -2.8420122e+02  -1.7470284e+02   1.0000000e+00
  -2.0011434e+02   7.2914825e+01   1.0000000e+00
   1.1455473e+02   2.8699972e+02   1.0000000e+00
  -1.2581016e+02   3.2962743e+02   1.0000000e+00
  -1.2857165e+02   4.0412094e+02   1.0000000e+00
   2.8732485e+02   2.8921817e+02   1.0000000e+00
   4.5745025e+02   2.5554759e+02   1.0000000e+00
  -4.6922925e+02  -2.2791840e+01   1.0000000e+00
  -2.1709751e+02   5.7574403e+01   1.0000000e+00
  -3.1124000e+02   2.8140067e+01   1.0000000e+00
   2.9599663e+02  -4.2411892e+02   2.0000000e+00
   3.4718977e+02   2.3323205e+02   1.0000000e+00
  -1.5494190e+02   4.7055451e+02   1.0000000e+00
   4.8577623e+02   2.3750592e+02   2.0000000e+00
   4.4400092e+02   1.6589605e+02   2.0000000e+00
  -4.4700632e+01  -6.7923311e+01   1.0000000e+00
  -8.2220666e+00  -2.0126159e+02   1.0000000e+00
   4.9954766e+02   2.8518109e+02   2.0000000e+00
   2.4216504e+01  -1.5265508e+02   1.0000000e+00
   2.2371423e+01  -5.4091909e+02   2.0000000e+00
   3.4150082e+02  -3.1559981e+00   1.0000000e+00
   2.8711390e+02   3.9494580e+02   2.0000000e+00
  -3.7983896e+02  -2.6721849e+01   1.0000000e+00
  -9.3191034e+01  -2.6139603e+02   1.0000000e+00
   3.4740514e+01   2.6413075e+02   2.0000000e+00
  -2.5444115e+02   3.6468257e+02   1.0000000e+00
   5.0757537e+02   4.7962545e+02   2.0000000e+00
  -6.3006314e+01   3.0911329e+02   1.0000000e+00
   4.8209498e+02  -2.3063712e+02   2.0000000e+00
  -2.6672372e+01  -1.3056369e+02   1.0000000e+00
   3.3521094e+02  -1.2863413e+02   1.0000000e+00
  -4.5729982e+02   3.6275820e+02   2.0000000e+00
  -1.3408543e+02   2.4346774e+02   2.0000000e+00
  -1.2569457e+02   1.4153025e+02   2.0000000e+00
   4.2064332e+02   7.3205901e+01   2.0000000e+00
  -3.4654028e+02  -3.2939408e+02   1.0000000e+00
   4.4939840e+02  -1.1723450e+02   2.0000000e+00
  -1.1213206e+02  -2.3529720e+02   1.0000000e+00
  -4.1776057e+02   2.8900083e+02   2.0000000e+00
   3.9662568e+02   2.6049709e+02   1.0000000e+00
   7.5212523e+01  -2.1662826e+02   1.0000000e+00
   3.7495522e+02  -4.2746066e+02   2.0000000e+00
   4.4670749e+02  -1.2083915e+02   2.0000000e+00
   3.7924410e+02   8.5700412e+01   2.0000000e+00
  -2.7749946e+02  -1.9194442e+02   1.0000000e+00
   1.2180556e+02   1.2890481e+02   1.0000000e+00
  -2.3621026e+02   7.5555774e+01   1.0000000e+00
  -4.5303902e+02   1.6122263e+02   1.0000000e+00
   4.6762298e+02  -3.1291647e+00   1.0000000e+00
   2.6777287e+02   3.0400261e+02   1.0000000e+00
  -4.4625971e+02  -3.9577286e+02   1.0000000e+00
  -7.5693225e+01  -1.0678403e+01   1.0000000e+00
