   2.8014907e+01  -3.3332859e+02   2.0000000e+00
   1.1513260e+02  -7.4932818e+01   2.0000000e+00
  -4.0773221e+02   7.5894289e+01   1.0000000e+00
  -8.5155777e+01   1.8157053e+02   2.0000000e+00
  -1.1898774e+02  -5.3964957e+01   2.0000000e+00
   2.3608413e+02  -4.1252370e+02   2.0000000e+00
  -2.9288481e+02   1.4686859e+02   2.0000000e+00
   2.4100450e+02   3.3500153e+02   1.0000000e+00
   1.5227917e+02   1.4830668e+02   2.0000000e+00
  -2.3580015e+02   1.1741981e+02   2.0000000e+00
   3.9563834e+02   3.4701979e+02   1.0000000e+00
  -2.9025256e+02  -2.9651629e+02   2.0000000e+00
   2.1239530e+01   3.8822294e+02   2.0000000e+00
  -3.6467083e+02   9.6035404e+01   2.0000000e+00
  -3.1405643e+02   2.0666146e+02   2.0000000e+00
  -2.0406066e+01  -2.7137548e+02   2.0000000e+00
  -1.2852371e+02  -1.2959780e+02   2.0000000e+00
  -1.9891787e+01   3.8231887e+02   2.0000000e+00
  -7.9685030e+01   2.2605805e+02   2.0000000e+00
   2.0811702e+02  -4.5351019e+02   2.0000000e+00
   3.4576064e+02   2.4591257e+02   2.0000000e+00
   3.0705360e+02   3.0686818e+02   2.0000000e+00
  -3.0813517e+02  -3.4268484e+02   2.0000000e+00
   3.4138737e+02  -6.0597688e+01   2.0000000e+00
   1.6674915e+02  -3.1028036e+02   2.0000000e+00
  -7.9713375e+01   3.2115882e+02   2.0000000e+00
   1.2621691e+02  -1.7423122e+02   2.0000000e+00
  -3.8958280e+02   8.8253471e+01   1.0000000e+00
  -2.8065859e+02  -2.8211882e+02   2.0000000e+00
   4.0093716e+02   9.0360532e+01   2.0000000e+00
   9.3888810e+01   8.3371577e+01   2.0000000e+00
  -1.4703195e+02  -3.4919759e+02   2.0000000e+00
  -3.0947738e+02  -1.6247390e+02   2.0000000e+00
   4.7825650e+01   4.4032785e+00   2.0000000e+00
  -1.4573357e+02  -1.7345068e+02   2.0000000e+00
  -1.2730315e+02   2.1698581e+02   2.0000000e+00
  -3.6140984e+02  -1.8780474e+02   1.0000000e+00
   1.5756277e+02  -4.3246772e+02   2.0000000e+00
   8.0962783e+01   5.6325562e+01   2.0000000e+00
   2.2066602e+02  -1.7815525e+02   2.0000000e+00
   2.8013758e+02   2.0099036e+02   2.0000000e+00
  -3.3742877e+02  -2.1139017e+01   2.0000000e+00
  -2.9251941e+02  -6.6131801e+01   2.0000000e+00
  -3.4135784e+02  -2.4630735e+02   2.0000000e+00
  -6.4899720e+01  -2.3271216e+02   2.0000000e+00
  -4.2148060e+02   2.5613553e+02   2.0000000e+00
  -2.1993923e+02   4.2571705e+02   2.0000000e+00
   3.3657646e+02  -2.7552523e+01   2.0000000e+00
  -1.7281276e+02   6.1698712e+01   2.0000000e+00
   3.4014868e+02  -1.4836865e+02   2.0000000e+00
   9.6766410e+01  -3.0559273e+02   2.0000000e+00
   7.6859859e+01  -5.0068430e+01   2.0000000e+00
   3.9049557e+02  -4.1911669e+02   2.0000000e+00
   1.9225217e+02   4.1857439e+02   2.0000000e+00
  -3.6828701e+02  -3.2318282e+02   2.0000000e+00
  -3.5449824e+02   3.5488986e+01   2.0000000e+00
   1.3367716e+02   3.9831563e+01   2.0000000e+00
   3.2505332e+02  -6.4297071e+01   2.0000000e+00
   2.0752082e+02   2.4069813e+02   2.0000000e+00
   3.5377948e+02  -3.9309328e+02   2.0000000e+00
  -3.3481553e+02  -2.7726579e+02   2.0000000e+00
  -2.4418383e+02   4.1146452e+02   1.9000000e+00
   3.5959291e+01   3.4880454e+02   1.0000000e+00
   1.6698082e+02  -2.0172417e+02   2.0000000e+00
  -2.8639939e+02  -5.3787795e+01   2.0000000e+00
  -3.8292658e+02  -4.1819968e+02   2.0000000e+00
  -2.3631822e+02  -2.0668390e+01   2.0000000e+00
  -2.7316379e+02   7.8167588e+00   2.0000000e+00
   1.3148672e+02   2.9212887e+02   2.0000000e+00
  -2.9138420e+02  -4.1251699e+02   2.0000000e+00
   2.7297664e+02   2.5457541e+02   2.0000000e+00
   4.2600768e+02   1.4812071e+02   2.0000000e+00
  -8.5880708e+01   2.8232912e+02   2.0000000e+00
   1.0443684e+02  -1.4022847e+02   2.0000000e+00
  -3.5045500e+02   3.0452274e+02   2.0000000e+00
  -2.2649055e+02   3.4720594e+02   2.0000000e+00
  -3.0257685e+02   7.8294057e+01   2.0000000e+00
   2.8087976e+02  -3.1537161e+02   2.0000000e+00
   3.4177973e+02  -2.9144803e+02   2.0000000e+00
  -2.3575449e+02   1.6921476e+01   1.0000000e+00
   3.2490319e+02  -1.3860881e+02   2.0000000e+00
  -4.8122081e+01  -9.1409982e+01   2.0000000e+00
  -2.0906043e+02   3.5477414e+02   1.4000000e+00
  -2.2682813e+02   1.7352637e+02   2.0000000e+00
  -1.7022628e+02  -4.0271328e+02   2.0000000e+00
  -2.7346370e+02  -2.0940270e+02   2.0000000e+00
  -3.9866414e+02  -2.4187126e+02   2.0000000e+00
   2.1008532e+02   1.5414494e+02   2.0000000e+00
   2.7031980e+02   3.9951214e+02   2.0000000e+00
   2.5137566e+02   3.8899522e+02   2.0000000e+00
  -1.4989966e+02  -5.0850777e+01   2.0000000e+00
  -6.7259453e+01   3.4826787e+02   2.0000000e+00
   3.2089983e+02  -8.6958441e+01   2.0000000e+00
  -2.0460504e+02  -7.0781365e+01   2.0000000e+00
  -2.1582127e+02  -2.0380027e+02   1.0000000e+00
  -4.5697940e+01  -8.1763010e+01   2.0000000e+00
  -3.8362715e+02   3.7958049e+02   1.0000000e+00
   3.2121738e+02  -3.3128079e+02   2.0000000e+00
  -3.2745451e+02   9.7112507e+01   2.0000000e+00
  -8.4987750e+00  -2.5776414e+02   2.0000000e+00
  -1.0429854e+02   2.7333253e+02   2.0000000e+00
   2.5154533e+02   2.8669758e+02   2.0000000e+00
   4.1074741e+02  -2.6583371e+02   2.0000000e+00
   3.8051820e+02  -3.2988072e+02   2.0000000e+00
   3.3269347e+02   1.7092816e+02   2.0000000e+00
   8.6855520e+01  -8.5048288e+01   2.0000000e+00
   3.0361238e+02   4.1957863e+02   1.0000000e+00
  -4.1797806e+02   2.5550398e+02   2.0000000e+00
  -8.3205299e+01   1.0461013e+02   2.0000000e+00
  -1.1975120e+02   1.9990472e+02   2.0000000e+00
  -8.7199743e+01   1.8303965e+02   2.0000000e+00
  -7.9150626e+01   1.6094259e+02   2.0000000e+00
  -1.6057590e+02   5.6801061e+01   2.0000000e+00
   4.0472513e+02  -3.4695447e+02   2.0000000e+00
  -3.1336852e+02   3.1756889e+02   1.0000000e+00
  -3.3918963e+02   4.3564652e+01   2.0000000e+00
  -2.7573167e+02   2.3522232e+02   2.0000000e+00
   5.2602742e+01  -4.0672654e+02   2.0000000e+00
   3.2682251e+01  -2.7051367e+02   2.0000000e+00
  -1.7878531e+02   2.6908111e+02   2.0000000e+00
  -2.4677573e+02   3.8204197e+02   2.0000000e+00
   1.6654168e+02   2.1618725e+02   1.0000000e+00
  -4.0586957e+02  -1.1154173e+02   2.0000000e+00
   3.6401746e+02  -1.3399068e+02   2.0000000e+00
   1.3111629e+02   4.3216235e+02   2.0000000e+00
   4.1413481e+02   9.3636030e+01   1.0000000e+00
   7.8723283e+01   3.8360283e+02   2.0000000e+00
  -1.0440282e+02   3.9121990e+02   2.0000000e+00
  -3.2611104e+02  -4.1143640e+02   2.0000000e+00
   6.7344780e+00  -2.6033706e+01   2.0000000e+00
   4.1603940e+02  -3.1881312e+02   2.0000000e+00
   1.4628406e+02   3.0976925e+02   2.0000000e+00
   3.6975803e+02   2.7306800e+02   2.0000000e+00
   3.7602060e+01  -3.1850053e+02   2.0000000e+00
  -3.6552659e+02   3.0801675e+02   2.0000000e+00
  -1.3701468e+02   7.6248109e+01   2.0000000e+00
  -3.0626189e+02   3.5264354e+02   1.0000000e+00
   8.8283810e+01   1.1590652e+02   2.0000000e+00
  -3.6292674e+02   1.7148824e+02   2.0000000e+00
  -1.2954201e+02   4.1607658e+02   2.0000000e+00
   1.3978480e+02  -3.8774023e+02   2.0000000e+00
   2.7484711e+02  -1.1251209e+02   2.0000000e+00
  -3.6803589e+02   2.2718527e+02   2.0000000e+00
   1.3101882e+02   3.4630054e+02   2.0000000e+00
   2.0854594e+02  -1.8473808e+02   2.0000000e+00
  -2.5295184e+01   2.2322249e+02   2.0000000e+00
   1.3655525e+01  -1.2324763e+02   2.0000000e+00
  -3.1205414e+02   4.0646446e+02   1.0000000e+00
   3.4637019e+02   7.4847358e+00   2.0000000e+00
  -2.7491461e+02  -1.0437413e+02   2.0000000e+00
  -3.4315341e+02  -5.7032825e+01   2.0000000e+00
   4.2246734e+02  -2.3422829e+00   1.0000000e+00
  -1.3582141e+02   1.4236405e+02   2.0000000e+00
   1.1680017e+02   2.6344893e+02   2.0000000e+00
  -3.5125062e+02  -3.8194257e+02   2.0000000e+00
   2.0512906e+02   2.4986270e+02   2.0000000e+00
   2.8112706e+02   3.0112309e+02   2.0000000e+00
   3.7416271e+02  -2.9379566e+02   2.0000000e+00
  -8.7622106e+01  -2.4564584e+02   2.0000000e+00
   1.1863112e+02  -1.6939487e+02   2.0000000e+00
   4.3370144e+02  -1.1323203e+02   2.0000000e+00
   9.1845072e+01   3.2526654e+02   2.0000000e+00
   3.4194690e+02  -2.5442371e+02   2.0000000e+00
  -1.8072095e+02  -2.5063753e+02   2.0000000e+00
   3.9200870e+02   2.0969880e+02   2.0000000e+00
  -3.5328751e+02   3.0452086e+02   2.0000000e+00
  -4.7333921e+01  -9.3017646e+01   2.0000000e+00
   8.9545904e+01  -1.0348774e+02   2.0000000e+00
  -2.9057969e+02   1.2724202e+02   2.0000000e+00
   1.3598673e+02  -3.7440519e+02   2.0000000e+00
   2.1228792e+02   2.9450016e+02   1.0000000e+00
  -2.4162913e+02   5.7495972e+01   2.0000000e+00
   2.8485130e+02  -3.1702312e+02   2.0000000e+00
   3.7279953e+01   3.8800469e+02   2.0000000e+00
  -9.8288420e+01  -4.9405046e+01   2.0000000e+00
   2.7485172e+02  -3.8165476e+02   2.0000000e+00
  -4.4005615e+01  -1.3876353e+02   1.0000000e+00
  -2.9673792e+02   3.4138411e+02   1.0000000e+00
   1.8700308e+02   1.5250245e+02   2.0000000e+00
  -2.4342262e+02   4.2492566e+02   1.9000000e+00
   1.0465998e+02  -4.2695251e+02   2.0000000e+00
   8.8163042e+00  -1.1536704e+02   2.0000000e+00
  -9.0277824e+01   4.0414214e+02   2.0000000e+00
  -1.5565934e+02   1.5506468e+02   2.0000000e+00
   1.6940717e+02  -3.0523345e+01   1.0000000e+00
  -2.8197336e+02  -8.1411524e+01   2.0000000e+00
   2.8851995e+02  -2.0067921e+02   2.0000000e+00
   2.2813669e+02   2.6411092e+01   2.0000000e+00
  -3.3434656e+02  -3.8695083e+02   1.0000000e+00
  -2.5065411e+02  -3.4957033e+02   2.0000000e+00
   1.1721702e+02   3.7159504e+01   2.0000000e+00
   1.6394142e+02   4.2515761e+02   2.0000000e+00
   9.9823819e+01  -1.7327539e+02   2.0000000e+00
   2.6579795e+02   4.2517679e+02   2.0000000e+00
   3.3783777e+02  -2.7736342e+02   2.0000000e+00
  -4.1623732e+02  -4.1400399e+01   2.0000000e+00
   3.9357059e+02  -1.9860939e+02   2.0000000e+00
   8.2008650e+01   6.2289459e+01   2.0000000e+00
   1.3106885e+01  -2.8626535e+01   2.0000000e+00
  -7.8730153e+01   1.7089133e+02   2.0000000e+00
   3.8618713e+02   2.8036201e+02   2.0000000e+00
   1.1386569e+02  -3.1681909e+02   2.0000000e+00
   1.2283832e+01  -2.6627060e+02   2.0000000e+00
   4.5510573e+01   2.0704857e+01   2.0000000e+00
   1.0563674e+02  -1.9893536e+02   2.0000000e+00
   2.2305426e+02   1.9757213e+02   2.0000000e+00
  -2.6626686e+02  -9.0151211e+01   2.0000000e+00
  -3.6346885e+02   3.6822911e+02   2.0000000e+00
  -1.5465248e+02  -3.2228306e+01   2.0000000e+00
   1.7820873e+02  -3.8311985e+02   2.0000000e+00
   3.6775371e+02  -1.5220016e+02   2.0000000e+00
   1.7258956e+02  -4.0273406e+02   2.0000000e+00
  -2.9839729e+02   4.0062339e+01   2.0000000e+00
  -1.7032699e+02   1.1410897e+02   2.0000000e+00
  -1.8782279e+02   2.4126804e+02   2.0000000e+00
   3.7958186e+02   3.3999917e+02   2.0000000e+00
   3.2588997e+02  -3.5808179e+02   2.0000000e+00
  -4.2953226e+02   4.0264874e+00   2.0000000e+00
   2.5039913e+02   3.0212441e+02   2.0000000e+00
   3.5429467e+02   3.3795344e+02   2.0000000e+00
   4.1322766e+02  -7.6775556e+01   2.0000000e+00
  -1.1847540e+02   2.6220776e+02   2.0000000e+00
   2.1763486e+02   1.1065134e+02   2.0000000e+00
   1.3974274e+02   7.7164151e+01   2.0000000e+00
  -2.4952866e+02  -1.7301472e+02   2.0000000e+00
   1.7053854e+02   4.2059272e+02   2.0000000e+00
   6.9784997e+01   1.2689435e+00   2.0000000e+00
   3.3887111e+02   2.3604025e+02   2.0000000e+00
   7.9085344e+01   2.5384546e+02   2.0000000e+00
  -8.4219091e+01  -1.6246699e+02   2.0000000e+00
  -3.8846442e+02  -1.1369789e+02   2.0000000e+00
  -6.2306236e+01  -3.3869077e+02   2.0000000e+00
  -1.2049668e+02   9.4101287e+01   1.0000000e+00
  -6.2889077e+01  -4.0955109e+02   2.0000000e+00
  -2.6793712e+02   3.7921265e+02   2.0000000e+00
   2.7342303e+02  -2.3745244e+02   2.0000000e+00
   3.7663756e+02  -1.0611812e+02   2.0000000e+00
   3.9624459e+02  -3.6653785e+02   2.0000000e+00
   3.8321582e+02   3.9187585e+02   1.0000000e+00
  -4.4913760e+01   3.0018073e+02   2.0000000e+00
   4.9339428e+01  -4.1971127e+01   2.0000000e+00
  -4.0218277e+02  -4.0572007e+02   2.0000000e+00
   6.7579879e+01  -5.4336180e+01   2.0000000e+00
  -9.8139685e+01  -2.9479748e+02   2.0000000e+00
   6.8870084e+01  -1.7060280e+02   2.0000000e+00
   2.4361984e+02   3.3134008e+01   2.0000000e+00
  -2.2026815e+02  -9.1477116e+01   1.0000000e+00
  -7.4225493e+01  -3.6988433e+01   2.0000000e+00
  -1.8626791e+01  -1.9142259e+02   2.0000000e+00
   4.7577488e+01   1.0971095e+02   2.0000000e+00
  -3.4225093e+02  -1.9915836e+02   1.0000000e+00
   1.9500370e+02  -1.4370842e+02   2.0000000e+00
   1.0527959e+02   6.6065716e+01   2.0000000e+00
   3.0785437e+02   1.1264408e+02   2.0000000e+00
   5.7799608e+01  -9.0703319e+01   2.0000000e+00
   1.6544915e+02  -1.9768612e+02   2.0000000e+00
  -1.2080152e+02   3.7245377e+02   2.0000000e+00
   2.4967926e+02   2.7985239e+01   2.0000000e+00
  -3.4050532e+02  -3.9777183e+02   2.0000000e+00
   7.3105216e+01   2.6396088e+02   2.0000000e+00
  -4.1072950e+02  -2.6798232e+02   2.0000000e+00
   3.1049793e+02   1.9384337e+02   2.0000000e+00
  -9.9294617e+01   3.4035523e+02   2.0000000e+00
  -2.2365388e+02  -1.7660087e+02   2.0000000e+00
   2.2678652e+02   2.0142382e+02   2.0000000e+00
   8.9603923e+00  -2.7967354e+02   2.0000000e+00
   3.8229622e+02  -1.5170220e+02   2.0000000e+00
   1.1068747e+02  -2.3417226e+02   2.0000000e+00
  -4.2300095e+02   2.7072868e+02   2.0000000e+00
   1.5242795e+02  -2.3187206e+02   2.0000000e+00
  -2.8167115e+02   2.6518780e+02   2.0000000e+00
  -7.6581663e+01  -1.4416794e+02   1.0000000e+00
  -2.7567205e+02   1.0589971e+02   2.0000000e+00
   2.0759758e+01  -1.5009227e+02   2.0000000e+00
   2.5031147e+02   2.0214768e+02   2.0000000e+00
   3.6321129e+01  -7.7479545e+01   2.0000000e+00
  -1.7700038e+02   2.5773705e+02   2.0000000e+00
  -2.2785582e+02  -2.0279675e+02   1.0000000e+00
   2.8985303e+01  -2.8250856e+02   2.0000000e+00
   3.8568009e+02   3.4802594e+02   2.0000000e+00
   4.2459622e+02   1.1075338e+01   2.0000000e+00
   1.7792879e+02  -1.2627756e+02   2.0000000e+00
   2.1530227e+02   1.3275341e+02   2.0000000e+00
  -3.6895704e+02  -1.3353424e+02   2.0000000e+00
   3.0771861e+02  -4.0326197e+02   2.0000000e+00
  -2.9647179e+02  -1.5949641e+02   2.0000000e+00
  -2.3620737e+02  -3.8234131e+02   2.0000000e+00
   3.9847382e+02  -3.1647142e+02   2.0000000e+00
   4.1375388e+02  -3.4280608e+02   2.0000000e+00
   2.1559931e+02   2.9167739e+01   2.0000000e+00
  -3.9414713e+02  -2.1489808e+02   1.0000000e+00
  -2.9962107e+02   1.3118283e+02   2.0000000e+00
  -1.4899567e+02  -3.4490197e+02   2.0000000e+00
   1.8801969e+02   3.5640731e+02   2.0000000e+00
   2.0752009e+02  -1.0875600e+02   2.0000000e+00
   3.6418902e+02  -1.6116618e+02   2.0000000e+00
   1.6742383e+02   2.7249804e+02   2.0000000e+00
   2.2541098e+02  -1.2489485e+02   2.0000000e+00
  -4.0017792e+01  -8.1186040e+01   2.0000000e+00
  -3.9345709e+02  -1.5195670e+02   1.0000000e+00
   1.0640569e+02  -4.0678214e+02   2.0000000e+00
  -2.0411853e+02   3.6456921e+02   1.9000000e+00
   2.9644077e+02   3.0217419e+02   2.0000000e+00
   3.7406534e+02   6.8302768e+01   2.0000000e+00
  -8.9135399e+01  -3.3650526e+02   2.0000000e+00
   3.8191322e+02  -3.3588423e+02   2.0000000e+00
  -3.8351493e+02  -3.7991163e+02   2.0000000e+00
   2.7508603e+02  -9.6027936e+01   2.0000000e+00
   1.6628166e+02  -2.4674002e+01   1.0000000e+00
  -3.4296187e+02   4.9299058e+01   2.0000000e+00
   1.4740207e+02   3.3072436e+02   2.0000000e+00
  -3.7018247e+02  -7.0850581e+01   2.0000000e+00
  -3.8285828e+02   1.6986685e+02   2.0000000e+00
  -1.9361294e+02  -2.1918331e+02   2.0000000e+00
   1.8269704e+02   3.0433983e+02   2.0000000e+00
   2.2771129e+02  -2.8103509e+02   2.0000000e+00
  -1.4803127e+02   3.9939635e+02   2.0000000e+00
  -8.8731192e+01   2.4944698e+02   2.0000000e+00
  -5.3115571e+01  -3.0124774e+02   2.0000000e+00
  -2.8504917e+02  -3.0148375e+01   2.0000000e+00
   3.4522015e+01   8.0711057e+01   2.0000000e+00
   3.2856607e+02  -2.9846846e+02   2.0000000e+00
   3.8524265e+02   1.6258026e+02   1.0000000e+00
   4.1389440e+02  -2.0827335e+02   2.0000000e+00
  -7.7078438e+01   2.0819427e+02   2.0000000e+00
  -2.6574622e+02  -1.9932585e+02   2.0000000e+00
   4.1539204e+02   3.9266826e+02   1.0000000e+00
   4.4646707e+01   1.1199985e+02   2.0000000e+00
  -9.6615625e+01  -6.7594275e+01   2.0000000e+00
  -7.2587693e+01  -2.0830692e+02   2.0000000e+00
  -3.2044044e+02  -1.8654612e+02   1.0000000e+00
   1.8042318e+02  -1.5298869e+02   2.0000000e+00
   3.7043147e+02  -2.4394089e+02   1.0000000e+00
   3.7624877e+02   2.7128277e+01   2.0000000e+00
   6.2918619e+01  -1.7101493e+02   2.0000000e+00
   3.2975677e+02   3.1378587e+02   2.0000000e+00
  -2.7164087e+02  -3.4318063e+02   2.0000000e+00
  -4.0899845e+02  -1.2571590e+02   2.0000000e+00
   4.0822483e+02   9.6272016e+00   2.0000000e+00
  -3.7005359e+01  -3.8046134e+02   2.0000000e+00
   7.3291921e+01   3.3368602e+02   2.0000000e+00
   3.8009425e+02   2.6167499e+02   1.0000000e+00
   1.6408157e+02  -3.9653483e+02   2.0000000e+00
   9.5440897e-01   3.0544534e+02   2.0000000e+00
   2.9217936e+02   1.4316255e+02   2.0000000e+00
   2.9805078e+02   2.2945938e+02   2.0000000e+00
  -3.0554298e+02  -6.8703946e+01   2.0000000e+00
   4.0098266e+02  -3.3886485e+02   2.0000000e+00
   9.4281573e+01   1.4075558e+02   2.0000000e+00
   1.0081116e+02   3.2090795e+02   2.0000000e+00
   4.1604728e+02   9.2510173e+01   1.0000000e+00
  -3.3679434e+02   9.9631910e+01   2.0000000e+00
  -2.6706271e+02   3.3672154e+02   2.0000000e+00
  -3.5144094e+02   3.3804166e+02   2.0000000e+00
   1.9269343e+01   3.0313260e+02   2.0000000e+00
   3.4852609e+02  -1.6949886e+00   2.0000000e+00
  -3.0051256e+02  -3.7621640e+02   2.0000000e+00
   2.6599930e+02  -4.0809004e+02   2.0000000e+00
   4.2773898e+01   2.1367279e+02   2.0000000e+00
  -3.1401011e+02  -3.9809854e+01   2.0000000e+00
  -1.1153495e+02   4.3191670e+02   2.0000000e+00
   3.4157314e+02  -3.4230771e+02   2.0000000e+00
  -3.9491877e+02   1.9851251e+02   2.0000000e+00
   1.6436269e+02   7.7425492e+01   2.0000000e+00
  -4.0195548e+02  -4.0810156e+02   2.0000000e+00
   3.9543651e+02   1.4683478e+02   1.0000000e+00
  -5.2740681e+01   1.1501687e+01   2.0000000e+00
   4.0013839e+02   3.3707532e+02   1.0000000e+00
  -4.0739550e+02   3.5962061e+02   1.0000000e+00
   1.9331426e+02   2.5892513e+02   2.0000000e+00
  -7.5986607e+01  -3.9338636e+02   2.0000000e+00
   2.8206233e+02   2.8741711e+02   2.0000000e+00
  -8.2813105e+01  -1.1085094e+02   2.0000000e+00
   3.9942399e+01   7.6613119e+01   2.0000000e+00
   3.5303557e+02   2.3396369e+02   2.0000000e+00
   7.5204428e+01  -1.0881881e+02   2.0000000e+00
   2.0962551e+02   9.6141414e-01   2.0000000e+00
   1.0532548e+02   1.3758861e+02   2.0000000e+00
  -1.4502760e+02   3.4889200e+02   2.0000000e+00
  -8.3877660e+01   3.1020977e+02   2.0000000e+00
  -8.5772080e+01   2.3571621e+02   2.0000000e+00
  -6.1016979e+00   6.2836691e+01   1.0000000e+00
  -4.2207351e+02   2.2439039e+01   2.0000000e+00
   3.0407914e+02  -2.1934717e+02   2.0000000e+00
   4.2098927e+02  -2.4993199e+02   1.0000000e+00
   2.6829980e+02  -4.1115515e+02   2.0000000e+00
  -3.7957671e+01   3.7131456e+02   1.3000000e+00
  -3.4743913e+02  -3.9051909e+02   2.0000000e+00
  -7.7125942e+01  -2.1598869e+02   2.0000000e+00
   1.5072349e+02   1.3181338e+02   2.0000000e+00
  -2.9793172e+02  -1.6923941e+02   2.0000000e+00
  -9.6108813e+00  -3.9929515e+02   1.0000000e+00
  -4.2531800e+02  -1.2446405e+01   2.0000000e+00
  -3.2470540e+02   3.8817199e+02   1.0000000e+00
  -1.1140812e+02  -2.5129860e+02   2.0000000e+00
  -3.6303360e+02   7.2483444e+00   2.0000000e+00
   3.8086799e+02  -2.7273639e+02   2.0000000e+00
  -2.3003541e+02  -2.6565296e+02   2.0000000e+00
  -9.2256858e+01   2.5935952e+02   2.0000000e+00
   2.9303636e+02  -2.7971503e+02   2.0000000e+00
   2.6206511e+02   3.2205664e+02   2.0000000e+00
   1.3947084e+02  -4.1503055e+02   2.0000000e+00
   1.8320278e+01  -3.4280629e+02   2.0000000e+00
  -3.3003089e+02  -2.6141997e+02   2.0000000e+00
  -1.0554786e+01  -7.7485183e+01   2.0000000e+00
  -3.1471074e+02   1.6614809e+02   2.0000000e+00
  -2.7083667e+02   2.8393674e+02   1.2000000e+00
  -1.5150052e+02  -4.2920152e+02   2.0000000e+00
  -1.0765189e+02  -1.0422872e+01   2.0000000e+00
  -3.5906622e+02  -6.0655802e+01   2.0000000e+00
   1.0646869e+02   3.4191296e+02   2.0000000e+00
  -1.7412229e+02  -2.2399152e+02   2.0000000e+00
  -3.2711747e+02  -4.1994778e+02   2.0000000e+00
   2.1108435e+02   1.4427662e+02   2.0000000e+00
  -3.3411504e+02   3.7474469e+02   1.0000000e+00
   3.8980581e+02  -2.4044082e+02   1.0000000e+00
  -2.8763651e+02   2.4406104e+02   2.0000000e+00
  -3.7598830e+02  -3.4509787e+02   2.0000000e+00
  -9.5462375e+01   3.0688196e+02   2.0000000e+00
  -3.6309203e+02  -8.1610494e+01   2.0000000e+00
  -3.0350161e+02   3.4139673e+02   1.0000000e+00
   2.3704843e+01   2.8410431e+01   2.0000000e+00
   9.5005107e+01  -6.2751136e+01   2.0000000e+00
  -2.4653258e+02   3.8704216e+02   2.0000000e+00
  -1.2390536e+02  -2.7991836e+02   2.0000000e+00
   3.4580399e+02  -4.1319778e+02   2.0000000e+00
  -2.0487418e+02  -6.9268706e+01   2.0000000e+00
  -3.7402434e+02  -1.3965029e+02   2.0000000e+00
   2.0424996e+02  -4.4287612e+02   2.0000000e+00
  -1.5532247e+02  -1.3903828e+02   2.0000000e+00
  -5.0752106e+01   1.7942048e+01   2.0000000e+00
   4.0736934e+01   3.4097574e+02   1.0000000e+00
   1.6835873e+02   3.8204699e+02   2.0000000e+00
  -3.9898051e+02   1.3796562e+02   1.0000000e+00
  -1.7291809e+02   8.7669044e+01   2.0000000e+00
   3.5321856e+02   7.0844849e+00   2.0000000e+00
  -3.2411248e+02  -3.1559056e+01   2.0000000e+00
  -3.6275518e+02   3.4589904e+02   2.0000000e+00
  -1.6089326e+02   3.8605559e+02   2.0000000e+00
   1.6532265e+02   3.7914788e+02   2.0000000e+00
   3.1522530e+02   1.7521742e+02   2.0000000e+00
  -1.2963464e+02  -1.7916766e+02   2.0000000e+00
   3.5826608e+02  -2.4447602e+02   2.0000000e+00
  -1.1303473e+02  -1.7799574e+02   2.0000000e+00
  -7.1098411e+01  -1.5680421e+02   1.0000000e+00
   3.2009669e+02  -2.6913063e+01   2.0000000e+00
   3.0295762e+02   1.1348349e+02   2.0000000e+00
   3.8757106e+02   2.7629220e+02   2.0000000e+00
   3.4692921e+02   2.9527306e+02   2.0000000e+00
  -2.0465435e+02   3.4579677e+02   1.8000000e+00
   3.5877744e+01  -1.0786435e+02   2.0000000e+00
  -2.9066062e+02  -3.8977537e+02   2.0000000e+00
  -2.2857821e+02  -3.4084497e+02   2.0000000e+00
   4.1818043e+02  -3.2492375e+02   2.0000000e+00
   1.5532417e+02  -3.9546048e+02   2.0000000e+00
   6.0089307e+01  -2.3922966e+02   2.0000000e+00
  -2.7509281e+01   7.7611499e+01   1.0000000e+00
  -3.8321889e+02   4.0361738e+02   1.0000000e+00
  -3.6096052e+02  -2.9985113e+02   2.0000000e+00
  -1.0993536e+02   4.1497960e+02   2.0000000e+00
  -2.5081201e+02   4.1828337e+02   1.9000000e+00
   1.8385125e+02  -1.3718623e+01   2.0000000e+00
   3.5745256e+02   2.9136973e+02   2.0000000e+00
   7.2207279e+01  -2.4287939e+02   2.0000000e+00
  -1.5720330e+02  -3.8512284e+02   2.0000000e+00
  -1.0269875e+02  -1.7619665e+02   2.0000000e+00
   3.6549068e+02  -1.1555317e+02   2.0000000e+00
  -8.8005140e+01  -3.9117662e+02   2.0000000e+00
   1.2813418e+02   3.8265977e+02   2.0000000e+00
   3.0393634e+02   1.7127525e+02   2.0000000e+00
  -3.3674836e+02  -1.9457971e+02   1.0000000e+00
   1.8529857e+02   3.1012149e+02   2.0000000e+00
   3.6904180e+02  -5.3813124e+01   2.0000000e+00
   3.1015399e+02   2.7681681e+02   2.0000000e+00
  -2.6535421e+02   2.3996968e+02   2.0000000e+00
   1.6570145e+02   3.8271087e+02   2.0000000e+00
   5.9466532e+01   3.9978230e+02   2.0000000e+00
  -2.5967376e+02  -3.4678208e+02   2.0000000e+00
   4.1845009e+02  -2.5968129e+01   1.0000000e+00
   2.0772669e+02   2.5102910e+02   2.0000000e+00
  -3.3924478e+02   1.6991827e+01   2.0000000e+00
  -4.1682685e+02   1.5990186e+02   1.0000000e+00
  -3.6105393e+02  -2.6263748e+02   2.0000000e+00
   2.5819359e+02  -2.3159635e+02   2.0000000e+00
   1.0555211e+02  -5.1230592e+01   2.0000000e+00
  -1.4330079e+02  -8.6956223e+00   2.0000000e+00
  -1.2627379e+02  -1.7149112e+02   2.0000000e+00
  -2.3319141e+02   3.2719303e+02   2.0000000e+00
  -1.2321215e+02  -2.3058151e+02   2.0000000e+00
  -3.1637704e+02  -2.8501776e+02   2.0000000e+00
  -4.0428041e+02   2.0143711e+02   1.0000000e+00
   2.9835862e+02   2.6733894e+02   2.0000000e+00
  -3.0566439e+02  -2.5378512e+02   2.0000000e+00
  -3.8519534e+02   1.6230834e+02   2.0000000e+00
   2.9846085e+01  -1.7268745e+02   2.0000000e+00
  -3.6535091e+01  -9.1720355e+01   2.0000000e+00
   3.5400241e+01  -6.9792000e+01   2.0000000e+00
  -2.3999537e+02   4.0494279e+02   1.8000000e+00
  -1.8492810e+02  -8.5516463e+01   2.0000000e+00
  -4.2077760e+02  -4.0147105e+02   2.0000000e+00
   2.4993608e+02  -2.2383571e+02   2.0000000e+00
   2.5203353e+01   1.2669932e+02   2.0000000e+00
  -9.0869740e+01   2.1076962e+02   2.0000000e+00
  -6.0843572e+01  -2.8951061e+02   2.0000000e+00
   2.3236611e+02   3.3112833e+02   1.0000000e+00
  -1.5084569e+02  -1.3706679e+01   2.0000000e+00
   1.9953354e+02  -3.2555953e+02   2.0000000e+00
   2.1842508e-01   2.6464292e+02   2.0000000e+00
   4.0186528e+02  -2.0370077e+02   2.0000000e+00
  -3.6120908e+02  -3.9345894e+02   2.0000000e+00
   2.7851905e+02  -2.3575215e+02   2.0000000e+00
  -6.3689234e+01   2.5002878e+02   2.0000000e+00
   4.3488899e+02  -7.5502806e+01   2.0000000e+00
   3.8391684e+02  -3.9329140e+02   2.0000000e+00
  -3.6906143e+02  -3.4990984e+02   2.0000000e+00
  -8.2837891e+01   8.8079545e+01   2.0000000e+00
   3.9493788e+02  -1.6385300e+02   2.0000000e+00
  -1.9996579e+02   2.0969524e+02   2.0000000e+00
   8.8512985e+01   1.3105024e+02   2.0000000e+00
   4.2316590e+02   3.4358049e+01   1.0000000e+00
  -3.9794066e+02   3.3262807e+02   1.0000000e+00
  -8.6161346e+01   1.4752901e+02   2.0000000e+00
  -2.5085361e+02   4.3738329e+01   2.0000000e+00
  -1.1770229e+02  -1.1662510e+00   2.0000000e+00
  -3.4134015e+02  -7.9147476e+01   2.0000000e+00
  -2.7623278e+02  -3.6972896e+02   2.0000000e+00
   3.7010849e+02   3.6850787e+02   1.0000000e+00
  -3.5387543e+02   5.0186182e+01   2.0000000e+00
   2.7481369e+01  -7.3502960e+01   2.0000000e+00
   3.4876618e+02  -1.2141200e+02   2.0000000e+00
   2.1832008e+02  -1.0978232e+02   2.0000000e+00
  -3.2543160e+02   2.7829093e+02   2.0000000e+00
  -2.4321972e+02  -2.8357321e+01   2.0000000e+00
  -3.9184116e+02  -2.2462714e+02   1.0000000e+00
   3.7389448e+02  -3.5497489e+01   2.0000000e+00
   1.7687426e+02  -2.7883649e+02   1.0000000e+00
   8.8506673e+01  -2.2672228e+02   2.0000000e+00
  -3.3493027e+02  -2.7676055e+02   2.0000000e+00
   2.9745264e+02   1.9922550e+02   2.0000000e+00
  -3.7265348e+02   4.0820205e+02   1.0000000e+00
  -4.2626546e+02  -9.9405120e+01   2.0000000e+00
  -1.7818966e+02   2.6037356e+02   2.0000000e+00
  -2.8578961e+02  -2.3001950e+01   2.0000000e+00
  -3.6150719e+02   8.6689001e+01   2.0000000e+00
   3.5125764e+02   9.9760139e+01   2.0000000e+00
   3.0914694e+02   1.9040612e+02   2.0000000e+00
   3.7648603e+02  -1.0973720e+02   2.0000000e+00
  -3.4888789e+02   8.3128728e+01   2.0000000e+00
  -4.1979450e+02  -1.0359755e+02   2.0000000e+00
  -1.1446347e+02   4.3930356e+01   2.0000000e+00
  -3.8005628e+02   4.0583108e+02   1.0000000e+00
   1.1064936e+02  -4.1449135e+01   2.0000000e+00
  -2.8060461e+00  -2.4711154e+02   2.0000000e+00
  -1.9097867e+01   3.5873689e+02   2.0000000e+00
  -2.2065086e+02   2.0345344e+02   2.0000000e+00
  -1.2064143e+02  -3.9864704e+02   2.0000000e+00
  -1.4529081e+02  -1.9591468e+02   2.0000000e+00
  -2.6185261e+02  -3.0027828e+02   2.0000000e+00
   2.9685576e+02   2.3890649e+02   2.0000000e+00
   1.3911665e+02  -3.1370742e+02   2.0000000e+00
   3.9403632e+02   2.1397275e+02   2.0000000e+00
   5.6166859e+01  -3.2638660e+02   2.0000000e+00
   2.6413290e+02   3.1228983e+01   2.0000000e+00
  -6.9033244e-02  -7.1134937e+01   2.0000000e+00
   4.3544145e+02  -1.4600910e+02   2.0000000e+00
  -1.3717984e+02  -3.5645191e+01   2.0000000e+00
   3.8114222e+02   2.9913243e+02   2.0000000e+00
  -2.2187865e+02   1.6798326e+02   2.0000000e+00
  -1.9603988e+00   1.6917289e+02   2.0000000e+00
  -2.5243736e+02  -9.6620456e+01   2.0000000e+00
   3.3451827e+02   7.5437615e+00   2.0000000e+00
   3.4208745e+02   1.8327291e+02   2.0000000e+00
   3.0989220e+02  -2.1662844e+02   2.0000000e+00
  -1.4180227e+01   1.7072907e+02   2.0000000e+00
  -2.3098274e+02   4.0364722e+02   1.8000000e+00
  -9.7931136e+01   1.9028862e+00   2.0000000e+00
  -3.4381370e+02   1.1834797e+02   1.0000000e+00
  -2.3792719e+02  -4.0556797e+02   2.0000000e+00
   1.4560761e+02   4.3401829e+02   2.0000000e+00
  -2.4723127e+02  -1.6908237e+02   2.0000000e+00
   3.8028808e+02  -1.9570975e+02   2.0000000e+00
  -8.2592997e+01  -3.4403365e+02   2.0000000e+00
   3.0337396e+02  -2.4981271e+02   2.0000000e+00
  -3.7478669e+02   9.9151172e+01   2.0000000e+00
   3.0251408e+02  -3.0917732e+02   2.0000000e+00
   1.2553680e+02  -2.6152485e+02   2.0000000e+00
  -9.0554569e+01  -2.4763102e+02   2.0000000e+00
   2.3833726e+02   1.0153700e+02   2.0000000e+00
   7.2930636e+01  -9.9963199e+01   2.0000000e+00
  -7.1011796e+01   8.9194587e+01   2.0000000e+00
   2.7368262e+02   3.2749735e+02   2.0000000e+00
   1.1481452e+02  -4.1859798e+02   2.0000000e+00
   2.6629140e+02   4.1789313e+02   2.0000000e+00
  -1.9025474e+02   4.4578868e+02   2.0000000e+00
  -8.7456840e+01   5.2647677e+01   2.0000000e+00
  -2.2951958e+02   5.0842179e+01   2.0000000e+00
  -3.5352307e+02  -3.8678444e+02   2.0000000e+00
  -3.6420215e+02  -6.4278913e+01   2.0000000e+00
   3.7549317e+02  -6.9777286e+01   2.0000000e+00
  -1.1286246e+02   2.2118538e+02   2.0000000e+00
  -8.5768922e+01  -2.2699611e+02   2.0000000e+00
  -1.5931367e+02  -2.1883095e+02   2.0000000e+00
   2.9147462e+02   3.2451696e+02   2.0000000e+00
  -2.7661156e+02   2.8748077e+02   2.0000000e+00
  -4.0272246e+02   1.6504928e+02   1.0000000e+00
   1.3905030e+02  -4.2693229e+02   2.0000000e+00
  -1.3088835e+02  -3.1544725e+02   2.0000000e+00
   1.0623855e+01   1.3251881e+02   2.0000000e+00
  -2.8476004e+02  -3.5525882e+02   2.0000000e+00
   3.2720566e+02   1.6690904e+01   2.0000000e+00
   3.2257213e+02   2.0796889e+02   2.0000000e+00
   2.3246005e+02  -3.0699500e+02   2.0000000e+00
   1.9361255e+02  -1.3081060e+01   2.0000000e+00
   2.3144588e+02   2.9094187e+02   2.0000000e+00
  -2.0329547e+02  -1.4436809e+02   2.0000000e+00
  -2.8042494e+01   3.9392748e+02   1.0000000e+00
   2.5964557e+02   2.8359871e+02   2.0000000e+00
   3.0797156e+02   3.1808785e+02   2.0000000e+00
  -4.0112118e+02   2.7379050e+02   2.0000000e+00
  -2.2843059e+02  -2.9140866e+02   2.0000000e+00
   4.7722954e+01  -2.9464958e+02   2.0000000e+00
   2.1710284e+02  -1.0052139e+02   2.0000000e+00
  -2.9165087e+02   5.0215226e+01   2.0000000e+00
  -4.0657090e+02   3.3656305e+02   1.0000000e+00
   2.2651458e+02  -1.7692894e+02   2.0000000e+00
  -2.5683625e+01   3.2835487e+02   2.0000000e+00
  -2.0115308e+02  -2.3339581e+02   2.0000000e+00
   2.6102247e+02   1.1157796e+02   2.0000000e+00
  -3.8101296e+02  -2.6007403e+02   2.0000000e+00
  -1.2700776e+02   4.0417936e+02   2.0000000e+00
   2.7323420e+02   2.2167409e+02   2.0000000e+00
  -2.2900209e+02  -3.9286489e+02   2.0000000e+00
   1.1759876e+02  -2.3946745e+02   2.0000000e+00
  -2.3867029e+02  -4.0756033e+02   2.0000000e+00
   2.4716119e+02  -1.5645108e+02   2.0000000e+00
  -1.4092508e+02  -3.6812231e+02   2.0000000e+00
   3.9981382e+02   6.6106153e+01   2.0000000e+00
   1.0976288e+02   3.4130991e+02   2.0000000e+00
   9.8963480e+01  -2.0048904e+02   2.0000000e+00
  -5.2773808e+01  -3.1577011e+01   2.0000000e+00
   3.5844826e+02  -1.3261342e+02   2.0000000e+00
   2.2173477e+02   9.8739214e+01   2.0000000e+00
  -3.4071291e+02  -1.9385960e+02   1.0000000e+00
  -3.0952988e+02   3.7585068e+02   1.0000000e+00
  -3.5657445e+02   1.1151659e+02   2.0000000e+00
  -2.8938794e+02  -4.9517785e+01   2.0000000e+00
  -3.8047359e+02   4.1305789e+02   1.0000000e+00
  -2.4550560e+02  -2.3948314e+02   2.0000000e+00
   2.2587400e+02   1.2388758e+01   2.0000000e+00
  -1.2574562e+02   8.7731342e+01   2.0000000e+00
  -1.4706172e+02   7.9562807e+01   2.0000000e+00
   2.8914259e+02   2.2176344e+02   2.0000000e+00
   3.9390620e+02   3.2413735e+02   2.0000000e+00
  -4.0009536e+02   1.6752815e+02   1.0000000e+00
  -3.3116574e+02   1.9360559e+02   2.0000000e+00
   4.2245294e+02  -2.9562587e+02   2.0000000e+00
   3.2390452e+02  -3.2842672e+01   2.0000000e+00
  -3.6141583e+02   3.0025313e+02   2.0000000e+00
  -3.7703222e+02  -3.1575371e+02   2.0000000e+00
  -2.5880773e+02   5.4114995e+01   2.0000000e+00
   3.1601636e+02  -2.7536726e+02   2.0000000e+00
   3.3234144e+02   3.3086422e+02   2.0000000e+00
   2.3762810e+02  -3.6863882e+02   2.0000000e+00
  -1.2603796e+02   9.7749620e+01   1.0000000e+00
  -1.8895558e+02   3.2958314e+02   2.0000000e+00
  -3.6606179e+02  -3.2755546e+02   2.0000000e+00
  -2.4782062e+02  -3.5220575e+02   2.0000000e+00
   7.5317892e+01   2.9343338e+02   2.0000000e+00
  -7.1735438e+01  -2.3142067e+01   2.0000000e+00
  -1.2502854e+02   1.9666161e+02   2.0000000e+00
  -1.2371443e+02   4.2096822e+02   2.0000000e+00
  -1.0422511e+02   9.8431079e+01   2.0000000e+00
  -2.2592896e+02  -3.3946027e+02   2.0000000e+00
   2.1279691e+02  -1.0751433e+02   2.0000000e+00
  -3.4702450e+02  -3.0623693e+02   2.0000000e+00
  -2.7529659e+02  -4.0862384e+02   2.0000000e+00
   3.9446407e+02   3.7710718e+02   1.0000000e+00
  -1.7464512e+02   2.7296640e+02   2.0000000e+00
  -9.0397413e+01  -2.7483692e+02   2.0000000e+00
   1.9213905e+02   3.5005567e+02   2.0000000e+00
  -3.7864538e+02  -7.6378380e+01   2.0000000e+00
  -3.6205970e+02   3.4679064e+02   2.0000000e+00
  -3.1081354e+02   1.6370855e+02   2.0000000e+00
   1.2530733e+02   2.7871903e+01   2.0000000e+00
  -3.3699759e+01  -8.6151378e+01   2.0000000e+00
   3.4333612e+02   3.9241644e+02   1.0000000e+00
  -1.6314257e+02  -3.8149943e+01   2.0000000e+00
   6.8794325e+01   1.0297873e+02   2.0000000e+00
  -1.5337783e+02  -5.0733005e+01   2.0000000e+00
  -2.2899319e+02  -1.5994911e+01   2.0000000e+00
  -2.5454048e+02  -2.3816907e+02   2.0000000e+00
  -2.6743736e+02  -2.0538515e+02   2.0000000e+00
   1.0847577e+02   4.2008281e+01   2.0000000e+00
  -3.6656593e+02  -3.8685697e+02   2.0000000e+00
   3.7940460e+02  -4.1349945e+02   2.0000000e+00
  -2.2258099e+02  -1.4944158e+02   2.0000000e+00
   3.2741053e+02  -1.4372961e+02   2.0000000e+00
   3.9440086e+02  -3.6929413e+02   2.0000000e+00
   3.7555284e+02   4.0857204e+01   2.0000000e+00
   9.1347861e+01   1.3661298e+02   2.0000000e+00
   2.6674852e+02  -4.1879148e+02   2.0000000e+00
   1.0447694e+02   1.0620116e+02   2.0000000e+00
  -2.7440116e+02  -2.5525887e+02   2.0000000e+00
   3.0296303e+01  -3.3200676e+02   2.0000000e+00
  -1.5893008e+02   4.0389195e+02   2.0000000e+00
  -1.4176773e+02   3.4038627e+02   2.0000000e+00
   1.0422230e+02   4.1351621e+02   2.0000000e+00
   1.0446531e+02   4.1984159e+02   2.0000000e+00
  -3.6171757e+02  -2.5041650e+02   2.0000000e+00
   5.5463030e+01   3.3592523e+02   2.0000000e+00
  -3.8031021e+02   2.6470687e+02   2.0000000e+00
   3.1168136e+02   6.9305785e+01   2.0000000e+00
  -2.5550487e+02  -1.9343226e+02   2.0000000e+00
   4.2861361e+02  -7.5847896e+01   2.0000000e+00
  -3.5527695e+02  -1.1666189e+02   2.0000000e+00
   2.8016717e+02   4.0914682e+02   2.0000000e+00
  -3.2971289e+02  -2.4866800e+02   2.0000000e+00
  -2.8512803e+02  -2.8934715e+02   2.0000000e+00
   1.6271673e+02  -3.5575179e+02   2.0000000e+00
   8.1616064e+01   3.3866901e+02   2.0000000e+00
   4.2279861e+02   1.1028064e+02   2.0000000e+00
  -1.3829237e+02   2.7758373e+01   2.0000000e+00
   2.1775692e+00  -6.0790039e+01   2.0000000e+00
  -2.2164662e+02   1.1969081e+02   2.0000000e+00
  -1.0190113e+02  -4.4347427e+01   2.0000000e+00
  -5.2772091e+01   1.7393629e+02   2.0000000e+00
  -6.6697376e+01  -4.1614636e+02   2.0000000e+00
   3.3106078e+02   7.3730885e+01   2.0000000e+00
  -3.7815660e+02   1.7266596e+02   2.0000000e+00
   4.2427447e+02   1.5429162e+02   1.0000000e+00
  -1.0377332e+02  -1.9319074e+02   2.0000000e+00
   3.4121745e+02   3.2162913e+02   2.0000000e+00
   1.7442641e+02  -2.2523660e+02   2.0000000e+00
   9.2304413e+01   4.2035618e+01   2.0000000e+00
   3.4792457e+02   3.2103657e+02   2.0000000e+00
   3.1125387e+02  -2.3278252e+02   2.0000000e+00
   3.9911044e+02   3.3029967e+02   2.0000000e+00
   3.8830480e+02   1.8309952e+02   1.0000000e+00
  -2.5022612e+02   2.3022102e+02   1.0000000e+00
   1.2484790e+02   2.2650858e+02   2.0000000e+00
  -3.7455840e+02   1.2331726e+01   2.0000000e+00
  -4.0667823e+02  -2.1046590e+02   1.0000000e+00
  -3.5792934e+02  -3.3083729e+02   2.0000000e+00
  -4.1116783e+02   2.0196047e+02   1.0000000e+00
   1.0019812e+02   1.4380807e+02   2.0000000e+00
   8.6076220e+01   3.6226638e+00   2.0000000e+00
   2.4468464e+02  -4.1064948e+02   2.0000000e+00
  -3.7270354e+02   1.6797285e+02   2.0000000e+00
  -5.2069748e+01   2.2413388e+02   2.0000000e+00
   3.7809384e+02  -1.4975322e+02   2.0000000e+00
   1.6222227e+02   1.2519640e+02   2.0000000e+00
   3.7027873e+02  -4.6291549e+01   2.0000000e+00
   2.4298503e+02   3.1915754e+02   1.0000000e+00
  -1.4979433e+02  -4.6326660e+01   2.0000000e+00
   3.3498806e+02   1.7924313e+01   2.0000000e+00
  -3.0753138e+02  -8.6912604e+01   2.0000000e+00
   4.1677219e+02   3.3394548e+02   1.0000000e+00
  -4.8949478e+01   3.4833127e+02   2.0000000e+00
  -2.8331142e+02   1.4157754e+02   2.0000000e+00
   2.5009570e+02   2.7951214e+02   2.0000000e+00
   1.4558998e+01   1.4233663e+02   2.0000000e+00
   4.3305031e+02  -1.8125522e+02   2.0000000e+00
  -2.8066958e+02   4.2386753e+02   2.0000000e+00
   9.2166620e+01  -1.1781654e+02   2.0000000e+00
   3.1850217e+02   1.2635829e+02   2.0000000e+00
  -1.3368078e+02   2.1689233e+02   2.0000000e+00
  -4.1130336e+02   1.6794976e+02   1.0000000e+00
  -1.3723354e+01  -3.6542878e+02   2.0000000e+00
   3.3921514e+02   2.7865899e+02   2.0000000e+00
  -3.7588704e+02  -3.5553828e+02   2.0000000e+00
   2.7801556e+02  -3.0104920e+02   2.0000000e+00
  -3.7289101e+02  -2.7379777e+02   2.0000000e+00
   3.4764458e+02   2.8184031e+02   2.0000000e+00
   1.8504500e+02  -1.8012899e+02   2.0000000e+00
  -4.8299227e+01  -2.8117934e+02   2.0000000e+00
  -3.4974350e+02  -1.5968735e+02   2.0000000e+00
   4.5359535e+01  -2.4261840e+02   2.0000000e+00
   8.0124974e+01  -1.6902189e+02   2.0000000e+00
   3.1352711e+02   9.3915490e+01   2.0000000e+00
  -2.1145238e+02  -4.4661362e+02   2.0000000e+00
   3.5726685e+02  -3.1191294e+02   2.0000000e+00
  -3.3897096e+02  -3.9404793e+02   2.0000000e+00
  -2.2196010e+02   2.7746420e+02   2.0000000e+00
   3.3853854e+02  -2.8016013e+02   2.0000000e+00
   1.2286194e+01  -3.9602434e+02   1.0000000e+00
  -3.7082142e+02  -4.2089519e+02   2.0000000e+00
   4.0255074e+02  -3.5994045e+02   2.0000000e+00
   4.2538537e+02  -3.1711464e+02   2.0000000e+00
   3.0676805e+01   4.7023416e+01   2.0000000e+00
  -3.5873817e+02   4.0158163e+02   1.0000000e+00
  -1.7922931e+02  -1.0194484e+02   2.0000000e+00
   4.2529598e+02  -2.0494909e+02   2.0000000e+00
  -8.4365305e+00   1.9820048e+02   2.0000000e+00
  -1.6786800e+02   4.0784563e+02   2.0000000e+00
  -2.2169807e+02  -3.6874190e+02   2.0000000e+00
   4.2437306e+02  -7.4494705e+01   2.0000000e+00
  -3.2496700e+02   5.7075233e+01   2.0000000e+00
   4.7785862e+00  -3.9077668e+02   1.0000000e+00
   3.1443958e+02   2.0112210e+02   2.0000000e+00
   2.9851917e+02   2.2977359e+02   2.0000000e+00
   3.5055148e+02  -2.8138377e+02   2.0000000e+00
   3.8915233e+02   3.2030851e+02   2.0000000e+00
   4.6976669e+01  -4.2769172e+02   2.0000000e+00
   9.3858624e+01  -7.8267986e+01   2.0000000e+00
  -2.0856720e+02  -3.4360831e+02   2.0000000e+00
  -7.6369181e+01   3.4395856e+02   2.0000000e+00
   3.3867616e+02  -1.3337118e+02   2.0000000e+00
   2.3073412e+02  -4.1720630e+01   2.0000000e+00
  -3.2428480e+02   3.1497440e+02   2.0000000e+00
   3.5824677e+02   1.2219364e+02   2.0000000e+00
   1.4672269e+02  -1.0280038e+02   2.0000000e+00
   4.0316092e+02   2.8727729e+02   2.0000000e+00
  -1.0421997e+02   2.6092428e+02   2.0000000e+00
   1.1257150e+02   2.6235577e+02   2.0000000e+00
  -3.7022950e+02  -3.3861308e+02   2.0000000e+00
  -3.7962212e+02  -6.6416502e+01   2.0000000e+00
  -1.6082883e+02  -1.0850485e+02   2.0000000e+00
  -1.6954905e+02  -8.3304801e+01   2.0000000e+00
  -1.6058180e+01   1.4256245e+01   2.0000000e+00
   2.8034152e+01   3.9509634e+02   1.0000000e+00
  -1.0285136e+02   4.2158083e+02   2.0000000e+00
   2.0087674e+02  -3.4699592e+02   2.0000000e+00
   1.9575481e+02   2.3888327e+01   2.0000000e+00
   1.1031727e+02  -3.1244014e+02   2.0000000e+00
   1.2286477e+02   1.1196128e+02   2.0000000e+00
  -1.9002033e+02   3.5175763e+02   2.0000000e+00
  -5.8250491e+01  -4.5392473e+00   2.0000000e+00
  -3.1331008e+02   3.8997587e+02   1.0000000e+00
  -1.4278550e+02  -3.6231107e+02   2.0000000e+00
   3.3261866e+02   1.1645040e+01   2.0000000e+00
  -2.4439215e+02   1.4410850e+01   2.0000000e+00
  -3.7360616e+02   5.4109155e+00   2.0000000e+00
   8.0742899e+01   1.8216814e+02   2.0000000e+00
   3.3596630e+02   3.8153905e+02   2.0000000e+00
   1.3602810e+02  -3.9431542e+02   2.0000000e+00
  -8.9715438e+00   1.2915845e+02   2.0000000e+00
  -3.7858664e+02  -1.3924634e+02   2.0000000e+00
   6.8705597e+01   2.8589187e+02   2.0000000e+00
  -5.5263410e+01  -1.7865793e+02   1.0000000e+00
  -1.4456962e+02  -3.2737489e+02   2.0000000e+00
  -2.5136331e+02   4.0019356e+02   2.0000000e+00
   3.4582467e+02   4.0362013e+02   1.0000000e+00
   1.0346605e+02   3.2844928e+02   2.0000000e+00
  -3.7760511e+02   1.2647264e+01   2.0000000e+00
   5.5745972e+01   2.6134514e+02   2.0000000e+00
  -1.4642098e+02   3.9002333e+02   2.0000000e+00
   3.7485563e+02  -3.3882464e+02   2.0000000e+00
   2.2608231e+02  -1.2391192e+02   2.0000000e+00
  -3.7545101e+02   9.3384440e+01   2.0000000e+00
   1.3143315e+02   3.4400752e+02   2.0000000e+00
  -3.8245318e+02  -3.6666582e+02   2.0000000e+00
   3.7056480e+02   9.3881662e+01   2.0000000e+00
   3.0894444e+02  -2.8022840e+01   2.0000000e+00
  -9.0910795e+01   3.1766464e+02   2.0000000e+00
   3.9608218e+02   3.3822039e+02   2.0000000e+00
  -3.5792373e+02  -2.2108247e+02   2.0000000e+00
   8.7865593e+01  -6.2511492e+01   2.0000000e+00
   3.8613765e+02   6.7495910e+01   2.0000000e+00
   1.8010736e+02  -3.9128501e+02   2.0000000e+00
   3.8115244e+02   1.4819044e+02   2.0000000e+00
   1.4513854e+02  -2.2817928e+02   2.0000000e+00
  -2.1500225e+02   3.9965492e+02   2.0000000e+00
   5.1173572e+01  -3.0049313e+02   2.0000000e+00
   1.7866021e+02  -1.7028717e+02   2.0000000e+00
   3.4336917e+02   1.2925616e+02   2.0000000e+00
   2.7650849e+02   3.1684743e+02   2.0000000e+00
   1.7307752e+02   3.2935611e+01   1.0000000e+00
  -3.1521299e+02  -2.6278327e+02   2.0000000e+00
   3.3980458e+02  -2.6831756e+02   2.0000000e+00
   1.6559253e+02  -2.7581536e+02   2.0000000e+00
   1.5645339e+02   3.6130055e+02   2.0000000e+00
  -7.3788155e+01  -4.7568649e+01   2.0000000e+00
  -3.1479362e+02   1.0997645e+02   2.0000000e+00
   5.4085954e+01   2.8326046e+02   2.0000000e+00
  -4.3960518e+01   2.9273280e+02   2.0000000e+00
  -3.9545578e+02   8.7172713e+00   2.0000000e+00
   6.0496023e+01   3.2377101e+02   2.0000000e+00
   2.8247049e+02  -1.9763157e+02   2.0000000e+00
   9.1135125e+01  -8.6516847e+01   2.0000000e+00
  -3.8147459e+02  -3.8483003e+02   2.0000000e+00
  -4.2483491e+02  -6.8022441e+01   2.0000000e+00
   2.1240306e+01  -4.1166472e+02   1.0000000e+00
   3.7404012e+02   4.0818273e+02   1.0000000e+00
   2.7442082e+02  -3.7482072e+02   2.0000000e+00
  -8.3392247e+01   1.0398801e+02   2.0000000e+00
  -1.0597675e+02  -1.8379884e+02   2.0000000e+00
  -2.1925629e+02  -2.3855642e+02   2.0000000e+00
  -1.8903143e+02  -2.6521089e+02   2.0000000e+00
   1.4612335e+02   1.8660620e+02   1.0000000e+00
  -3.1376169e+02  -3.7567572e+02   2.0000000e+00
   4.3049786e+02   2.1728390e+02   2.0000000e+00
   2.9260166e+02  -3.3820210e+02   2.0000000e+00
  -4.0106803e+02   4.0580704e+02   1.0000000e+00
   2.8521601e+02  -2.6561593e+02   2.0000000e+00
  -2.2231649e+02   2.7784289e+02   2.0000000e+00
   1.5601830e+01  -2.7204862e+02   2.0000000e+00
  -3.7598945e+02   1.7523590e+02   2.0000000e+00
  -1.2761492e+01  -3.6514111e+02   2.0000000e+00
   4.9570869e+00   1.9792801e+02   2.0000000e+00
   4.0730168e+02   2.1180699e+02   2.0000000e+00
   3.4499936e+01   3.1938298e+02   2.0000000e+00
  -5.0126869e+01  -7.7965614e+01   2.0000000e+00
   2.8402888e+01   2.2280176e+02   2.0000000e+00
   3.5692648e+02  -4.0785813e+02   2.0000000e+00
  -3.1023575e+01   3.2675904e+02   2.0000000e+00
   1.4206125e+02  -1.0018639e+02   2.0000000e+00
  -1.0420246e+02   7.3718311e+01   2.0000000e+00
   3.4199323e+02   3.2482468e+02   2.0000000e+00
  -2.8010592e+02  -1.2195121e+02   2.0000000e+00
   9.9673019e+01   3.4805422e+02   2.0000000e+00
   1.6804089e+02   4.0196093e+02   2.0000000e+00
  -2.5776015e+02  -8.9457581e+01   2.0000000e+00
   4.2906826e+02  -8.5662192e+01   2.0000000e+00
  -2.6316725e+02   1.0973063e+02   2.0000000e+00
  -1.1676065e+02   2.1962350e+02   2.0000000e+00
  -6.1043009e+01  -2.5885375e+02   2.0000000e+00
   1.0694516e+02  -2.4395028e+02   2.0000000e+00
  -2.2533384e+02  -6.1980483e+01   1.0000000e+00
  -4.1407002e+02  -3.1709995e+02   2.0000000e+00
  -6.5005688e+01  -3.0683654e+02   2.0000000e+00
  -2.1046276e+02  -1.7648291e+02   2.0000000e+00
   3.1565337e+01  -2.2326176e+01   2.0000000e+00
   1.5460348e+02  -4.1990739e+02   2.0000000e+00
  -7.2317806e+01  -3.2733134e+02   2.0000000e+00
   4.0388379e+02  -1.3529711e+02   2.0000000e+00
  -3.6732526e+02  -1.4392506e+02   2.0000000e+00
  -2.4476317e+02   1.0110753e+02   2.0000000e+00
  -3.6956548e+02   1.0717751e+02   2.0000000e+00
   2.4728401e+02  -2.4005834e+02   2.0000000e+00
  -3.1969785e+02  -3.7168383e+02   2.0000000e+00
  -3.3318663e+02   3.9205171e+02   1.0000000e+00
   3.8522498e+02   1.4016000e+02   2.0000000e+00
   3.9472641e+02   6.1994727e+00   2.0000000e+00
  -3.0343694e+02   5.1774078e+01   2.0000000e+00
   3.2780510e+02  -1.6192461e+02   2.0000000e+00
  -9.8145611e+01  -1.6858048e+02   2.0000000e+00
   3.7353430e+02  -1.3389933e+02   2.0000000e+00
   1.6500988e+02  -2.7404862e+02   2.0000000e+00
   7.5374325e+01   1.8153752e+00   2.0000000e+00
  -3.2588500e+02  -1.6461560e+02   2.0000000e+00
   4.2366101e+02  -2.8307681e+02   2.0000000e+00
   3.1862828e+02   3.8910114e+02   1.0000000e+00
  -3.9262096e+02   4.0724892e+02   1.0000000e+00
   8.0141197e+01   1.9426956e+02   2.0000000e+00
   1.9936667e+02   4.9556514e+00   1.0000000e+00
  -2.7870755e+02  -9.7894359e+01   2.0000000e+00
   2.3782097e+02   2.8387324e+02   2.0000000e+00
   7.2103290e+01  -2.7695095e+00   2.0000000e+00
  -2.6104270e+02  -1.6876019e+02   2.0000000e+00
   9.3507637e+01  -3.4342178e+02   1.0000000e+00
   7.5082429e+01   2.9416427e+02   2.0000000e+00
   3.2655760e+02   1.8068022e+02   2.0000000e+00
  -1.4296157e+01   3.3485712e+02   1.0000000e+00
   3.3510613e+02  -1.4452038e+02   2.0000000e+00
   2.4356587e+02  -3.6734648e+02   2.0000000e+00
   1.2985326e+02  -3.9501642e+02   2.0000000e+00
   4.0574076e+02   3.3423095e+02   1.0000000e+00
   2.0678692e+02   3.6006367e+02   2.0000000e+00
  -1.5782050e+02  -9.9058744e+01   2.0000000e+00
  -4.4747140e+01   3.5258376e+02   2.0000000e+00
  -3.6752697e+02   3.4415898e+02   2.0000000e+00
  -2.7629642e+01  -4.1503952e+00   2.0000000e+00
   2.9633434e+02  -3.7120370e+02   2.0000000e+00
  -1.6854652e+02   1.7819500e+02   2.0000000e+00
   7.9264972e+01  -4.8436533e+01   2.0000000e+00
  -2.3223234e+02   3.3602673e+02   2.0000000e+00
   3.4000674e+00   3.3121745e+01   2.0000000e+00
   1.6952895e+02  -3.6521296e+02   2.0000000e+00
   2.6739423e+02   3.5000238e+02   2.0000000e+00
  -2.4874638e+02   3.6277465e+02   2.0000000e+00
  -1.3138360e+02   3.7932731e+02   2.0000000e+00
  -2.3743171e+02   1.4702317e+02   2.0000000e+00
  -3.3917573e+01   7.5876320e+01   1.0000000e+00
   3.6221181e+02   1.4255934e+02   2.0000000e+00
   1.1824245e+02  -1.5788095e+02   2.0000000e+00
  -2.8091780e+02   3.4247645e+02   2.0000000e+00
  -3.5445716e+02   8.0007688e+01   2.0000000e+00
   1.9255457e+02  -1.9547122e+02   2.0000000e+00
   1.1588427e+02  -4.1838883e+02   2.0000000e+00
   2.8146228e+02   3.2772168e+02   2.0000000e+00
  -3.4106995e+02   9.4460573e+01   2.0000000e+00
   2.2212272e+02   1.5365053e+02   2.0000000e+00
  -3.8757499e+02   5.9612301e+01   1.0000000e+00
  -3.6208664e+02  -3.7010422e+02   2.0000000e+00
  -1.0221206e+02  -2.1026896e+02   2.0000000e+00
   1.6437727e+02   1.8909290e+02   1.0000000e+00
   3.4249870e+02  -5.5051890e+01   2.0000000e+00
  -2.4527762e+02  -2.5602727e+02   2.0000000e+00
   1.5693474e+02  -2.2220823e+02   2.0000000e+00
   3.4685848e+02  -2.7716525e+02   2.0000000e+00
  -3.4770632e+02  -2.0240712e+01   2.0000000e+00
   5.3837143e+01   3.3318656e+02   2.0000000e+00
  -2.2230657e+02   3.3386834e+02   2.0000000e+00
   2.3451688e+02  -1.5756276e+02   2.0000000e+00
  -2.5474254e+02   4.1983754e+02   1.9000000e+00
  -1.1954790e+02  -4.3755427e+02   2.0000000e+00
  -2.0340921e+02   1.8319039e+01   2.0000000e+00
  -1.4772510e+02  -1.8499261e+02   2.0000000e+00
   3.4460154e+02   3.0735903e+02   2.0000000e+00
   1.3163783e+02  -4.2352197e+02   2.0000000e+00
   2.4661354e+02   2.9001434e+02   2.0000000e+00
   2.8931548e+02  -2.3561546e+01   2.0000000e+00
   3.0469245e+02   1.0579203e+02   2.0000000e+00
  -1.9641740e+02   2.9005910e+02   2.0000000e+00
  -1.8634087e+02  -4.1612370e+02   2.0000000e+00
  -4.2386046e+02   2.7455854e+02   2.0000000e+00
  -1.4715293e+02   3.7996300e+02   2.0000000e+00
   2.4452440e+02   1.2388716e+02   2.0000000e+00
  -7.3784952e+01  -2.9389407e+01   2.0000000e+00
   3.7594644e+02  -1.2532783e+02   2.0000000e+00
  -1.3895020e+02   3.3607068e+01   2.0000000e+00
   3.6075165e+01  -6.4986605e+01   2.0000000e+00
   1.4168961e+02   2.0726869e+02   1.0000000e+00
  -3.6126453e+02  -2.4718076e+02   2.0000000e+00
  -3.0082286e+02  -3.7341337e+01   2.0000000e+00
  -1.5722060e+02   1.5030956e+02   2.0000000e+00
   3.7079599e+01   3.5896946e+02   1.6000000e+00
   1.9193615e+02  -2.6234154e+02   2.0000000e+00
   9.5297540e+01   1.1134993e+02   2.0000000e+00
   8.9029828e+01   1.1320415e+02   2.0000000e+00
  -4.2066805e+02   1.3002055e+02   1.0000000e+00
   3.4581737e+02  -2.8348923e+02   2.0000000e+00
   1.9791534e+02  -3.6841184e+02   2.0000000e+00
  -5.4358165e+01  -1.6641659e+02   1.0000000e+00
   2.1353327e+02  -8.9087878e+01   2.0000000e+00
   3.0601388e+01  -3.0410693e+01   2.0000000e+00
   3.3032198e+02   2.6206369e+01   2.0000000e+00
  -1.8926696e+02  -7.1824367e+01   2.0000000e+00
   3.4478559e+02  -4.1461933e+02   2.0000000e+00
   7.7188922e+00  -3.0468962e+02   2.0000000e+00
   3.1332568e+02  -2.8054072e+02   2.0000000e+00
   6.4526170e+01   8.4623928e+01   2.0000000e+00
  -1.2372124e+02   4.2953788e+02   2.0000000e+00
   2.8675554e+02  -3.5488268e+02   2.0000000e+00
  -1.1504092e+02  -2.8114738e+02   2.0000000e+00
   4.0205660e+02   4.0392567e+02   1.0000000e+00
  -3.6573966e+02  -2.2866032e+01   2.0000000e+00
   2.5934625e+02   4.2506431e+01   2.0000000e+00
   3.7968696e+02  -1.5251873e+02   2.0000000e+00
   1.2505970e+02   4.4933795e+01   2.0000000e+00
   2.2419251e+02   4.6908937e+01   2.0000000e+00
  -2.3329739e+02   3.1176632e+02   2.0000000e+00
  -4.8384528e+00   3.1593658e+02   1.0000000e+00
   6.6948109e+00  -7.5927149e+01   2.0000000e+00
  -2.9935497e+02  -2.9352802e+02   2.0000000e+00
  -2.6232567e+02  -3.9499586e+02   2.0000000e+00
   4.1469323e+02   6.5787593e+01   1.0000000e+00
  -4.0749714e+02   2.8876711e+02   2.0000000e+00
  -3.8035055e+02   1.9347366e+02   2.0000000e+00
   1.5301754e+02   1.9961362e+02   1.0000000e+00
   2.2471724e+02  -2.7729158e+02   2.0000000e+00
   3.9778884e+02  -3.4339682e+02   2.0000000e+00
   1.7307528e+02  -2.4203938e+02   2.0000000e+00
  -1.4328634e+02  -1.9548682e+02   2.0000000e+00
  -8.0381569e+01  -3.3299362e+02   2.0000000e+00
  -2.8622730e+02  -6.5912084e+01   2.0000000e+00
   3.7265909e+02   4.0667255e+02   1.0000000e+00
  -3.1446800e+02  -1.9729152e+02   2.0000000e+00
   2.4762422e+02  -1.6665836e+02   2.0000000e+00
   3.9444498e+02  -1.1537730e+02   2.0000000e+00
  -1.7166493e+02  -1.6923668e+02   2.0000000e+00
  -8.7250263e+01   4.0112047e+02   2.0000000e+00
  -2.7740379e+02  -3.9995326e+02   2.0000000e+00
   1.7816068e+01   7.1465308e+00   2.0000000e+00
  -1.6035233e+02   9.1708721e+01   2.0000000e+00
   2.7687174e+02   2.2069482e+02   2.0000000e+00
  -3.0402780e+01  -2.2682200e+02   2.0000000e+00
   2.0447144e+02   1.5408899e+02   2.0000000e+00
   4.2283386e+02  -4.2058355e+02   1.0000000e+00
  -5.4721667e+01  -8.2872389e+01   2.0000000e+00
  -2.6398592e+02  -7.5736204e+01   2.0000000e+00
  -3.1997259e+02   9.7453725e+01   2.0000000e+00
   2.5915975e+01   4.0141790e+02   1.0000000e+00
  -3.4288368e+01  -1.3753698e+02   1.0000000e+00
  -3.4791313e+02   1.4042762e+02   2.0000000e+00
  -3.6585743e+02   3.0549450e+02   2.0000000e+00
  -1.6733201e+02   1.2502686e+02   2.0000000e+00
  -1.4237729e+02   9.9453934e+01   2.0000000e+00
   2.0899376e+02  -9.2396156e+01   2.0000000e+00
   3.5071335e+02  -1.6911829e+02   2.0000000e+00
  -8.3569117e+01  -5.3433249e+01   2.0000000e+00
  -9.1395584e+01   2.5621333e+02   2.0000000e+00
   3.9926030e+02   2.8948386e+02   2.0000000e+00
  -2.3242473e+02   1.8120710e+01   1.0000000e+00
  -3.3830727e+02   3.8318139e+02   1.0000000e+00
  -8.9204592e+00  -4.0674134e+02   1.0000000e+00
   3.2029904e+02  -4.2158223e+02   2.0000000e+00
  -1.8459896e+02  -3.7469272e+02   2.0000000e+00
   4.1499556e+02   9.3392580e+01   1.0000000e+00
   4.1522135e+02   4.0084423e+02   1.0000000e+00
  -1.9085003e+02   1.8657148e+02   2.0000000e+00
  -3.7078036e+02   3.7148058e+02   2.0000000e+00
  -2.1789869e+02  -3.8783906e+02   2.0000000e+00
  -1.2837094e+02   2.5514618e+02   2.0000000e+00
   2.3570731e+02   1.3512281e+02   2.0000000e+00
  -1.1023495e+02   3.3860037e+02   2.0000000e+00
   9.6679948e+01   1.6524363e+02   2.0000000e+00
   1.9630262e+02   2.1617915e+02   2.0000000e+00
  -1.7385588e+01   2.5951444e+02   2.0000000e+00
   1.3619651e+02   3.1468030e+02   2.0000000e+00
  -3.4995222e+02  -1.2259359e+02   2.0000000e+00
   3.6446267e+02   9.7365230e+00   2.0000000e+00
   1.4797683e+01   2.7570557e+02   2.0000000e+00
   2.9814005e+02   3.4718431e+02   2.0000000e+00
  -1.7601368e+02  -2.3418913e+01   2.0000000e+00
  -4.0451607e+02  -2.8181417e+02   2.0000000e+00
   1.1162478e+02  -3.3417187e+02   1.0000000e+00
  -1.9041329e+01   3.3957587e+02   1.0000000e+00
   3.5262316e+01  -1.1472636e+02   2.0000000e+00
   3.8776554e+02  -3.8583521e+02   2.0000000e+00
   3.8311542e+02  -3.9935472e+02   2.0000000e+00
   1.0680178e+00   2.7918436e+02   2.0000000e+00
  -2.9900805e+02   8.6580732e+01   2.0000000e+00
  -2.5011724e+02  -1.0258212e+02   2.0000000e+00
   1.1870656e+02   1.4958766e+01   2.0000000e+00
   2.2428206e+02  -3.3217362e+02   2.0000000e+00
  -1.1638706e+02   1.3836514e+01   2.0000000e+00
   3.5231805e+02  -3.0653371e+02   2.0000000e+00
  -3.2527022e+02  -2.9190511e+02   2.0000000e+00
   2.1733660e+02   1.7388556e+02   2.0000000e+00
  -4.1541688e+02  -2.0346659e+02   1.0000000e+00
   2.3327439e+02   1.1267841e+02   2.0000000e+00
   1.2942497e+02  -8.2820392e+01   2.0000000e+00
   2.6403637e+02   2.1009849e+02   2.0000000e+00
   4.1963172e+02  -4.1285145e+02   2.0000000e+00
  -3.4013956e+02   2.3071711e+02   2.0000000e+00
   7.8157856e+01   6.7911781e+01   2.0000000e+00
  -1.6622126e+02  -1.5892191e+02   2.0000000e+00
  -3.5258069e+02  -1.2885064e+02   2.0000000e+00
   2.4650785e+02  -2.6777368e+02   2.0000000e+00
   2.8977838e+02  -2.6722303e+02   2.0000000e+00
  -1.3722770e+02   1.4595246e+02   2.0000000e+00
   1.0770744e+02  -3.2415587e+02   2.0000000e+00
   3.9924084e+02  -2.1371229e+00   2.0000000e+00
  -1.0729441e+02  -2.9458181e+02   2.0000000e+00
  -2.0221526e+02  -1.3751057e+02   2.0000000e+00
   2.5951045e+02   5.9610858e+00   2.0000000e+00
   2.6807953e+02   3.2758790e+02   2.0000000e+00
   6.1270609e+01  -4.0313565e+02   2.0000000e+00
  -3.1955380e+02  -3.6639953e+02   2.0000000e+00
  -3.3323118e+02  -1.9464744e+02   1.0000000e+00
  -1.2097261e+02   4.2268690e+02   2.0000000e+00
   2.4137421e+02   2.5658163e+02   2.0000000e+00
   4.1092774e+02   8.1603744e+01   1.0000000e+00
  -7.4132899e+01   2.2559972e+02   2.0000000e+00
  -8.6791098e+01   1.5533305e+02   2.0000000e+00
   2.3591338e+02   2.8390554e+02   2.0000000e+00
   3.1177616e+02   3.8608022e+01   2.0000000e+00
  -2.9007506e+02   1.8642243e+02   2.0000000e+00
  -1.5923004e+00  -4.0584120e+02   1.0000000e+00
  -2.4250382e+02   3.9970059e+02   1.7000000e+00
   1.3463130e+02  -2.3475586e+01   2.0000000e+00
  -4.1614099e+02  -1.3048629e+02   2.0000000e+00
   2.4215382e+02  -3.5304571e+02   2.0000000e+00
  -3.1377278e+02  -2.7972017e+02   2.0000000e+00
   3.9015329e+02  -5.7735386e+01   2.0000000e+00
  -3.0942809e+02   1.3048547e+01   2.0000000e+00
   1.1409810e+02  -1.4234179e+02   2.0000000e+00
  -3.7825833e+02   2.4221134e+02   2.0000000e+00
  -1.5573717e+02  -8.7442672e+01   2.0000000e+00
  -3.5453073e+02  -2.2644251e+02   2.0000000e+00
   2.7955836e+02   1.0520599e+02   2.0000000e+00
  -1.7311119e+02   2.7157629e+02   2.0000000e+00
   3.3432445e+02   2.5158639e+01   2.0000000e+00
  -1.6785417e+01   1.5922912e+02   2.0000000e+00
  -1.0127035e+02  -2.3342861e+02   2.0000000e+00
   3.2852641e+02   3.7407512e+01   2.0000000e+00
  -4.0681592e+02   8.3034367e+01   1.0000000e+00
   1.0760066e+02   1.4367850e+02   2.0000000e+00
   2.2043855e+02   1.1476310e+02   2.0000000e+00
   2.8906581e+02   3.3936975e+02   2.0000000e+00
   1.4832218e+02  -1.7416131e+01   2.0000000e+00
   4.1637330e+02   3.3239970e+02   1.0000000e+00
  -3.7370560e+02   3.2484436e+02   2.0000000e+00
  -1.8196230e+02  -3.8722776e+02   2.0000000e+00
   1.6718824e+02  -1.3189787e+02   2.0000000e+00
  -1.6343003e+02   3.3219792e+02   2.0000000e+00
   3.1555543e+01   3.0347670e+02   2.0000000e+00
   2.6317990e+02   3.4279351e+02   1.7000000e+00
  -3.3335495e+02   3.6774089e+01   2.0000000e+00
  -3.4497218e+02  -2.2443005e+02   2.0000000e+00
  -2.4206209e+01  -2.4379792e+02   2.0000000e+00
  -3.5174840e+02   1.6797850e+02   2.0000000e+00
  -3.9571190e+02  -3.5028401e+02   2.0000000e+00
   4.3848845e+01   2.4455500e+01   2.0000000e+00
   1.5662800e+01   2.8775272e+02   2.0000000e+00
  -8.5811988e+01   3.2680530e+02   2.0000000e+00
  -1.1317138e+02  -2.9110559e+02   2.0000000e+00
  -2.8637535e+02   3.2667408e+02   1.2000000e+00
   7.9442719e+01   4.0812993e+01   2.0000000e+00
  -4.6310793e+01  -2.6041647e+02   2.0000000e+00
   2.6100966e+02   3.5113139e+02   1.0000000e+00
   9.7773408e+01  -2.0798484e+01   2.0000000e+00
   2.9644009e+02   1.1112252e+02   2.0000000e+00
  -3.7689719e+02  -2.6406716e+01   2.0000000e+00
  -4.0963565e+02   4.0728102e+02   1.0000000e+00
   1.3722383e+02   1.8081744e+02   1.0000000e+00
  -2.7200798e+02  -1.8142107e+02   2.0000000e+00
   1.9920097e+02   3.4268581e+02   2.0000000e+00
  -2.2697596e+02   4.0184772e+01   2.0000000e+00
  -3.5854337e+02   3.9566948e+01   2.0000000e+00
  -1.4833232e+02   2.9171174e+01   2.0000000e+00
  -2.8846076e+02   7.7373335e+01   2.0000000e+00
   7.3957631e+01   2.1833282e+02   2.0000000e+00
  -1.0704495e+02  -2.9511891e+02   2.0000000e+00
  -3.4741910e+02  -3.7944311e+01   2.0000000e+00
   6.4818224e+01  -1.1548436e+02   2.0000000e+00
   1.0537294e+02  -3.3720008e+01   2.0000000e+00
  -2.9919726e+02  -7.7859460e+01   2.0000000e+00
   6.3211687e+01   3.7111069e+02   2.0000000e+00
   1.9013081e+02  -1.4359833e+01   2.0000000e+00
  -3.9508481e+02  -3.3229827e+02   2.0000000e+00
  -3.7776446e+02   3.7316281e+02   2.0000000e+00
  -3.6596170e+02   2.3036747e+02   2.0000000e+00
  -2.1440217e+02  -2.2329749e+02   2.0000000e+00
   2.1018435e+02  -3.0214574e+02   2.0000000e+00
  -3.3754992e+02   8.2623965e+01   2.0000000e+00
   1.1662221e+01  -1.2029001e+02   2.0000000e+00
  -1.4511356e+02   3.2812023e+02   2.0000000e+00
   1.4029888e+02  -3.7816294e+02   2.0000000e+00
  -1.2537302e+01  -3.7341247e+02   1.0000000e+00
  -3.4292939e+02   3.2907811e+02   2.0000000e+00
  -2.9112573e+02  -2.9899845e+02   2.0000000e+00
   1.2540196e+02   3.1815729e+02   2.0000000e+00
   2.7430438e+01  -1.3971712e+02   2.0000000e+00
  -1.4833635e+02  -2.2882194e+01   2.0000000e+00
   3.5382935e+02   1.0640938e+02   2.0000000e+00
   3.8731484e+01  -3.0350833e+02   2.0000000e+00
   3.2019862e+02   2.7470540e+02   2.0000000e+00
   4.3024664e+02   2.2689161e+02   2.0000000e+00
   2.7428761e+02  -4.0829390e+01   2.0000000e+00
  -3.0633156e+02  -2.7754363e+02   2.0000000e+00
   3.6217038e+02  -2.9212285e+02   2.0000000e+00
  -8.3511764e+01  -1.4232383e+01   2.0000000e+00
   1.8251013e+02  -2.3595107e+02   2.0000000e+00
  -3.5080596e+02  -3.1043574e+02   2.0000000e+00
   1.7270789e+02  -1.4329565e+02   2.0000000e+00
   1.9424946e+02   3.9546958e+02   2.0000000e+00
   1.0880166e+02   2.7892962e+02   2.0000000e+00
  -3.7935858e+02  -3.2925742e+02   2.0000000e+00
  -4.7451198e+01  -2.2933986e+02   2.0000000e+00
   1.9754306e+02   1.0983193e+02   2.0000000e+00
  -2.2535344e+02  -3.0902807e+02   2.0000000e+00
  -3.7999309e+02   2.1823646e+02   2.0000000e+00
  -3.2349213e+02   3.2820234e+02   2.0000000e+00
   2.7808657e+02   3.1497048e+02   2.0000000e+00
  -2.2928906e+02   1.0269689e+02   2.0000000e+00
   4.9484837e+01  -3.9840355e+02   2.0000000e+00
   2.4664850e+02   1.4217536e+02   2.0000000e+00
   2.8588248e+02  -2.1031826e+02   2.0000000e+00
  -1.0808705e+02  -5.2229192e+01   2.0000000e+00
   8.2882504e+01  -1.2375988e+02   2.0000000e+00
  -3.7705328e+02   3.1366006e+02   2.0000000e+00
   3.0637169e+02  -3.5586744e+02   2.0000000e+00
   4.0563402e+02  -4.1013033e+02   2.0000000e+00
   4.1430568e+02   2.9619104e+02   2.0000000e+00
  -3.7788255e+02   1.6423492e+02   2.0000000e+00
   2.0299341e+02   1.3413158e+02   2.0000000e+00
   3.7454119e+02  -2.8819279e+02   2.0000000e+00
  -3.4499382e+02   4.3878948e+01   2.0000000e+00
  -2.8014901e+02   1.4417554e+02   2.0000000e+00
  -2.6764192e+02  -3.9132349e+02   2.0000000e+00
   3.1487758e+01   3.0325658e+02   2.0000000e+00
  -1.6097854e+02  -1.3709978e+02   2.0000000e+00
  -3.5044030e+02  -2.4557774e+02   2.0000000e+00
  -3.8927999e+02   3.8984218e+02   1.0000000e+00
   3.6184348e+01   3.5144687e+02   1.0000000e+00
  -6.1776634e+01  -1.6484385e+02   1.0000000e+00
   7.8621337e+01  -4.0225436e+02   2.0000000e+00
  -2.6130404e+02   8.0532016e+01   2.0000000e+00
   2.6441671e+01  -7.5998264e+01   2.0000000e+00
  -3.3669354e+02  -1.6408803e+02   2.0000000e+00
   1.6736494e+02  -4.1948040e+02   2.0000000e+00
   1.7868076e+02  -3.7249998e+02   2.0000000e+00
  -2.6608370e+02  -2.4463105e+02   2.0000000e+00
  -1.3363536e+02  -4.1224979e+00   2.0000000e+00
  -9.6269619e+01  -2.6900854e+02   2.0000000e+00
  -3.7650011e+02  -3.3022527e+02   2.0000000e+00
  -3.5518147e+02  -2.0892242e+01   2.0000000e+00
   2.4130879e+02   3.4348025e+02   1.0000000e+00
   3.1572708e+02   2.3319573e+02   2.0000000e+00
   3.5622883e+02  -1.1509861e+02   2.0000000e+00
   5.8351215e+00   2.6008694e+02   2.0000000e+00
  -1.9115335e+02   3.7091881e+02   2.0000000e+00
  -4.0702143e+02  -1.2162275e+02   2.0000000e+00
   3.4158050e+02   2.5391873e+02   2.0000000e+00
   1.4431772e+02   7.9670001e+01   2.0000000e+00
   1.5114844e+02   4.2264541e+02   2.0000000e+00
  -3.2618926e+02   9.3884790e+01   2.0000000e+00
  -2.1048479e+02  -3.3039137e+02   2.0000000e+00
  -1.2349476e+02   2.9586176e+01   2.0000000e+00
  -3.1101122e+02   4.3946531e+01   2.0000000e+00
   4.0783229e+02  -1.7513602e+02   2.0000000e+00
   1.6067005e+02   1.1173242e+02   2.0000000e+00
  -2.4429088e+02  -1.7946370e+02   2.0000000e+00
   2.2073592e+02  -5.5996102e+01   2.0000000e+00
  -2.7252065e+01   2.1845622e+02   2.0000000e+00
  -4.2380301e+02   3.0471286e+02   2.0000000e+00
   7.8471828e+01   1.1146025e+02   2.0000000e+00
  -4.0615665e+02  -1.9856392e+02   1.0000000e+00
   1.4917445e+02   2.6363930e+02   2.0000000e+00
   4.0592759e+02  -1.7511234e+02   2.0000000e+00
  -3.0424756e+02   2.7033438e+02   2.0000000e+00
  -1.7687948e+02  -8.8336667e+01   2.0000000e+00
  -2.6300790e+02  -1.1262515e+02   2.0000000e+00
  -3.8736252e+02  -3.0501864e+02   2.0000000e+00
  -3.0568685e+02  -4.0707148e+02   2.0000000e+00
  -3.4122584e+02  -3.7490199e+02   2.0000000e+00
   6.7529417e+01  -7.5300110e+01   2.0000000e+00
   1.8682791e+02   3.5114858e+02   2.0000000e+00
  -3.8406709e+02  -1.5905679e+02   2.0000000e+00
   2.8649405e+02   2.8499996e+02   2.0000000e+00
   9.2976906e+01   8.1757449e+01   2.0000000e+00
   4.2703440e+02   1.1222048e+02   2.0000000e+00
   1.1973839e+02   8.2885192e+01   2.0000000e+00
  -3.7348813e+02   3.7708763e+01   2.0000000e+00
   2.9389756e+02  -3.8651815e+02   1.0000000e+00
   3.5550772e+02   1.1029713e+01   2.0000000e+00
  -3.4528445e+02  -1.2854670e+02   2.0000000e+00
  -3.7544907e+02   1.5541579e+02   2.0000000e+00
   2.3764135e+02  -2.2593406e+02   2.0000000e+00
  -3.2883083e+02  -1.6294374e+02   2.0000000e+00
  -3.3391435e+02  -1.5776891e+02   2.0000000e+00
  -4.0838523e+02   2.0858959e+02   1.0000000e+00
   1.5409308e+02   1.9608917e+00   2.0000000e+00
   4.2874632e+02   1.1700461e+02   2.0000000e+00
   2.9554079e+02   2.0820124e+02   2.0000000e+00
  -4.1036988e+02  -2.6702732e+01   2.0000000e+00
  -5.8005467e+01  -2.2458620e+02   2.0000000e+00
  -4.0004117e+02   1.3757601e+02   1.0000000e+00
  -1.8275126e+02  -8.0164544e+00   2.0000000e+00
  -6.6478715e+01  -3.4788836e+02   2.0000000e+00
  -2.7238081e+02  -3.1252562e+02   2.0000000e+00
   7.2117990e+01   3.8870242e+02   2.0000000e+00
  -8.4865742e+01  -2.7441887e+02   2.0000000e+00
  -2.7069465e+02  -9.1068990e+01   2.0000000e+00
   4.0356327e+02   2.1839044e+01   2.0000000e+00
   1.1401672e+02  -3.9356730e+02   2.0000000e+00
  -3.4572770e+02  -1.6517287e+02   2.0000000e+00
  -6.9811563e+01  -1.5825188e+02   1.0000000e+00
  -3.6243755e+02   2.9870204e+02   2.0000000e+00
   3.1598032e+01  -2.5553907e+01   2.0000000e+00
   3.9393262e+02  -3.9135147e+02   2.0000000e+00
   3.4706209e+02  -4.1955579e+02   2.0000000e+00
   6.4217729e-01  -1.4350034e+01   2.0000000e+00
  -3.3212915e+02  -3.5661655e+02   2.0000000e+00
  -1.5054071e+02  -3.7334065e+02   2.0000000e+00
  -7.5660811e+00  -3.4330061e+02   2.0000000e+00
   4.8261347e+00   1.3102749e+02   2.0000000e+00
  -8.1560125e+01   4.3194417e+02   2.0000000e+00
  -3.1025065e+02   1.4570183e+02   2.0000000e+00
  -2.6037814e+02  -2.0209203e+02   2.0000000e+00
  -3.8337304e+02  -4.0882931e+02   2.0000000e+00
  -3.8353158e+02  -3.3356699e+01   2.0000000e+00
  -3.8502647e+02   3.8726394e+00   2.0000000e+00
   2.7810207e+02  -1.2420165e+02   2.0000000e+00
  -2.9613243e+02  -3.6338207e+02   2.0000000e+00
   3.5947649e+01   1.7603886e+02   2.0000000e+00
   2.9127730e+02  -3.8045586e+02   2.0000000e+00
   7.8805144e+01  -2.5205141e+02   2.0000000e+00
   2.7132239e+02   2.9432524e+02   2.0000000e+00
  -2.4245094e+02   4.0446734e+01   2.0000000e+00
   2.0233630e+02   6.0024187e+01   2.0000000e+00
  -2.9241703e+02  -4.1344439e+02   2.0000000e+00
   5.5080306e+01   1.6058068e+02   2.0000000e+00
   2.2414668e+02   2.4881607e+02   2.0000000e+00
   3.2845633e+02   3.4937554e+02   2.0000000e+00
   4.3011183e+02  -9.0561387e+01   2.0000000e+00
   1.2219709e+02  -2.9450834e+02   2.0000000e+00
  -4.6620131e+01   3.5407245e+02   2.0000000e+00
   3.3643305e+02  -8.0740489e+01   2.0000000e+00
   4.4609176e+01   6.3977594e+01   2.0000000e+00
   4.0438497e+02  -3.4228760e+02   2.0000000e+00
   2.8274103e+02  -2.0922768e+02   2.0000000e+00
   5.0619718e+01   3.6644874e+02   2.0000000e+00
   1.9186629e+02   2.1985993e+02   2.0000000e+00
   1.5240277e+02   2.3796981e+01   2.0000000e+00
  -2.6869480e+02   7.7254104e+01   2.0000000e+00
   2.4263020e+02   4.2052059e+02   2.0000000e+00
   3.2765176e+02   1.5624728e+02   2.0000000e+00
   3.6760649e+02  -1.3938887e+02   2.0000000e+00
  -2.4299577e+02  -1.2424481e+00   2.0000000e+00
   1.4633462e+02   3.7610626e+02   2.0000000e+00
  -2.8995530e+02  -8.9498716e+01   2.0000000e+00
  -1.1849926e+02   3.2408212e+01   2.0000000e+00
  -3.8173506e+02  -1.3832452e+02   2.0000000e+00
  -2.0931126e+01  -3.8362177e+02   1.0000000e+00
   4.2320875e+02  -3.1326769e+02   2.0000000e+00
  -3.2019258e+02   3.1299998e+02   2.0000000e+00
  -1.6809236e+02   1.6358144e+01   2.0000000e+00
   3.4728472e+01   2.3651230e+02   2.0000000e+00
   2.3739185e+02   2.9616344e+01   2.0000000e+00
   1.2235944e+02   3.2307664e+02   2.0000000e+00
   3.7005312e+02  -3.8627620e+02   2.0000000e+00
   1.6910716e+02  -2.8601613e+02   2.0000000e+00
   2.6027186e+02  -3.9797105e+02   2.0000000e+00
   1.7697562e+02   2.2248415e+02   1.0000000e+00
  -1.8972068e+02   2.8414861e+01   2.0000000e+00
   3.8146420e+00  -3.8620898e+02   1.0000000e+00
  -1.3550287e+02  -7.5935470e+01   2.0000000e+00
