  -3.1044648e+02  -2.7322860e+01   1.0000000e+00
  -1.6537222e+00   8.4504766e+01   1.0000000e+00
  -1.5804742e+02  -3.4811949e+02   1.0000000e+00
   1.4772774e+02  -1.0552227e+01   1.0000000e+00
  -1.3234302e+02  -3.9040308e+02   1.0000000e+00
   1.3329158e+01  -1.8330812e+02   2.0000000e+00
   4.3280306e+01   7.8789813e+01   1.0000000e+00
   2.2834969e+02   2.7425543e+02   1.0000000e+00
  -3.3151257e+02  -2.4898722e+02   1.0000000e+00
  -1.2030115e+02   1.1676485e+02   1.0000000e+00
   1.7919414e+00   2.5053322e+02   1.0000000e+00
  -2.8061827e+01  -2.9307219e+02   1.0000000e+00
  -1.7970765e+02  -3.5938339e+02   1.0000000e+00
  -3.2253072e+02   7.9456430e+01   1.0000000e+00
  -1.5079273e+02   4.0501438e+02   2.0000000e+00
   3.0687407e+02  -2.6348409e+02   1.0000000e+00
   1.7106157e+02  -7.1234187e+01   1.0000000e+00
   9.3275189e+01   2.4353813e+02   1.0000000e+00
  -1.2998989e+02  -2.7842421e+02   1.0000000e+00
  -2.5597211e+01  -3.9590057e+02   1.0000000e+00
   3.5903251e+01   8.2341807e+01   1.6000000e+00
  -1.6760946e+02  -2.4258788e+02   1.0000000e+00
   3.6661731e+02   1.8983849e+02   1.1000000e+00
  -3.5230662e+02  -1.4126987e+02   1.0000000e+00
   3.4160205e+02  -1.3865423e+02   1.0000000e+00
  -1.3704656e+02   3.4432907e+02   2.0000000e+00
   3.1524153e+02  -3.9742937e+02   2.0000000e+00
  -6.0874971e+01  -1.9371775e+02   1.0000000e+00
   1.5980793e+02   7.4150528e+01   1.0000000e+00
  -8.7081339e+01  -1.5598804e+02   1.0000000e+00
  -1.5942923e+02   3.8244028e+02   2.0000000e+00
   1.7205630e+02   9.7438614e+01   1.0000000e+00
   1.8833073e+02  -2.3583095e+02   1.0000000e+00
  -2.8760518e+02  -3.5516892e+02   1.0000000e+00
   1.3517022e+02  -1.2285992e+01   1.0000000e+00
   8.1329542e+01  -2.5975287e+02   1.0000000e+00
  -1.2025080e+02  -1.0446440e+02   1.0000000e+00
   3.3484574e+02  -3.9855802e+02   2.0000000e+00
   3.0527517e+02   3.1219661e+02   1.0000000e+00
   3.1512568e+02  -3.2998050e+02   2.0000000e+00
  -1.8212458e+02   1.1481806e+02   1.0000000e+00
   3.3491275e+02  -1.9405267e+02   1.0000000e+00
   3.7633044e+02   3.5026160e+02   1.0000000e+00
   1.5924037e+02  -2.8919228e+02   1.0000000e+00
  -1.2757967e+02  -1.1301633e+02   1.0000000e+00
  -1.2058841e+02   2.1499869e+02   1.0000000e+00
  -3.2199138e+02   2.7910149e+02   2.0000000e+00
  -4.0503432e+02   1.4596190e+02   2.0000000e+00
   3.6939626e+02  -3.8059993e+02   1.0000000e+00
   2.3185547e+02  -3.7036381e+02   1.0000000e+00
   3.5023265e+02   3.7553913e+02   1.0000000e+00
   2.5582936e+02  -2.7379985e+02   1.0000000e+00
  -8.5021627e+01  -3.7108707e+02   1.0000000e+00
   2.2192656e+02   4.0764443e+02   2.0000000e+00
  -2.1873397e+02  -1.7675803e+02   1.0000000e+00
   7.7705940e+01  -2.4597551e+02   1.0000000e+00
   4.9380820e+01  -1.3433192e+02   1.0000000e+00
   5.6256936e+01  -1.4120548e+02   1.0000000e+00
   3.7342105e+02  -1.5930048e+02   1.0000000e+00
  -1.7236624e+02   3.1046697e+02   1.0000000e+00
  -1.6238059e+00   2.7817508e+02   1.0000000e+00
  -1.7163243e+02   1.1036952e+02   1.0000000e+00
  -3.4576239e+01   1.4138030e+01   1.0000000e+00
  -3.2698575e+02  -2.4201598e+02   1.0000000e+00
   2.7307106e+02  -3.5977729e+02   1.0000000e+00
  -2.8697452e+02  -2.0142461e+02   1.0000000e+00
   3.2891774e+02   1.3084194e+02   1.0000000e+00
  -3.0158209e+01  -9.3328569e+01   1.0000000e+00
   2.8898043e+02   3.0825834e+02   1.0000000e+00
  -5.8920644e+01  -2.3847858e+02   2.0000000e+00
  -2.6800801e+02   2.2439143e+02   1.0000000e+00
  -1.3938828e+02   8.9743870e+01   1.0000000e+00
   1.7359752e+02   1.7233970e+02   1.0000000e+00
   3.3412550e+02  -2.3225825e+02   1.0000000e+00
   2.8331910e+01  -2.4418378e+02   1.0000000e+00
  -7.0380873e+01  -2.9449473e+02   1.0000000e+00
   1.0684045e+02  -3.0430213e+02   1.0000000e+00
   8.5977139e+01   2.6103221e+02   1.0000000e+00
   7.0511624e+00   4.1336451e+01   1.0000000e+00
   2.1883553e+01  -1.1676139e+02   1.0000000e+00
  -6.3640774e+01   3.9999276e+02   2.0000000e+00
  -3.7854464e+02   2.3425766e+02   2.0000000e+00
   6.8831479e+01  -1.2672880e+02   1.0000000e+00
  -3.8133286e+02  -3.7749021e+02   2.0000000e+00
  -2.6417000e+02  -1.6876529e+02   1.0000000e+00
  -1.0413834e+02   3.5079029e+02   2.0000000e+00
   1.5060377e+02  -1.4127052e+02   1.0000000e+00
  -2.0314894e+02  -1.8575719e+02   1.0000000e+00
  -1.1718039e+02  -9.0532957e+01   1.0000000e+00
  -3.8406419e+02  -3.0704134e+02   2.0000000e+00
   9.1501117e+01  -1.8405672e+02   1.0000000e+00
  -1.1848177e+02   6.8409801e+01   1.0000000e+00
  -3.0891656e+02  -1.9062606e+01   1.0000000e+00
   3.2188071e+02   1.0808167e+02   1.0000000e+00
   1.9751093e+01   2.8925384e+02   1.0000000e+00
   1.6032726e+02   2.8072674e+02   1.0000000e+00
   2.0344307e+02   4.0354502e+02   2.0000000e+00
   1.2774690e+02   8.8571084e+01   1.0000000e+00
   7.6376647e+01   3.4604691e+02   1.0000000e+00
  -3.8019431e+02   9.1550648e+01   1.0000000e+00
   2.0103573e+02  -3.5502729e+02   1.0000000e+00
  -3.9889826e+02   5.5535703e+01   1.0000000e+00
  -3.8164185e+02  -1.7665934e+02   1.0000000e+00
  -2.7103848e+02   5.9805287e+01   1.0000000e+00
   3.3103781e+02   1.4066471e+02   1.0000000e+00
  -1.5983761e+02   9.5478204e+01   1.0000000e+00
  -2.4273413e+02  -1.7622154e+02   1.0000000e+00
  -4.4543472e-01  -7.5476707e+01   1.0000000e+00
  -1.8950037e+02   8.0253744e+01   1.0000000e+00
  -1.1371451e+02  -8.0909570e+01   1.0000000e+00
   1.8534135e+02  -2.0779009e+02   1.0000000e+00
   3.7882290e+02  -2.5681077e+02   1.0000000e+00
  -1.2289631e+02   2.7752504e+02   2.0000000e+00
   8.3474174e+01  -5.0506090e+01   1.0000000e+00
   3.5286462e+02  -3.6211026e+02   2.0000000e+00
   1.1146915e+02   4.1070705e+01   1.0000000e+00
  -1.2681202e+02  -3.6425675e+02   1.0000000e+00
   1.8448261e+01   3.4015866e+02   1.0000000e+00
   3.9425096e+02   2.1143588e+02   1.0000000e+00
   1.5320465e+02  -4.8302352e+00   1.0000000e+00
   6.9559077e+01  -1.1785300e+00   1.0000000e+00
   1.7393146e+02  -2.4590051e+02   1.0000000e+00
   3.8154918e+02  -2.6929266e+02   1.0000000e+00
  -3.0305730e+02  -3.1135009e+02   2.0000000e+00
   2.5404533e+02  -4.2932209e+01   1.0000000e+00
  -1.6375934e+02   1.8988890e+02   1.0000000e+00
  -6.7789090e+01  -3.5585242e+02   1.0000000e+00
   1.8817356e+02   2.8781663e+02   1.0000000e+00
   3.3749705e+02  -1.9338617e+02   1.0000000e+00
  -3.7543584e+02  -3.8372669e+02   2.0000000e+00
   2.3641659e+01   1.0835007e+02   1.0000000e+00
  -6.2535126e+00  -1.5146103e+02   1.0000000e+00
  -1.2666773e+02   2.9798778e+02   2.0000000e+00
  -1.2130657e+01  -1.8758129e+01   1.0000000e+00
   2.1290551e+02  -2.2433376e+02   1.0000000e+00
   1.1415287e+02   3.2795167e+01   1.0000000e+00
   1.3253345e+02  -3.1310875e+02   1.0000000e+00
  -3.9038625e+02  -2.4188996e+02   1.0000000e+00
   1.3266295e+00   3.7458873e+01   1.0000000e+00
  -3.7463382e+02  -1.1608293e+02   1.0000000e+00
   5.1134717e+01   1.8515917e+02   1.0000000e+00
  -3.6952213e+02   2.8930930e+02   2.0000000e+00
   2.3061818e+02   1.8577670e+01   1.0000000e+00
  -2.2209805e+02   7.0457987e+01   1.0000000e+00
  -1.3061246e+02   3.9442912e+02   2.0000000e+00
  -2.6831523e+02  -6.9035651e+01   1.0000000e+00
   3.6418853e+01   2.0057291e+02   1.9000000e+00
  -3.0385496e+01   6.4028547e+01   1.0000000e+00
  -3.8463027e+02  -8.4668589e+01   1.0000000e+00
  -1.0375950e+02  -1.5489629e+02   1.0000000e+00
  -3.0638248e+02  -3.2172832e+01   1.0000000e+00
  -1.7795754e+02  -3.5908984e+02   1.0000000e+00
   1.1941986e+02  -1.1527062e+02   1.0000000e+00
  -8.0191058e+01  -8.1823689e+01   1.0000000e+00
  -2.2371701e+02   1.3093313e+02   1.0000000e+00
  -3.7249868e+02  -7.3175469e+01   1.0000000e+00
   3.6862290e+02  -1.6513710e+02   1.0000000e+00
   2.3383628e+02   2.7547475e+02   1.0000000e+00
   3.4319400e+02  -1.6827756e+02   1.0000000e+00
  -3.9560249e+02  -3.9786265e+02   2.0000000e+00
  -2.2523740e+02   9.7921278e+01   1.0000000e+00
   1.8552671e+02  -3.3722083e+02   1.0000000e+00
   5.9046748e+01  -9.6331951e+01   1.0000000e+00
   1.5618694e+02  -4.1331104e+02   2.0000000e+00
  -1.1882991e+02   3.4384396e+02   1.0000000e+00
  -1.2927423e+02  -3.1312631e+02   1.0000000e+00
  -6.6802327e+01   3.0379875e+02   1.0000000e+00
   2.9027140e+02  -1.8391314e+02   1.0000000e+00
  -2.6393936e+01   4.4423031e+01   1.0000000e+00
   2.1788735e+02   1.0106239e+02   1.0000000e+00
  -1.7598975e+02  -3.3178545e+00   1.0000000e+00
   1.1354983e+02   3.2051338e+01   1.0000000e+00
  -3.4229194e+01  -3.6147238e+02   1.0000000e+00
   6.1427230e+01  -2.5768632e+02   1.0000000e+00
   3.8355673e+02  -7.7863612e+01   2.0000000e+00
  -6.1035658e+01  -3.0017752e+02   1.0000000e+00
   1.5545324e+02   3.0273314e+02   1.0000000e+00
   3.1532844e+02  -3.1890963e+02   1.0000000e+00
  -1.9516027e+02  -7.5810710e+01   1.0000000e+00
  -3.5336915e+02   2.9770442e+02   2.0000000e+00
   3.0861321e+02   2.1152488e+02   1.0000000e+00
   3.7251581e+02  -6.6835941e+00   1.0000000e+00
  -6.9731298e+01   6.3169998e+01   1.0000000e+00
   1.9736911e+02   3.0291134e+01   1.0000000e+00
   1.0240881e+00   2.2765666e+00   1.0000000e+00
  -1.0953980e+02  -1.6505914e+02   1.0000000e+00
  -3.1520998e+02   3.9881089e+02   2.0000000e+00
   8.3387619e+01   4.0881472e+02   2.0000000e+00
   3.1392740e+02  -2.8459145e+02   1.0000000e+00
  -2.3559840e+02   2.3301764e+02   1.0000000e+00
   2.7823248e+01   8.0082334e+01   2.0000000e+00
  -6.3596255e+01   2.8808207e+02   1.0000000e+00
   1.3258918e+02   1.5591910e+02   1.0000000e+00
  -2.1519780e+02  -4.1009849e+02   2.0000000e+00
   3.2725630e+02  -1.7502393e+02   1.0000000e+00
  -3.3144644e+01   7.4064005e+01   1.0000000e+00
  -5.2828478e+01  -1.9975334e+02   1.0000000e+00
  -3.6512326e+02  -3.7031438e+02   2.0000000e+00
  -2.4682864e+02  -1.8393212e+02   1.0000000e+00
  -2.6629098e+02   1.4375954e+02   1.0000000e+00
  -9.8723648e+01  -3.4926347e+02   1.0000000e+00
  -3.4018966e+02  -2.1998510e+02   1.0000000e+00
  -2.0815046e+02   2.2094803e+02   1.0000000e+00
  -2.3128046e+01   3.9467590e+02   1.0000000e+00
  -3.5230338e+02  -7.3160868e-01   1.0000000e+00
  -1.0281851e+02  -9.6471527e+01   1.0000000e+00
  -3.7052797e+02  -6.3147040e+01   1.0000000e+00
  -4.0947572e+01   2.9936193e+02   1.0000000e+00
   3.0801076e+02   3.8785079e+02   2.0000000e+00
   2.5126332e+02  -7.6614704e+01   1.0000000e+00
   7.9618787e+01  -1.7694941e+02   1.0000000e+00
  -9.1317323e+01   3.3645941e+01   1.0000000e+00
  -2.3749992e+02   3.4610045e+02   1.0000000e+00
   1.2692633e+02  -9.4148135e+01   1.0000000e+00
   5.2141178e+01   1.7385050e+02   1.0000000e+00
  -3.0480789e+01  -2.6341628e+02   2.0000000e+00
   8.6879070e+01  -1.4714976e+02   1.0000000e+00
  -1.3288583e+02   1.9853202e+02   1.0000000e+00
   3.4078573e+02  -2.3020237e+02   1.0000000e+00
  -7.4796335e+01  -3.4372889e+02   1.0000000e+00
   3.1054034e+02  -1.2717542e+01   1.0000000e+00
   3.1776853e+02   1.4563983e+02   1.0000000e+00
  -2.1643759e+02   3.6865297e+02   1.0000000e+00
   1.5103564e+02  -1.2107414e+02   1.0000000e+00
   2.9390413e+02  -3.1765905e+01   1.0000000e+00
  -2.8411622e+02   1.9081621e+02   1.0000000e+00
   8.8434580e+00   1.5371513e+02   1.0000000e+00
  -1.0749686e+02  -3.8198005e+02   1.0000000e+00
   1.9628941e+01  -1.7927411e+02   2.0000000e+00
  -3.3783422e+02   7.0012887e+01   1.0000000e+00
  -1.4581295e+02   1.9700190e+02   1.0000000e+00
  -6.5969252e+01  -7.2005633e+01   1.0000000e+00
  -3.7338950e+01  -3.6246592e+02   1.0000000e+00
   3.7523278e+02  -3.6788828e+02   1.0000000e+00
   2.6775705e+01   6.9708788e+01   2.0000000e+00
   2.7630964e+02   9.6227755e+01   1.0000000e+00
   2.9430143e+02  -7.0028050e+01   2.0000000e+00
   1.8327608e+02   1.2299906e+02   1.0000000e+00
   3.1443233e+02   2.8840238e+02   1.0000000e+00
   2.9568322e+02  -3.0592658e+00   1.0000000e+00
   1.0377037e+02   8.2113962e+01   1.0000000e+00
  -1.6498250e+02   4.3047463e+01   1.0000000e+00
   9.9281361e+01  -2.1163985e+02   1.0000000e+00
   3.7165785e+02   1.4416075e+02   1.0000000e+00
  -2.0498905e+02   1.2139116e+02   1.0000000e+00
   2.8684145e+02   2.6314089e+02   1.0000000e+00
  -3.3258661e+02  -7.6062758e+01   1.0000000e+00
  -2.9405341e+02  -1.5054910e+02   1.0000000e+00
  -4.0701933e+02   3.2764371e+02   2.0000000e+00
  -2.2978562e+00   2.4834385e+02   1.0000000e+00
   1.6699658e+02  -6.7174636e+01   1.0000000e+00
   2.0605761e+02  -3.2741591e+02   1.0000000e+00
   3.2463076e+01  -2.5572317e+02   1.0000000e+00
  -5.8835552e+01  -3.2688634e+02   1.0000000e+00
  -2.9530288e+02  -1.2227479e+02   1.0000000e+00
   1.3471972e+02   2.8097151e+02   1.0000000e+00
   3.3989365e+02  -9.1578177e+00   1.0000000e+00
   2.4818041e+02  -2.6513071e+02   1.0000000e+00
   1.7987939e+02   2.1386844e+01   1.0000000e+00
  -3.2193440e+02  -4.0246860e+02   2.0000000e+00
   2.6794058e+02   2.2704429e+02   1.7000000e+00
  -2.7391413e+02   2.4466952e+02   1.0000000e+00
   2.8375595e+02  -1.0555679e+02   1.0000000e+00
   1.3384710e+02   3.8737305e+02   2.0000000e+00
   2.2699324e+02   3.6359448e+02   1.0000000e+00
   3.2063809e+02   8.9508323e+01   1.0000000e+00
  -1.2272999e+02   1.5876012e+02   1.0000000e+00
  -2.1404330e+02  -1.9794714e+02   1.0000000e+00
   2.6387870e+01  -3.6828167e+02   1.0000000e+00
   2.4600734e+02   3.1354585e+02   1.0000000e+00
   2.5705675e+02   5.2401003e+01   2.0000000e+00
   2.0356327e+02  -2.2016072e+02   1.0000000e+00
  -3.4181323e+02   2.2164583e+02   1.0000000e+00
  -2.5863869e+01   2.0040286e+02   1.0000000e+00
  -6.7857756e+01   2.3618268e+02   1.0000000e+00
   3.7556610e+02  -3.8953797e+02   2.0000000e+00
  -3.1779735e+02   1.1898505e+02   1.0000000e+00
  -2.7403644e+02   2.5905959e+02   1.0000000e+00
   8.5447892e+01   2.9157068e+02   1.0000000e+00
   2.6828215e+02  -3.8278374e+02   2.0000000e+00
   2.8759286e+02   2.2287978e+02   2.0000000e+00
  -8.0616081e+01  -2.2610069e+02   1.0000000e+00
   6.7553839e+00   5.5508815e+01   1.0000000e+00
   2.0429913e+01   3.4074963e+02   1.0000000e+00
   2.8224791e+02   3.0394785e+02   1.0000000e+00
   3.9620018e+02   2.8737663e+02   1.0000000e+00
   2.9457555e+02   3.9424002e+02   2.0000000e+00
   2.2881081e+02   2.0537313e-01   1.0000000e+00
  -1.2006128e+01  -2.9959744e+02   1.0000000e+00
  -1.3730997e+01   1.6816467e+02   1.0000000e+00
  -1.8623685e+01  -8.3975039e+01   1.0000000e+00
   2.8512924e+02  -1.6045389e+02   1.0000000e+00
   3.4681065e+02   6.2454777e+01   2.0000000e+00
   3.1105093e+02  -1.6078453e+02   2.0000000e+00
   2.9920824e+02   7.6577775e+01   1.0000000e+00
  -3.3030642e+02   1.4156925e+02   1.0000000e+00
   2.6798570e+02   3.2333650e+01   1.8000000e+00
   4.0375682e+02  -2.6275138e+01   2.0000000e+00
   7.9976617e+01  -2.2780080e+01   1.0000000e+00
   7.8482448e+01  -1.1408348e+02   1.0000000e+00
   1.1913102e+02  -4.0183677e+02   1.6000000e+00
   3.7640714e+02   3.3333251e+02   1.0000000e+00
  -1.4909093e+02  -3.6150934e+02   1.0000000e+00
   3.9811664e+02   3.9437578e+02   2.0000000e+00
   3.6871037e+02   3.3950448e+02   1.0000000e+00
  -2.8097350e+02  -2.5692276e+02   1.0000000e+00
   2.9525067e+02  -2.1540098e+02   1.0000000e+00
   2.0472041e+02  -2.3858184e+02   1.0000000e+00
   7.7551811e+01  -3.2073446e+02   1.0000000e+00
   3.2705557e+02  -4.0445453e+02   2.0000000e+00
   3.0048212e+02   8.6444787e+01   1.0000000e+00
   1.5797747e+01  -3.4109011e+01   1.0000000e+00
  -2.9926349e+02  -2.6397930e+01   1.0000000e+00
   8.4205343e+01  -7.5859374e+01   1.0000000e+00
  -3.3347849e+02   2.6519682e+02   2.0000000e+00
  -2.4376525e+02  -1.3695080e+02   1.0000000e+00
   3.2497633e+02  -2.5924044e+01   1.0000000e+00
   2.3661024e+02  -3.2962851e+02   1.0000000e+00
  -3.4344340e+01  -3.1708576e+02   1.0000000e+00
   3.1874354e+02  -2.1936470e+02   1.0000000e+00
   2.9838790e+02   2.7817586e+02   1.0000000e+00
  -2.2867733e+01   2.4076920e+01   1.0000000e+00
  -3.4078697e+02  -1.7459303e+02   1.0000000e+00
  -5.5447285e+01   3.3606619e+02   1.0000000e+00
   8.3915711e+01   1.1391797e+02   1.0000000e+00
  -1.9983048e+02  -1.9708373e+02   1.0000000e+00
   1.3387573e+02   2.8164930e+01   1.0000000e+00
  -3.0916660e+02   2.4853476e+02   1.0000000e+00
  -1.1258244e+02  -6.7056217e+01   1.0000000e+00
  -3.9955498e+02  -2.5739724e+01   2.0000000e+00
   9.6504966e+00  -3.3117477e+02   1.0000000e+00
   2.9165892e+02  -2.3234564e+02   1.0000000e+00
   3.6018455e+02  -1.3019663e+02   1.0000000e+00
   1.6227195e+02   3.6344497e+02   2.0000000e+00
   3.5999930e+02  -1.1632341e+02   1.0000000e+00
   2.4366629e+02  -8.3263795e+01   1.0000000e+00
  -1.6994501e+02   2.0839977e+02   1.0000000e+00
  -2.2323545e+02   1.1484037e+02   1.0000000e+00
   3.9045619e+02   1.0419347e+02   1.0000000e+00
   1.4458174e+02   3.8245606e+02   1.0000000e+00
  -2.4818708e+02   8.7692852e+01   1.0000000e+00
  -2.6688969e+02   1.1335232e+02   1.0000000e+00
   1.6094354e+02  -1.7176773e+02   1.0000000e+00
  -1.5439015e+02  -2.1595035e+02   1.0000000e+00
   6.2259947e+01   3.3376411e+02   1.0000000e+00
   1.2830844e+01   7.5476881e+01   1.0000000e+00
   3.9962215e+01   3.9027023e+02   1.0000000e+00
  -2.2700933e+01   2.0076655e+02   1.0000000e+00
   1.3613877e+02   3.4978820e+02   2.0000000e+00
   3.1188261e+02  -2.7925963e+02   1.0000000e+00
  -2.5654706e+02   1.0528569e+02   1.0000000e+00
  -1.9575621e+02   1.0471835e+01   1.0000000e+00
  -3.9333107e+02   1.4134057e+02   2.0000000e+00
  -3.7545541e+02  -2.5316458e+02   1.0000000e+00
   2.8694035e+02  -7.2780914e+01   2.0000000e+00
  -7.3206957e+01  -3.8446978e+02   1.0000000e+00
   2.2250245e+02  -2.1149847e+02   1.0000000e+00
   3.7475546e+02  -3.4205047e+02   1.0000000e+00
  -1.8679829e+02  -2.6352346e+02   1.0000000e+00
  -4.0745048e+02   3.2773637e+02   2.0000000e+00
   2.7459645e+02   1.6518542e+02   1.0000000e+00
  -1.7745314e+02   2.0384061e+02   1.0000000e+00
  -1.5913988e+02  -3.6140253e+02   1.0000000e+00
  -4.5661863e+01   9.3216376e+01   1.0000000e+00
   2.6916207e+02   3.7222280e+01   1.3000000e+00
  -1.1172365e+02   2.2649305e+02   1.0000000e+00
   1.1943649e+02   2.5254350e+02   1.0000000e+00
   1.8143780e+01  -1.5507992e+02   1.0000000e+00
   3.5411390e+02  -1.1175750e+02   1.0000000e+00
  -1.4408955e+01   3.8286689e+02   1.0000000e+00
  -1.0655136e+02  -3.2770011e+02   1.0000000e+00
   7.7771326e+01   3.7961687e+02   1.0000000e+00
   2.8667596e+02  -4.1585077e+02   2.0000000e+00
   3.5695400e+02  -3.1188938e+02   1.0000000e+00
   1.1299954e+02  -3.4700132e+02   1.0000000e+00
   2.2253791e+02   9.1827158e+01   1.0000000e+00
  -4.0481442e+02  -3.2718809e+02   2.0000000e+00
   3.1973908e+02  -3.1628503e+02   1.0000000e+00
  -2.4664010e+01  -3.7586815e+02   1.0000000e+00
  -1.4721386e+02  -5.3112249e+01   1.0000000e+00
  -1.8825327e+02   3.6413864e+02   1.4000000e+00
   3.3476215e+02   2.2083617e+02   1.0000000e+00
   3.3920745e+01   2.3816110e+02   1.0000000e+00
   9.0759090e+01  -1.9619406e+02   1.0000000e+00
   3.1189136e+02  -3.3788132e+02   2.0000000e+00
   2.3013636e+02  -1.1605449e+02   1.0000000e+00
   2.5324643e+02   8.6783847e+01   1.0000000e+00
  -1.8405949e+02  -1.7404972e+02   1.0000000e+00
  -8.5226576e+01  -3.4067632e+02   1.0000000e+00
   1.1311108e+02  -2.9731934e+02   1.0000000e+00
  -2.4209044e+02  -4.2710843e+01   1.0000000e+00
  -9.5051471e+01  -1.7786717e+00   1.0000000e+00
   3.6905167e+02   3.4812548e+02   1.0000000e+00
   1.5583883e+02   3.2289095e+01   1.0000000e+00
  -1.7790572e+02  -1.6431514e+02   1.0000000e+00
   1.0992393e+02  -5.0050999e+01   1.0000000e+00
   5.9777969e+01   7.3527775e+01   2.0000000e+00
  -9.8626938e+01   2.6642676e+02   2.0000000e+00
   3.5350227e+01   3.5843935e+02   1.0000000e+00
  -3.2669826e+02   1.6398739e+02   1.0000000e+00
   2.1056541e+02   3.7004740e+01   1.0000000e+00
   1.8296655e+02   3.0242071e+02   1.0000000e+00
  -2.6743789e+02  -3.3976535e+02   2.0000000e+00
   2.3349771e+02  -6.0091048e+01   1.0000000e+00
   3.9614005e+01  -1.0870467e+02   1.0000000e+00
   2.5508704e+02  -3.7811499e+02   2.0000000e+00
  -1.9872489e+02  -1.8211906e+02   1.0000000e+00
  -7.9428221e+01  -1.3880308e+02   1.0000000e+00
  -2.6566375e+02  -3.7281401e+02   1.0000000e+00
  -4.1166097e+02  -3.1563987e+02   2.0000000e+00
   3.0435479e+02   7.0902198e+01   2.0000000e+00
  -1.8973586e+02   3.5388529e+02   1.0000000e+00
   2.0016219e+02   1.3325091e+02   1.0000000e+00
   3.8434840e+02  -1.7655633e+02   1.0000000e+00
  -3.5889624e+02   5.4311632e+01   1.0000000e+00
   1.8417652e+02   2.2671478e+02   1.0000000e+00
   1.3393138e+02   4.0532309e+02   2.0000000e+00
  -6.1284198e+01  -1.1600098e+01   1.0000000e+00
  -7.3186594e+01  -3.7117310e+02   1.0000000e+00
   2.6436252e+02   2.4727887e+02   1.0000000e+00
  -1.9285476e+02   3.6492559e+01   2.0000000e+00
  -3.8370389e+02   1.0790997e+02   2.0000000e+00
   3.1374053e+02  -2.9414056e+02   1.0000000e+00
  -6.6380088e+01   2.4220499e+02   1.0000000e+00
   3.4098784e+02  -6.8743738e+01   1.0000000e+00
   1.3145131e+02  -4.3234826e+01   1.0000000e+00
   1.4533870e+02  -3.4856994e+02   1.0000000e+00
  -1.3865092e+02  -3.2288430e+02   1.0000000e+00
  -1.5824876e+02  -1.2348669e+02   1.0000000e+00
  -3.2273019e+02   2.5156527e+02   1.0000000e+00
   2.7295477e+02  -5.9360182e+01   1.0000000e+00
  -1.4469360e+02   2.2355137e+01   1.0000000e+00
   2.2466839e+02   3.7382759e+02   1.0000000e+00
  -1.7374234e+02  -1.8544475e+02   1.0000000e+00
  -3.6446947e+02  -3.1149510e+02   1.0000000e+00
  -2.4414063e+02  -2.1010282e+02   1.0000000e+00
  -2.3554155e+02  -5.0421899e+01   1.0000000e+00
   3.3837721e+02  -1.6285642e+02   1.0000000e+00
  -1.3020196e+02  -5.7000857e+01   1.0000000e+00
  -1.6882135e+02   3.8320845e+02   2.0000000e+00
   2.2081769e+02  -1.5732945e+02   1.0000000e+00
   1.4083371e+02  -1.9527059e+02   1.0000000e+00
  -2.0359475e+02  -2.7836982e+02   1.0000000e+00
   1.6409717e+02   2.9572177e+02   1.0000000e+00
  -2.5238640e+02  -2.7931623e+02   1.0000000e+00
  -1.4226173e+02   1.8652981e+02   1.0000000e+00
   5.8631968e+01   2.5002032e+02   1.0000000e+00
   6.2789272e+01  -3.8933139e+02   2.0000000e+00
  -3.7598609e+02   4.0737917e+02   2.0000000e+00
  -3.5716342e+02   1.4104139e+02   2.0000000e+00
  -2.1330441e+02   3.3690651e+02   1.0000000e+00
   1.9370979e+02  -3.5955944e+02   1.0000000e+00
  -3.8358061e+02   3.6020572e+02   2.0000000e+00
  -1.0032076e+02   2.8380470e+02   2.0000000e+00
  -1.4296774e+02   7.2795944e+00   1.0000000e+00
   2.8489356e+02   3.8735218e+02   2.0000000e+00
   3.8411850e+02   1.9424277e+02   1.0000000e+00
  -1.2135231e+01   3.8040553e+02   1.0000000e+00
   3.5877689e+02  -2.2365426e+02   1.0000000e+00
  -2.2052542e+02  -1.6466932e+02   1.0000000e+00
   2.3240510e+02   1.9666648e+02   1.0000000e+00
   2.5969222e+02   7.6964269e+01   1.0000000e+00
  -2.5846728e+02  -3.8997047e+02   2.0000000e+00
  -4.6401876e+01  -8.0646394e+01   1.0000000e+00
   2.5460012e+02  -5.9756300e-01   1.0000000e+00
   3.8637504e+02   2.0001016e+02   1.0000000e+00
   2.3468457e+01   2.4753622e+02   1.0000000e+00
   1.5682529e+02  -1.6696619e+02   1.0000000e+00
   5.2217843e+01   1.5781175e+02   1.0000000e+00
   2.8959641e+02  -7.4127340e+01   1.0000000e+00
  -4.8584288e+01   3.8225418e+02   1.0000000e+00
  -2.1617981e+02  -1.9146388e+02   1.0000000e+00
   1.1218072e+02   5.6776112e+01   1.0000000e+00
   3.8388728e+02   2.4130241e+02   1.0000000e+00
  -3.7808259e+02  -2.1656422e+02   1.0000000e+00
   1.2352048e+01  -1.2372546e+01   1.0000000e+00
  -2.4044903e+02   3.4917947e+02   1.0000000e+00
  -1.3947809e+02   1.8274115e+02   1.0000000e+00
  -3.7835793e+02  -2.5514793e+02   1.0000000e+00
   3.6104910e+02   1.7767893e+02   1.0000000e+00
   7.2752997e+01   3.9179757e+02   1.0000000e+00
   7.4919287e+01  -3.3333694e+02   1.0000000e+00
   3.1644375e+02  -8.4607709e+01   1.0000000e+00
  -2.4787050e+02  -1.8047819e+02   1.0000000e+00
   3.0232522e+02  -3.9040815e+01   1.0000000e+00
   3.6418516e+02   4.0600162e+02   2.0000000e+00
   1.4121151e+02  -2.4859681e+01   1.1000000e+00
   1.8343594e+01   2.1263594e+02   2.0000000e+00
   3.6628213e+02   1.5262859e+01   1.0000000e+00
  -9.7542391e+01   2.2857666e+02   1.0000000e+00
  -4.0267475e+02   4.1406852e+00   2.0000000e+00
  -1.0993839e+02   8.1527092e+01   1.0000000e+00
  -3.3182133e+02  -1.4143867e+02   1.0000000e+00
   2.1090062e+02  -3.6879536e+02   1.0000000e+00
   3.6091097e+02   2.5275244e+02   1.0000000e+00
   1.1053761e+02  -1.1972018e+02   1.0000000e+00
  -3.4969178e+02  -3.6988930e+02   2.0000000e+00
  -3.9009289e+02  -2.9829176e+02   2.0000000e+00
   3.8323160e+02   2.0237166e+02   1.0000000e+00
  -2.9895535e+02   6.0725612e+01   1.0000000e+00
  -1.7000840e+02   3.3922327e+02   1.0000000e+00
   3.2755305e+02   2.7668137e+01   1.0000000e+00
   2.3346023e+02   1.4823001e+02   1.0000000e+00
   3.9750440e+02   9.9105826e+01   1.0000000e+00
   2.1112362e+02   1.8465734e+02   1.0000000e+00
  -1.5354096e+02  -1.8914337e+02   1.0000000e+00
   3.2711271e+02  -3.0664140e+02   1.0000000e+00
  -3.3509395e+02   6.0886927e+01   1.0000000e+00
  -5.7777537e+00   9.0912495e+01   1.0000000e+00
  -2.1532354e+02   8.6969140e+01   1.0000000e+00
  -3.6685732e+02   3.2441323e+02   2.0000000e+00
  -4.0844664e+02  -3.8695141e+02   2.0000000e+00
   2.3613294e+02  -2.5723001e+02   1.0000000e+00
   1.0422514e+02  -1.5407734e+02   1.0000000e+00
   1.6111035e+02  -3.1856427e+02   1.0000000e+00
  -5.7675428e+01  -1.1772318e+01   1.0000000e+00
  -4.0059972e+02   3.5841358e+02   2.0000000e+00
   3.4833126e+02   8.1994548e+01   1.0000000e+00
   1.1565481e+02  -1.4354661e+01   1.0000000e+00
   4.0717679e+02   2.7833588e+02   1.0000000e+00
   9.5443518e+01  -1.9569861e+02   1.0000000e+00
   2.3341097e+02   4.8428393e+01   1.0000000e+00
   1.8893012e+02  -5.6609210e+01   1.0000000e+00
   3.2539995e+02   3.3165213e+01   1.0000000e+00
   9.4009377e+01  -5.6410707e+01   1.0000000e+00
   2.8705870e+02   3.2781274e+02   1.0000000e+00
  -1.2254278e+02   3.0105840e+02   2.0000000e+00
  -1.0374993e+02   5.0459504e+01   1.0000000e+00
  -2.7619516e+02  -2.6093841e+02   1.0000000e+00
   9.4725511e+01   6.7163051e+00   1.0000000e+00
  -1.1233115e+02   3.0779955e+00   1.0000000e+00
   3.5581206e+01   1.0951367e+02   1.0000000e+00
  -1.1792518e+02  -5.8719236e+01   1.0000000e+00
  -9.6800977e+01   1.2066390e+02   1.0000000e+00
   4.5345749e+01   6.1496254e+01   1.4000000e+00
  -2.5470644e+02  -2.1760598e+02   1.0000000e+00
  -2.7404997e+02   7.0944539e+01   1.0000000e+00
  -7.0568396e+01  -6.9428798e+01   1.0000000e+00
   2.2876092e+02   6.6946508e+01   1.0000000e+00
   2.3460216e+02  -2.5111460e+02   1.0000000e+00
  -2.8778086e+02  -1.9346282e+02   1.0000000e+00
   3.8050722e+02   3.8904887e+02   2.0000000e+00
   1.2848353e+01   2.7241313e+02   1.0000000e+00
   3.8692808e+02  -5.2333901e+01   2.0000000e+00
  -3.4787245e+01  -8.1077914e+01   1.0000000e+00
  -2.4526759e+02  -3.2131175e+02   2.0000000e+00
  -7.0520344e+01  -1.7532597e+02   1.0000000e+00
  -3.8719010e+02  -2.6907943e+02   1.0000000e+00
  -2.1523696e+02   3.9624611e+02   2.0000000e+00
   1.8337901e+00  -3.5959738e+02   1.0000000e+00
   1.0775330e+02   2.8077878e+02   1.0000000e+00
   1.9566039e+02  -5.4166266e+01   1.0000000e+00
  -7.2674448e+01   5.5564511e+01   1.0000000e+00
  -2.4899648e+02  -2.8919167e+02   1.0000000e+00
   6.9717540e+01   2.0571530e+02   1.0000000e+00
  -1.9716844e+01  -1.3056480e+02   1.0000000e+00
  -3.0053754e+02  -5.9369298e+01   1.0000000e+00
  -1.8212186e+02   3.5614292e+01   1.0000000e+00
  -4.9211716e+01   2.1554802e+02   1.0000000e+00
   2.2044146e+02   3.1224834e+02   1.0000000e+00
  -1.7804320e+02   1.4287337e+01   1.0000000e+00
  -2.6105671e+02   3.2903317e+02   1.0000000e+00
   1.9455787e+02   1.7215380e+02   1.0000000e+00
  -3.5954403e+02  -9.6882237e+01   1.8000000e+00
  -6.2029729e+01  -8.2779948e+01   1.0000000e+00
  -5.7190896e+01  -2.7923082e+02   1.0000000e+00
   3.8414417e+02  -2.1467334e+01   1.0000000e+00
   3.6299848e+01  -2.1212950e+02   1.0000000e+00
   1.7525630e+02  -7.8507666e+01   1.0000000e+00
   3.4091874e+01   2.5485237e+02   1.0000000e+00
  -1.5551237e+02  -1.3814775e+02   1.0000000e+00
  -5.6211528e+01   2.7493454e+02   1.0000000e+00
  -3.4590063e+02   2.9552463e+01   1.0000000e+00
   2.4509820e+02   6.1016948e+01   1.0000000e+00
  -3.1498765e+02  -3.3871824e+02   2.0000000e+00
   2.5144586e+02   8.3764521e+01   1.0000000e+00
   2.9231774e+02   3.5727781e+02   1.0000000e+00
  -3.7404167e+01   3.1449075e+01   1.0000000e+00
   7.9487714e+01  -3.6250738e+02   2.0000000e+00
   3.7093510e+02   2.6449700e+02   2.0000000e+00
  -1.7049852e+01  -2.3776045e+02   1.0000000e+00
  -1.8832402e+02  -2.3693957e+02   1.0000000e+00
   3.8982833e+02   1.2192893e+02   1.0000000e+00
  -2.4955928e+02   6.7579738e+01   1.0000000e+00
  -3.8555243e+02   3.2083878e+02   2.0000000e+00
  -2.2632610e+02   1.9723234e+02   1.0000000e+00
  -2.7802444e+02  -3.6166290e+02   1.0000000e+00
   3.5708916e+02  -3.9137123e+02   2.0000000e+00
  -3.8785066e+02  -3.8021838e+02   2.0000000e+00
   1.8145635e+02  -3.6351225e+00   1.0000000e+00
  -3.0158197e+02   1.0243933e+01   1.0000000e+00
   1.5047881e+02  -1.8601906e+02   1.0000000e+00
   2.5042168e+02   3.0228578e+02   1.0000000e+00
   2.9455342e+02   1.4694380e+02   1.0000000e+00
   3.7142579e+02  -1.3169361e+02   1.0000000e+00
  -2.4633347e+02  -2.9575872e+02   1.0000000e+00
   1.9940767e+02   2.9649572e+01   1.0000000e+00
  -9.2299923e+01   7.3377281e+01   1.0000000e+00
  -1.8119411e+02   1.5341625e+02   1.0000000e+00
   1.8437767e+02  -2.3819741e+02   1.0000000e+00
  -4.0155326e+02   3.6900637e+02   2.0000000e+00
  -3.8379254e+02   4.2384312e+01   1.0000000e+00
  -3.1052086e+02   3.7076139e+02   1.0000000e+00
  -3.2306149e+02  -4.0769379e+02   2.0000000e+00
  -2.8977411e+02  -3.4112931e+02   2.0000000e+00
  -1.1601894e+02   3.7252368e+02   2.0000000e+00
  -3.6851531e+02   1.6066561e+02   2.0000000e+00
   2.3775787e+02  -2.5232885e+02   1.0000000e+00
   1.3907411e+02   3.4119484e+02   1.0000000e+00
  -1.2409883e+02   1.2334591e+02   1.0000000e+00
   3.5374430e+02   1.9308207e+02   1.0000000e+00
   1.2733265e+02   2.3865740e+02   1.0000000e+00
  -4.0444420e+02   3.5534049e+02   2.0000000e+00
  -2.6495748e+02  -2.6619850e+02   1.0000000e+00
  -8.5750224e+01  -2.4327767e+02   1.0000000e+00
  -3.2794493e+01   2.9404158e+02   1.0000000e+00
   5.3312209e+01  -1.7455261e+02   1.0000000e+00
   1.2067365e+02   2.0035118e+02   1.0000000e+00
  -3.9770107e+02  -3.3694449e+02   2.0000000e+00
  -4.3534043e+00   2.2870441e+02   1.0000000e+00
  -2.7190524e+02  -8.7676335e+01   1.0000000e+00
   3.5055450e+02  -3.5631011e+02   1.0000000e+00
  -3.3358937e+02  -1.9804650e+02   1.0000000e+00
   2.6423121e+02  -2.8648316e+02   2.0000000e+00
   5.9318128e+01   1.3215450e+02   1.0000000e+00
  -3.6527656e+02  -1.3981196e+02   1.0000000e+00
   2.3084233e+02   1.6728812e+02   1.0000000e+00
  -1.0649845e+02  -2.2322421e+02   1.0000000e+00
   5.5269496e+01  -2.0780899e+02   1.0000000e+00
  -9.5907462e+01  -8.8206522e+01   1.0000000e+00
  -2.4537800e+02  -4.0153406e+02   2.0000000e+00
  -2.0242561e+02  -3.8882288e+02   2.0000000e+00
  -8.0907416e+01   1.8321202e+02   1.0000000e+00
  -4.0219025e+02   1.8727856e+02   2.0000000e+00
   2.4238101e+02   3.9522100e+02   2.0000000e+00
  -4.9226011e+01  -3.0123387e+02   1.0000000e+00
   1.8765426e+02   2.7029006e+02   1.0000000e+00
   1.5374998e+02  -3.5097981e+02   1.0000000e+00
  -3.1775219e+02   1.9071616e+01   1.0000000e+00
   1.4216298e+02  -2.5411344e+02   1.0000000e+00
   3.0628860e+02  -3.9991808e+02   2.0000000e+00
  -2.4471941e+02  -3.9041751e+01   1.0000000e+00
   5.5521950e+01  -3.9933714e+01   1.0000000e+00
   3.2719962e+02   2.2644559e+02   1.0000000e+00
   2.7640908e+02   1.2143564e+02   1.0000000e+00
   8.5682230e+01  -1.3622302e+02   1.0000000e+00
  -3.2717657e+02   1.5021479e+02   1.0000000e+00
  -3.9827698e+02  -3.6271274e+02   2.0000000e+00
   2.2575348e+02   2.1761274e+02   1.0000000e+00
   3.0699959e+02   8.6046698e+01   1.0000000e+00
  -4.5543390e+01   1.6724541e+02   1.0000000e+00
   6.5992039e+01   2.4612841e+02   1.0000000e+00
  -3.7949944e+01  -1.0892425e+02   1.0000000e+00
  -1.2437975e+02  -1.0982415e+02   1.0000000e+00
  -4.0094833e+01  -1.7294907e+01   1.0000000e+00
  -2.6505948e+02  -1.0723132e+02   2.0000000e+00
  -3.4070220e+02   2.2010800e+02   1.0000000e+00
   1.8838811e+01   1.8779471e+01   1.0000000e+00
   2.3583329e+02  -1.0318900e+01   1.0000000e+00
  -3.2776395e+02  -3.8359597e+02   2.0000000e+00
  -1.8252077e+01   9.2465815e+01   1.0000000e+00
  -5.3545970e+01  -5.7745352e+01   2.0000000e+00
   3.2443163e+02   1.3060700e+02   1.0000000e+00
   2.7619716e+02  -4.1257177e+02   2.0000000e+00
  -3.6693088e+02   2.3890845e+02   1.0000000e+00
   2.7607286e+01   2.1151776e+01   1.0000000e+00
  -7.4919318e+01   3.6536118e+02   2.0000000e+00
   5.3876682e+01   1.8419615e+02   1.0000000e+00
   1.3050095e+02  -2.1775130e+02   1.0000000e+00
  -3.0974835e+02  -3.1883341e+02   2.0000000e+00
   1.4219170e+02   2.9456970e+01   1.0000000e+00
   9.7186113e+01  -6.9354024e+01   1.0000000e+00
   1.2933232e+02   9.1653377e+01   1.0000000e+00
  -3.7479564e+02  -8.8340438e+00   2.0000000e+00
   7.4889309e+01  -2.4924324e+02   1.0000000e+00
   1.3253435e+02   3.5322228e+02   2.0000000e+00
   2.4992261e+02   1.2621616e+02   1.0000000e+00
   2.6742609e+02  -2.9968589e+01   1.0000000e+00
  -3.0756375e+02  -1.5511318e+02   1.0000000e+00
   2.4581529e+02   1.4148025e+01   1.0000000e+00
  -4.0162006e+02  -9.6936298e+01   1.0000000e+00
   6.1819116e+01   2.6331287e+02   1.0000000e+00
  -6.1237777e+01   6.5903485e+01   1.0000000e+00
   5.3871488e+01   2.4957289e+02   1.0000000e+00
   3.6485290e+02   9.5071693e+00   1.0000000e+00
   6.7024112e+01  -4.0186083e+02   1.0000000e+00
   2.0155739e+02   5.0096852e+01   1.0000000e+00
  -2.7650302e+02   4.9467250e+01   1.0000000e+00
  -1.0082702e+02  -1.9052489e+02   1.0000000e+00
  -9.7909282e+01  -3.2525672e+02   1.0000000e+00
   2.6315605e+02   1.1300707e+02   1.0000000e+00
  -1.9244315e+02  -4.8775681e+00   1.0000000e+00
   2.6175114e+02   1.1254160e+02   1.0000000e+00
  -8.5950117e+00   2.8783849e+02   1.0000000e+00
   1.2094860e+01   2.1778735e+02   2.0000000e+00
  -9.0325327e+00  -6.0426539e+01   1.0000000e+00
   2.9864652e+01  -3.1014447e+02   1.0000000e+00
  -4.2940501e+01   1.2177433e+02   1.0000000e+00
  -3.3837875e+02  -2.8789423e+02   2.0000000e+00
   1.7501979e+02   2.8030895e+02   1.0000000e+00
   1.6403541e+02   1.2483127e+02   1.0000000e+00
  -1.0543180e+02   1.6703393e+02   1.0000000e+00
   4.0182227e+02  -1.2039325e+02   2.0000000e+00
  -4.0280781e+02  -1.7117371e+02   1.0000000e+00
   8.9768296e+01  -3.3720469e+02   1.0000000e+00
   3.9947001e+02   1.5825895e+01   2.0000000e+00
  -2.6864878e+02   1.1285569e+02   1.0000000e+00
  -1.7023810e+02  -3.5809580e+02   1.0000000e+00
   1.5614543e+02  -1.6041023e+02   1.0000000e+00
   3.5638460e+01   4.0396217e+01   1.0000000e+00
  -5.7011721e+01  -3.6250342e+02   1.0000000e+00
   1.6676589e+02   2.0369139e+02   1.0000000e+00
  -2.0838007e+02  -1.0367354e+02   1.0000000e+00
   3.7797544e+02  -3.6358682e+02   1.0000000e+00
  -2.5261098e+01   3.8694011e+02   1.0000000e+00
  -1.8838886e+02   4.2838210e+01   1.0000000e+00
  -1.1157060e+02   1.0490392e+02   1.0000000e+00
   5.9156202e+01   2.7765046e+02   1.0000000e+00
   3.3624702e+02  -9.2823027e+01   2.0000000e+00
  -4.9693424e+01  -7.9803696e+01   1.0000000e+00
   3.3951882e+02  -3.9668365e+02   2.0000000e+00
  -3.8758150e+02   1.1395927e+02   2.0000000e+00
   1.0501285e+02  -1.6728788e+02   1.0000000e+00
   1.2824217e+02  -1.8377436e+02   1.0000000e+00
   2.0376793e+02   3.1487651e+02   1.0000000e+00
   5.3418240e+01   7.5088449e+00   1.0000000e+00
  -2.6086390e+02   1.0154828e+01   1.0000000e+00
  -2.9339350e+02   2.1818956e+02   1.0000000e+00
  -1.3074440e+02   8.9766623e+01   1.0000000e+00
  -3.7154866e+02  -4.0650734e+02   2.0000000e+00
  -3.2689573e+02  -2.6439683e+02   2.0000000e+00
  -1.6310707e+02   3.2815856e+02   1.0000000e+00
  -8.7656889e+00  -3.9460426e+02   1.0000000e+00
   1.9409865e+02  -9.8963036e+01   1.0000000e+00
  -1.2551249e+02  -2.2715859e+02   1.0000000e+00
   1.2877316e+00   4.4114590e+01   1.0000000e+00
  -2.3389341e+02   9.6178751e+01   1.0000000e+00
  -6.5930158e+01   3.6838493e+02   1.0000000e+00
   7.7301940e+01   2.8973024e+02   1.0000000e+00
   3.3308297e+02  -1.5269900e+02   2.0000000e+00
  -1.7491549e+02  -4.5645521e+01   1.0000000e+00
  -1.0228786e+02   3.8647000e+02   2.0000000e+00
   1.7959379e+02  -1.8366314e+01   1.0000000e+00
   1.2909244e+01  -3.3321901e+02   1.0000000e+00
   1.6092777e+02   2.7862404e+02   1.0000000e+00
   3.6985151e+02   4.0516323e+02   2.0000000e+00
  -8.2898509e+01   2.8279373e+02   2.0000000e+00
  -6.2643042e+01   2.3928098e+02   1.0000000e+00
  -8.0576159e+01   7.9046054e+01   1.0000000e+00
   1.8485945e+02  -1.5489345e+02   1.0000000e+00
  -3.9570318e+02   3.2093444e+02   2.0000000e+00
  -1.4146993e+02  -1.0239990e+02   1.0000000e+00
  -7.6650099e+01   1.1056512e+02   1.0000000e+00
   1.0239744e+01  -8.2426414e+01   1.0000000e+00
   1.2633081e+02  -2.7666438e+02   1.0000000e+00
  -2.3168157e+02   2.2433705e+02   1.0000000e+00
   1.1466846e+02   1.2010116e+01   2.0000000e+00
   3.3895436e+02  -1.0064480e+02   1.0000000e+00
   2.9961894e+02  -2.1397248e+02   1.0000000e+00
   1.3239556e+02  -7.2341931e+01   1.0000000e+00
   3.8998534e+02  -4.4571169e+01   2.0000000e+00
  -3.2159499e+02   2.5237158e+02   1.0000000e+00
   3.9805615e+02   1.1279582e+02   1.0000000e+00
  -2.3874955e+02  -2.4307335e+01   1.0000000e+00
  -5.1357066e+01  -2.3493100e+02   1.0000000e+00
   2.5729509e+01   1.6392885e+02   1.0000000e+00
  -1.1015233e+02  -2.6652359e+02   1.0000000e+00
   2.8083565e+02   5.9518289e+01   1.0000000e+00
  -2.9306422e+02   3.6300909e+02   2.0000000e+00
  -1.6249269e+02  -2.3893268e+02   1.0000000e+00
  -7.7204971e+01   2.7651853e+02   2.0000000e+00
  -3.4049163e+02   7.3840206e+01   1.0000000e+00
   3.1653240e+02  -1.6349748e+02   1.0000000e+00
  -5.5005715e+01   7.7910397e+01   1.0000000e+00
  -2.2918333e+02  -3.9977463e+02   2.0000000e+00
   2.2665300e+02  -2.2534032e+02   1.0000000e+00
   2.2200657e+02  -5.7331817e+01   1.0000000e+00
  -5.9833346e+01   1.3268546e+02   1.0000000e+00
   3.4995917e+02  -3.1428822e+02   1.0000000e+00
   9.4933764e+01  -2.7067978e+02   1.0000000e+00
   1.2487023e+02   7.3859871e+01   1.0000000e+00
   2.2981668e+02  -2.1558050e+02   1.0000000e+00
   2.2279328e+02   7.2480760e+01   1.0000000e+00
  -3.4245135e+02   2.6955950e+02   1.0000000e+00
  -2.6775497e+02   1.4454630e+02   1.0000000e+00
  -2.8447492e+01  -2.0913924e+00   1.0000000e+00
   1.6489740e+02   1.1776529e+02   1.0000000e+00
   3.2733040e+02   1.3187012e+02   1.0000000e+00
   1.1829566e+01   1.9341492e+02   1.0000000e+00
   1.8227764e+02  -1.5646171e+02   1.0000000e+00
  -2.4548783e+02   2.7788067e+02   1.0000000e+00
   1.2383401e+02  -3.1404213e+02   1.0000000e+00
   2.1196285e+02  -1.9651936e+02   1.0000000e+00
   3.8788123e+02   1.0183568e+02   1.0000000e+00
   2.1340078e+02  -4.1416699e+02   2.0000000e+00
   2.3407682e+02   2.8583754e+02   1.0000000e+00
   3.8056450e+02   2.5464497e+02   2.0000000e+00
   2.1798505e+02  -3.9216892e+02   2.0000000e+00
  -6.9699273e+01  -1.3909745e+02   1.0000000e+00
  -2.5172358e+02   3.7372749e+02   1.0000000e+00
   9.6257207e+01  -1.6332883e+02   1.0000000e+00
  -1.5265364e+02  -4.0298896e+02   1.0000000e+00
   7.3992452e+01   4.0546010e+02   2.0000000e+00
   4.0641880e+02  -1.4899028e+01   2.0000000e+00
  -2.6252297e+02   2.7333195e+02   1.0000000e+00
  -2.0931292e+02  -1.8580196e+01   2.0000000e+00
  -2.4135513e+02   2.0130263e+01   1.0000000e+00
  -1.0964856e+01   1.0458238e+02   1.0000000e+00
   3.1392665e+01  -2.0968613e+02   1.0000000e+00
  -9.8104851e+01  -1.5310672e+02   1.0000000e+00
  -3.7020693e+02   3.1902270e+02   2.0000000e+00
  -1.1814080e+02  -1.1198173e+02   1.0000000e+00
   1.4373328e+02   2.6623555e+02   1.0000000e+00
   1.9272166e+02   1.5317185e+01   1.0000000e+00
   9.8444213e+01   2.8812786e+02   1.0000000e+00
  -3.1853493e+02   1.4594472e+02   1.0000000e+00
  -1.2362169e+02   8.5376007e+01   1.0000000e+00
  -2.6875871e+01  -3.9665939e+02   1.0000000e+00
  -2.9695310e+02  -2.7252821e+01   1.0000000e+00
   2.0983974e+01  -2.2223072e+02   1.0000000e+00
   1.5492404e+02   1.1502241e+02   1.0000000e+00
  -1.5184305e+02   1.4850673e+01   1.0000000e+00
  -3.0350343e+02  -1.0888379e+02   1.0000000e+00
   2.2597669e+02   3.3932962e+02   1.0000000e+00
   9.7254849e+01   2.4398765e+02   1.0000000e+00
   2.6167458e+02   6.0075057e+01   1.0000000e+00
  -2.0177842e+02   3.7729040e+02   1.0000000e+00
  -3.3326210e+01  -2.6811840e+02   1.0000000e+00
  -3.5350078e+01   2.2586002e+02   1.0000000e+00
   2.4401904e+02   2.7991658e+02   1.0000000e+00
  -4.1408303e+01  -2.0342367e+02   1.0000000e+00
   1.6575310e+02  -2.7915373e+02   1.0000000e+00
  -2.0078745e+02  -3.4808595e+02   1.0000000e+00
  -1.7898423e+02   1.7979626e+02   1.0000000e+00
  -2.0357521e+02  -3.3262457e+02   1.0000000e+00
   3.3260441e+02  -1.1803639e+02   1.0000000e+00
  -3.8947963e+02  -2.2944769e+02   1.0000000e+00
   3.9709674e+01   2.2863284e+02   1.0000000e+00
   3.6705701e+02   2.1059268e+02   1.0000000e+00
   4.3584387e+00  -7.1131117e+01   1.0000000e+00
  -2.3727813e+02  -3.5745405e+02   1.0000000e+00
   1.7081198e+02   3.4978566e+02   2.0000000e+00
   2.0532249e+02  -3.1162455e+02   1.0000000e+00
   1.1758571e+01  -5.5786340e+01   1.0000000e+00
  -1.6619455e+02  -2.0300053e+02   1.0000000e+00
  -2.0988326e+02  -1.7493993e+02   1.0000000e+00
   2.3251817e+02  -3.0639537e+02   1.0000000e+00
   1.1692784e+02  -3.9761631e+02   1.1000000e+00
   1.7991848e+02  -2.7801118e+02   1.0000000e+00
  -3.5835780e+02   3.8411105e+02   2.0000000e+00
  -1.9485228e+02   1.1601762e+02   1.0000000e+00
   3.0390170e+02  -1.5313041e+01   1.0000000e+00
   1.8018575e+01  -9.4026729e+01   1.0000000e+00
   8.7216979e+01   3.6227507e+02   1.0000000e+00
   1.2542135e+02   3.1791072e+02   1.0000000e+00
  -1.5203379e+02   3.2873047e+02   1.0000000e+00
  -1.0798712e+02  -3.6402112e+02   1.0000000e+00
  -3.4119808e+02   1.9788018e+02   2.0000000e+00
  -1.3695579e+02   3.3180939e+02   2.0000000e+00
  -3.2775668e+02  -2.1749443e+02   1.0000000e+00
   3.2870109e+02  -2.9752738e+02   1.0000000e+00
   2.2335530e+02   2.2062567e+02   1.0000000e+00
  -3.9974412e+02  -1.7687536e+02   1.0000000e+00
  -1.3622246e+02  -1.7987947e+02   1.0000000e+00
   3.5900520e+02  -1.7876896e+02   1.0000000e+00
   7.2516745e+01   3.6019669e+02   1.0000000e+00
  -4.0245954e+02   3.4075975e+02   2.0000000e+00
   2.0910707e+02  -2.2843259e+02   1.0000000e+00
  -8.5182842e+01   3.7290778e+02   2.0000000e+00
  -1.1724431e+02   3.6143921e+02   2.0000000e+00
  -3.8537348e+02  -5.2728699e+01   1.0000000e+00
  -6.5968326e+01   2.5656744e+02   1.0000000e+00
   3.5729524e+02  -6.9363427e+01   2.0000000e+00
  -4.0228277e+02  -3.7051873e+02   2.0000000e+00
  -3.0536867e+02  -7.1176536e+01   1.0000000e+00
   4.9871881e+01  -2.2723229e+02   1.0000000e+00
   7.7585109e+01   2.4382561e+02   1.0000000e+00
   2.0809023e+02   2.0540221e+02   1.0000000e+00
  -1.5822134e+02   2.6987219e+02   1.0000000e+00
  -2.8349945e+02  -3.6449279e+02   1.0000000e+00
   7.8249942e+01   2.2872078e+01   1.0000000e+00
  -1.2846551e+02  -3.9205382e+02   1.0000000e+00
  -6.9740944e+01   2.2936147e+02   1.0000000e+00
  -1.4877578e+02  -3.0623321e+02   1.0000000e+00
  -2.9820253e+02   1.7854602e+02   1.0000000e+00
  -1.7037520e+02   3.6031223e+02   2.0000000e+00
  -1.6128308e+02   3.6805444e+02   2.0000000e+00
  -7.3536617e+01  -2.2317632e+02   2.0000000e+00
  -1.1551753e+02   3.8075446e+02   2.0000000e+00
  -3.1060112e+01  -3.7563586e+02   1.0000000e+00
  -6.8096504e+01  -1.9238208e+02   1.0000000e+00
   1.1052892e+01   1.5925738e+02   1.0000000e+00
  -4.3734901e+01  -6.1219191e+01   2.0000000e+00
  -2.9822387e+02  -3.9691428e+02   2.0000000e+00
   2.3404140e+02   2.1992374e+02   1.0000000e+00
  -2.5400060e+02  -1.2390961e+02   1.0000000e+00
  -1.6704923e+02  -1.6271551e+02   1.0000000e+00
   7.0487116e-01  -3.9427849e+02   1.0000000e+00
  -3.1077712e+02  -2.5441552e+01   1.0000000e+00
   1.2221875e+02   2.7155713e+02   1.0000000e+00
   1.4844230e+02  -2.5625259e+02   1.0000000e+00
  -4.7711969e+01  -2.8945900e+02   1.0000000e+00
  -2.0331072e+02  -1.9269456e+02   1.0000000e+00
   1.9191792e+02  -3.6003796e+02   1.0000000e+00
   3.4298435e+02  -2.9368533e+02   1.0000000e+00
  -8.8814957e+01   3.0340831e+02   1.0000000e+00
  -2.3434845e+02  -7.7030266e+01   1.0000000e+00
   5.9873907e+01  -3.2006308e+02   1.0000000e+00
   2.9762510e+02   1.1954413e+02   1.0000000e+00
   9.5357692e+01   3.5937720e+02   1.0000000e+00
   1.9890067e+02   1.7484571e+01   1.0000000e+00
  -9.5431194e+01  -1.5979537e+02   1.0000000e+00
   2.5035835e+01   2.0990133e+02   2.0000000e+00
  -2.3268354e+02   1.6073802e+01   1.0000000e+00
  -7.8910512e+01   2.2075783e+02   1.0000000e+00
   1.0989255e+02   1.9614337e+02   1.0000000e+00
   1.1180403e+02  -3.2470415e+02   1.0000000e+00
   1.1412605e+01  -7.4370288e+01   1.0000000e+00
  -7.2326802e+01  -1.2946074e+02   1.0000000e+00
  -7.4913528e+01  -4.6971499e+01   1.0000000e+00
  -2.5954641e+02  -1.4656346e+02   1.0000000e+00
   2.8981192e+02  -3.8393930e+02   2.0000000e+00
   2.6573834e+02   9.8674102e+01   1.0000000e+00
   7.4489064e+01   1.0053988e+02   1.0000000e+00
   1.7013968e+02  -3.1331781e+02   1.0000000e+00
  -3.3083097e+02   7.0442863e+01   1.0000000e+00
  -3.9513882e+02  -4.7810847e+01   2.0000000e+00
  -2.5522650e+02   6.6545191e+01   1.0000000e+00
  -8.5301421e+01  -2.8648097e+02   1.0000000e+00
  -2.4043161e+02   4.0130851e+02   2.0000000e+00
   3.8241122e+01   9.0798912e+01   2.0000000e+00
   2.2550950e+02   2.4618054e+02   1.0000000e+00
  -4.2985195e+01   5.4903232e+01   1.0000000e+00
   1.8708391e+02   1.2373860e+02   1.0000000e+00
  -2.2708864e+01  -1.3858823e+01   1.0000000e+00
   2.0823113e+02   2.8689690e+02   1.0000000e+00
  -7.5431457e+01   4.0771688e+02   2.0000000e+00
  -3.6230843e+01  -3.9044632e+02   1.0000000e+00
   1.5250444e+02  -3.6959878e+02   1.0000000e+00
   1.8159605e+02   1.9060631e+02   1.0000000e+00
   1.0043912e+02  -1.3954474e+02   1.0000000e+00
   2.3789723e+02  -2.9887878e+02   2.0000000e+00
   2.4050766e+02  -1.1074463e+02   1.0000000e+00
  -2.0541817e+02  -1.0972624e+02   1.0000000e+00
   3.6710122e+02  -3.0182245e+02   1.0000000e+00
  -2.1593555e+02   1.7552410e+02   1.0000000e+00
   2.2576602e+02   1.7694788e+02   1.0000000e+00
   7.6769832e+01   1.3700175e+01   1.0000000e+00
   7.1247391e+01   3.8282692e+02   1.0000000e+00
   9.7124712e+01  -1.7831476e+02   1.0000000e+00
   1.1243975e+02   1.4914948e+02   1.0000000e+00
  -2.1190867e+02   3.0521144e+02   1.0000000e+00
  -2.1557564e+02  -2.3747155e+01   1.0000000e+00
  -1.7345457e+02  -4.8842618e+01   1.0000000e+00
   3.4185615e+02   3.6947255e+02   1.7000000e+00
   2.6966225e+02   3.3455263e+02   1.0000000e+00
  -1.7820747e+02  -8.4768307e+01   1.0000000e+00
   6.5710466e+01  -1.8353908e+02   1.0000000e+00
  -3.9584630e+02  -5.9341635e+01   2.0000000e+00
  -3.2298115e+02   2.9801131e+02   1.0000000e+00
  -1.9117579e+02   1.1204316e+02   1.0000000e+00
  -1.8943639e+02  -1.9154098e+02   1.0000000e+00
   2.2818770e+02  -6.2604465e+01   1.0000000e+00
  -7.3264669e+01   5.1425538e+01   1.0000000e+00
   2.1118848e+02   5.5559867e+01   1.0000000e+00
  -4.0188716e+02  -8.4040935e+01   1.0000000e+00
   1.9043265e+02   8.2242000e+00   1.0000000e+00
  -1.1062773e+01  -3.4900236e+02   1.0000000e+00
  -1.8701750e+02  -1.0469400e+01   1.0000000e+00
   1.7908737e+02   4.1519863e+01   1.0000000e+00
   1.2942572e+02  -1.7722283e+02   1.0000000e+00
   2.3693433e+02  -2.1690808e+02   1.0000000e+00
  -2.6775530e+02  -3.5382647e+02   1.0000000e+00
   2.9375359e+02  -8.7134539e+01   2.0000000e+00
  -3.5263691e+02  -1.8051329e+02   1.0000000e+00
   5.1007933e+01   3.3227717e+02   1.0000000e+00
  -1.6441083e+02   3.9217615e+02   2.0000000e+00
   7.4564923e+01   3.4401044e+02   1.0000000e+00
   2.4863276e+02   3.2403655e+02   1.0000000e+00
   1.6199550e+02  -3.6532950e+02   1.0000000e+00
   9.8872826e+01  -1.6180010e+02   1.0000000e+00
   2.7522599e+02  -3.0123336e+02   1.9000000e+00
   3.1099068e+02   6.3514876e+01   1.0000000e+00
   2.6793274e+02  -3.8698369e+02   2.0000000e+00
  -1.1938497e+02  -3.6128512e+02   1.0000000e+00
   2.6220639e-01  -2.8330168e+02   1.0000000e+00
   1.9960419e+02  -3.0120774e+01   1.0000000e+00
  -3.5619830e+02  -2.8848271e+02   1.0000000e+00
   1.3338061e+02  -1.9718419e+02   1.0000000e+00
   2.9993667e+02  -5.9143969e+01   1.0000000e+00
  -6.8812444e+01   3.7459057e+02   1.0000000e+00
  -3.0823016e+02   3.0017278e+02   1.0000000e+00
   1.0622178e+02  -3.6726413e+02   1.0000000e+00
  -3.0893727e+02   9.8012364e+01   2.0000000e+00
   2.8468749e+02  -3.4030758e+02   1.0000000e+00
   1.4905091e+02   3.2145254e+02   1.2000000e+00
  -1.1508042e+02   3.1298372e+02   1.0000000e+00
  -1.2756607e+02  -3.4636037e+02   1.0000000e+00
   1.8147952e+02  -2.0507841e+02   1.0000000e+00
  -4.5092970e+01   2.8471286e+01   1.0000000e+00
  -1.4996051e+02  -1.4314880e+01   1.0000000e+00
  -3.9286436e+02   3.8482051e+02   2.0000000e+00
   2.8546043e+02  -3.8671610e+02   2.0000000e+00
  -2.1103915e+02   3.7415775e+02   1.0000000e+00
   2.5082896e+02  -1.8350106e+02   1.0000000e+00
   8.3589440e+01   2.2603926e+02   1.0000000e+00
  -2.9879054e+02   3.1209522e+02   1.0000000e+00
   7.2837878e+01  -3.9104599e+01   1.0000000e+00
  -3.1829316e+02  -3.1463160e+02   2.0000000e+00
   8.6572931e+01  -3.5593044e+02   1.0000000e+00
   2.5057339e+02   1.9564872e+02   1.0000000e+00
  -4.0040515e+02   1.5922115e+02   2.0000000e+00
   3.3144300e+02   3.3790135e+02   1.0000000e+00
  -2.8033525e+02   2.5503133e+01   1.0000000e+00
   1.9775335e+02  -4.1309764e+02   2.0000000e+00
   7.1247564e+01  -2.4831243e+02   1.0000000e+00
  -3.9197500e+01   8.8213591e+01   1.0000000e+00
  -2.0357457e+02   1.4801757e+02   1.0000000e+00
  -8.0692566e+01   2.2815424e+02   1.0000000e+00
   1.5268894e+02   8.2926495e+01   1.0000000e+00
   2.0435479e+02  -1.6042693e+02   1.0000000e+00
   2.7027292e+02   3.9916637e+02   2.0000000e+00
   2.2419691e+02  -2.5503290e+02   1.0000000e+00
  -2.8523358e+02   1.0607236e+02   2.0000000e+00
   1.3115072e+02   1.0102397e+01   1.0000000e+00
   2.1213986e+01  -3.5280881e+02   1.0000000e+00
  -3.0361532e+02  -9.0944752e+01   1.0000000e+00
   2.3873389e+02  -3.2896384e+02   1.0000000e+00
   4.0166627e+02   3.0383608e+01   2.0000000e+00
  -2.8921139e+02   1.1086672e+02   2.0000000e+00
   3.7409327e+02  -2.4308661e+02   1.0000000e+00
   1.6688128e+02  -1.4635797e+02   1.0000000e+00
  -6.5030097e+01   3.2750222e+02   1.0000000e+00
   3.4871357e+02   8.1037095e+01   1.0000000e+00
   3.1249686e+02   1.0656026e+02   1.0000000e+00
  -2.6994446e+02   1.5869175e+02   1.0000000e+00
  -3.0563912e+02  -1.3993015e+02   1.0000000e+00
  -3.2074867e+02  -3.5446253e+02   1.0000000e+00
   1.5595495e+02   2.0746039e+02   1.0000000e+00
   1.8215476e+02  -2.9648101e+02   1.0000000e+00
   2.9497767e+02  -5.9721181e+01   1.0000000e+00
   1.4991413e+02  -3.4585760e+02   1.0000000e+00
  -3.4083200e+02   3.0391347e+02   2.0000000e+00
   1.0755098e+02  -3.4080527e+02   1.0000000e+00
   1.1063796e+02   4.0412197e+02   2.0000000e+00
  -1.6209319e+02   1.9107995e+02   1.0000000e+00
  -2.1117855e+02   4.7941882e+01   1.0000000e+00
  -3.6686829e+02  -2.4999819e+02   1.0000000e+00
   2.0484950e+02  -1.2909500e+02   2.0000000e+00
  -2.0277560e+01  -2.4164880e+02   2.0000000e+00
  -3.1507856e+02   3.2983087e+01   1.0000000e+00
   3.3926798e+02  -3.3283466e+02   1.0000000e+00
   1.5278353e+02   3.6507190e+02   2.0000000e+00
  -6.6260518e+01   3.8153280e+02   1.0000000e+00
   3.2978419e+02   1.9564719e+02   1.0000000e+00
  -3.0035994e+02  -4.0666277e+02   2.0000000e+00
  -3.9310282e+02  -3.7732635e+02   2.0000000e+00
   1.1021209e+02  -6.4444845e+01   1.0000000e+00
   1.3034860e+02  -2.4433651e+02   1.0000000e+00
   7.3318553e+00  -2.2338354e+00   1.0000000e+00
   1.6234663e+02   3.0719678e+02   1.0000000e+00
  -2.3855186e+02  -1.0845145e+02   1.0000000e+00
   2.1244673e+02  -8.2521827e+01   1.0000000e+00
   4.9755115e+01  -3.7917171e+02   2.0000000e+00
   2.1886191e+02   1.9569151e+02   1.0000000e+00
  -3.7828054e+02   3.5672679e+01   1.0000000e+00
  -1.8790834e+02  -2.5656073e+02   1.0000000e+00
  -3.0638836e+02   4.9434103e+01   1.0000000e+00
   2.4923666e+02  -9.6634195e+01   1.0000000e+00
  -3.8651818e+01  -2.1106136e+02   1.0000000e+00
  -2.8538092e+02   9.8562310e+01   1.0000000e+00
  -5.8698594e+01  -3.1772360e+02   1.0000000e+00
   6.3271202e+01   1.0617368e+02   2.0000000e+00
   3.6016473e+02  -2.5693504e+02   1.0000000e+00
   2.3080213e+02   1.2599798e+02   1.0000000e+00
   1.9245836e+02   3.6011129e+01   1.0000000e+00
  -3.4448458e+02   3.1781857e+01   1.0000000e+00
  -1.3812187e+02  -3.5150530e+02   1.0000000e+00
  -2.1649607e+02  -2.2023678e+02   1.0000000e+00
   2.3298012e+01   6.4159536e+01   1.0000000e+00
  -1.7517291e+02   8.1443134e+01   1.0000000e+00
  -2.0981758e+02  -3.1029432e+02   2.0000000e+00
   1.5155023e+02  -1.5943069e+02   1.0000000e+00
   2.8132690e+02   2.5803769e+02   1.0000000e+00
   2.1458363e+02   3.5517895e+01   1.0000000e+00
   3.3434328e+02  -2.6368089e+02   1.0000000e+00
  -2.2657664e+02   3.6720274e+01   1.0000000e+00
  -3.6003613e+02   3.0759606e+01   1.0000000e+00
   3.4568349e+02  -4.4191018e+01   1.0000000e+00
  -1.3566504e+02   1.1587278e+02   1.0000000e+00
   3.1449494e+02  -9.2002009e+01   1.0000000e+00
  -1.2007053e+02   1.8536369e+02   1.0000000e+00
   5.9251745e+00   9.0838901e+01   1.0000000e+00
  -3.3676937e+02   3.1461357e+02   2.0000000e+00
  -2.2558649e+02   4.1630995e+01   1.0000000e+00
   3.2866150e+02   6.2212976e+01   2.0000000e+00
   1.2094649e+02  -1.3207574e+02   1.0000000e+00
  -3.3074008e+02   1.9820972e+02   1.0000000e+00
   1.3561272e+01   2.5418075e+02   1.0000000e+00
   3.8362691e+01   1.1323204e+02   1.0000000e+00
  -4.5615033e+01  -1.4293965e+02   1.0000000e+00
   1.7890677e+02   1.5081317e+02   1.0000000e+00
   3.1618003e+02   1.6366066e+02   1.0000000e+00
  -3.3346331e+02   8.0813179e+01   1.0000000e+00
   4.0722370e+02   4.0449733e+02   2.0000000e+00
   2.2669259e+02  -1.9533434e+02   1.0000000e+00
   1.9786783e+02   3.9503082e+02   2.0000000e+00
  -4.0184097e+02  -1.2255142e+02   1.0000000e+00
  -1.9526316e+02  -3.7196229e+02   1.0000000e+00
  -1.9371398e+02  -1.1322842e+02   1.0000000e+00
   1.0485222e+01   2.3812305e+02   1.0000000e+00
  -1.6065952e+02   3.1928972e+02   1.0000000e+00
  -3.0545632e+02  -1.3674110e+02   1.0000000e+00
  -8.1417093e+01  -3.9457529e+02   1.0000000e+00
   1.7829534e+02  -3.2846202e+02   1.0000000e+00
   3.6871968e+02   2.0711918e+01   1.0000000e+00
  -3.9367168e+02   2.9147904e+00   1.0000000e+00
  -1.1667289e+02   4.0102724e+02   2.0000000e+00
   3.8841605e+01   1.1148068e+00   1.0000000e+00
  -4.7575598e+01   1.5824626e+02   1.0000000e+00
   2.7589527e+02   7.6838373e+01   1.0000000e+00
  -3.5808038e+02   2.0401036e+01   1.0000000e+00
   8.0468960e+01  -3.0078580e+02   1.0000000e+00
  -1.5127191e+02   3.4227316e+02   2.0000000e+00
  -6.3102515e+01   1.9379451e+02   1.0000000e+00
  -1.6309221e+02  -1.8819541e+02   1.0000000e+00
   2.7868903e+02  -2.7231983e+02   1.0000000e+00
  -1.9596636e+02  -3.9837751e+02   2.0000000e+00
   2.3596041e+02   2.7704049e+02   1.0000000e+00
  -2.8225410e+02   3.1349537e+02   1.0000000e+00
   1.8312420e+02   2.4203178e+02   1.0000000e+00
   3.5270287e+02  -2.5812960e+02   1.0000000e+00
   2.1357672e+02  -2.1428310e+02   1.0000000e+00
   1.8107239e+02  -3.6584466e+02   1.0000000e+00
   1.3168035e+02  -3.5166620e+02   1.0000000e+00
   1.9305770e+02  -3.7197239e+02   1.0000000e+00
  -3.4658375e+02   9.8996609e+01   2.0000000e+00
   2.0966463e+02   2.4259481e+02   1.0000000e+00
   1.9173114e+02  -4.1310679e+02   2.0000000e+00
  -1.2438694e+02  -2.0518020e+02   1.0000000e+00
   9.6466779e+01  -1.4238567e+02   1.0000000e+00
   2.4930505e+02  -9.4928877e+01   1.0000000e+00
  -1.3499204e+02   3.8063815e+02   2.0000000e+00
   3.6421352e+02  -3.2129881e+02   1.0000000e+00
   2.9550277e+02   1.3322801e+02   1.0000000e+00
  -3.3725165e+02   1.0082153e+02   2.0000000e+00
  -3.2327125e+02  -1.9729050e+01   1.0000000e+00
  -2.2072881e+02  -4.0995683e+02   2.0000000e+00
   9.4501888e+01  -1.7699728e+02   1.0000000e+00
  -3.7387454e+02  -3.3439926e+02   2.0000000e+00
   2.8949963e+02  -1.5457285e+01   1.0000000e+00
   3.5834931e+02   1.9941776e+02   1.0000000e+00
  -2.6964471e+02  -1.1909439e+01   1.0000000e+00
   3.4423365e+02   1.1726555e+02   1.0000000e+00
  -1.3823865e+02  -2.3419853e+02   1.0000000e+00
  -3.6277835e+02  -1.3178041e+02   1.0000000e+00
  -2.8811887e+02   1.1005863e+02   1.0000000e+00
   1.1096845e+01   1.6124517e+02   1.0000000e+00
  -2.7880053e+02  -3.9139553e+01   1.0000000e+00
   1.2275008e+02   7.0030243e+01   1.0000000e+00
   3.8083989e+02   1.0197927e+02   1.0000000e+00
   7.8182963e+01  -1.3599681e+02   1.0000000e+00
   3.1253084e+02  -1.7039189e+02   1.0000000e+00
   1.2884987e+02  -4.3042803e+01   1.0000000e+00
  -1.1420207e+02  -3.2378571e+02   1.0000000e+00
   3.8422206e+02   6.3512729e+01   1.0000000e+00
  -2.1801056e+01   5.5094648e+00   1.0000000e+00
   2.1782142e+02  -1.3787818e+02   1.0000000e+00
  -1.9591786e+02  -2.3317472e+01   1.0000000e+00
  -3.9373470e+02  -6.0862993e+01   2.0000000e+00
  -3.2449702e+02  -2.0078917e+02   1.0000000e+00
  -8.1384518e+01   2.6792467e+02   2.0000000e+00
   2.0276303e+02  -3.4968971e+02   1.0000000e+00
   3.8406020e+02   2.4877154e+02   1.8000000e+00
   1.6227237e+02  -4.0324388e+02   1.0000000e+00
   9.4745054e+00   3.1521775e+01   1.0000000e+00
  -3.6562164e+02   5.2376094e+01   1.0000000e+00
   2.2494461e+02  -1.8136880e+02   1.0000000e+00
   1.4235981e+01  -3.9406999e+02   1.0000000e+00
  -3.9003887e+02   4.9379158e+01   1.0000000e+00
   3.3484381e+02  -3.6106821e+02   2.0000000e+00
  -2.9548946e+01   2.8876109e+02   1.0000000e+00
  -1.2908285e+02   2.6725450e+02   2.0000000e+00
  -9.8630971e+01  -1.2198913e+02   1.0000000e+00
   3.5252419e+02  -3.5782226e+02   1.0000000e+00
   2.2106684e+02  -9.1744236e+01   1.0000000e+00
   1.4784492e+02  -2.5876769e+02   1.0000000e+00
   1.8029391e+02  -4.1602182e+01   1.0000000e+00
  -4.3360210e+01   7.5075671e+01   1.0000000e+00
  -3.9651289e+02   3.5844261e+02   2.0000000e+00
   3.2327704e+02   3.1001373e+02   1.0000000e+00
   2.9296111e+01  -1.6679811e+02   1.0000000e+00
   4.1235494e+01  -1.1180877e+02   1.0000000e+00
  -3.9304246e+02  -3.9635558e+02   2.0000000e+00
   2.1882438e+02  -2.9576807e+02   1.0000000e+00
  -2.0432201e+02   2.9333083e+02   1.0000000e+00
   2.0448524e+02   2.2757310e+02   1.0000000e+00
  -7.1350351e+01   2.8846956e+02   1.0000000e+00
   2.6167126e+02  -1.8624035e+02   1.0000000e+00
   3.4247990e+02  -2.3843476e+02   1.0000000e+00
   3.2242709e+02  -2.7792797e+02   1.0000000e+00
  -1.7869576e+02  -1.5057491e+01   1.0000000e+00
  -1.0543529e+02  -2.4808851e+02   1.0000000e+00
  -3.5212494e+02  -2.6707305e+02   2.0000000e+00
  -4.0791810e+02   3.3287876e+02   2.0000000e+00
  -2.5586411e+02   3.6323212e+02   1.0000000e+00
  -3.7293014e+02  -1.8607114e+02   1.0000000e+00
   3.0631715e+02   4.1094646e+01   1.0000000e+00
  -3.1358394e+02   2.0583386e+00   1.0000000e+00
  -1.3808980e+02  -1.5784858e+02   1.0000000e+00
   1.6934494e+02  -1.3436553e+02   1.0000000e+00
   5.3594230e+01   2.6813247e+02   1.0000000e+00
  -3.3873918e+02  -1.8404049e+02   1.0000000e+00
  -7.0070248e+01  -3.4497865e+00   1.0000000e+00
   8.0837603e+01  -5.3835390e+01   1.0000000e+00
  -3.9948345e+02   3.4061551e+02   2.0000000e+00
   3.8640967e+02   2.7363089e+02   2.0000000e+00
   2.3761515e+02   2.8929344e+02   1.0000000e+00
  -5.6771180e+01   1.2388745e+01   1.0000000e+00
  -3.6338189e+02  -3.5314175e+02   2.0000000e+00
   1.2962032e+02  -3.0725005e+02   1.0000000e+00
   1.9599778e+02   2.5630203e+02   1.0000000e+00
   2.5301525e+02  -2.7075576e+02   1.0000000e+00
  -3.2413444e+02   5.8633222e-02   1.0000000e+00
  -2.9486984e+02  -1.4389185e+02   1.0000000e+00
  -4.9851298e+01  -2.3815440e+02   1.0000000e+00
  -1.1247958e+02   3.2966472e+02   1.0000000e+00
   3.2964445e+02   2.0253036e+02   1.0000000e+00
   3.7731369e+02   3.8636648e+02   2.0000000e+00
  -2.0244790e+02   2.0126915e+02   1.0000000e+00
  -2.3389314e+02   1.2974989e+02   1.0000000e+00
  -6.1303971e+01   1.8270618e+01   1.0000000e+00
  -1.8326485e+02  -3.3138550e+02   1.0000000e+00
  -4.0542359e+01   3.0670911e+02   1.0000000e+00
   2.2619619e+02   9.2838335e+00   1.0000000e+00
   1.4236299e+02  -1.0556495e+02   1.0000000e+00
   8.7052110e+01   6.7607417e+01   1.0000000e+00
  -6.5943815e+01   3.2498888e+02   1.0000000e+00
  -2.2085750e+02   4.5096064e+01   1.0000000e+00
  -2.1716227e+02  -2.8032655e+02   2.0000000e+00
  -1.7415226e+02  -3.9558233e+02   2.0000000e+00
   2.1690433e+01   2.6288188e+02   1.0000000e+00
  -8.5893703e+01   1.2211975e+02   1.0000000e+00
  -9.6758415e+00  -2.8313391e+02   1.0000000e+00
  -7.6040093e+01  -2.6337111e+02   1.0000000e+00
   1.6593127e+02   1.1298360e+02   1.0000000e+00
  -6.0734548e+01  -7.6612514e-01   1.0000000e+00
  -2.0742991e+02  -1.3609200e+02   1.0000000e+00
   2.2341742e+01  -3.2445444e+02   1.0000000e+00
   3.4393373e+02  -5.8371672e+01   1.0000000e+00
   2.3655142e+02   5.6730016e+01   1.0000000e+00
   3.8280438e+02   3.2098800e+02   1.0000000e+00
  -2.9157894e+01   3.3864211e+02   1.0000000e+00
   3.2786329e+02  -1.6018149e+02   2.0000000e+00
  -8.6619323e+00   3.7283383e+01   1.0000000e+00
   3.6507624e+02  -3.7909273e+01   1.0000000e+00
   3.3107746e+02  -8.0754731e+01   1.0000000e+00
   2.3265514e+02  -2.2648826e+02   1.0000000e+00
  -3.9044080e+02   1.8758933e+02   2.0000000e+00
  -2.2540278e+02  -2.0293528e+02   1.0000000e+00
  -8.3675406e+01   2.7798309e+02   2.0000000e+00
  -2.6327735e+02   1.3151451e+02   1.0000000e+00
   2.7780446e+02  -4.0276543e+02   2.0000000e+00
   3.4062416e+02  -3.4147797e+02   1.0000000e+00
  -2.0789711e+02  -1.9201714e+02   1.0000000e+00
   8.5081118e+01   2.7614252e+02   1.0000000e+00
  -6.7326132e+01   2.2352675e+02   1.0000000e+00
   1.3728932e+02  -1.0296618e+01   1.8000000e+00
   1.1426087e+02  -6.1879759e+01   1.0000000e+00
   2.8315527e+02   8.8764566e+01   1.0000000e+00
  -3.5490012e+02  -2.8797734e+02   1.0000000e+00
  -1.7494520e+02   1.4281949e+02   1.0000000e+00
  -8.5676175e+01  -7.3326274e+01   1.0000000e+00
   3.4928980e+02  -2.4437191e+02   1.0000000e+00
   3.8305488e+02  -1.4889530e+02   1.0000000e+00
   3.1016781e+02   8.0047288e+01   1.0000000e+00
  -2.2313364e+02   2.9276511e+02   1.0000000e+00
  -3.7596082e+02   4.0345023e+02   2.0000000e+00
  -3.8794485e+02   9.4893227e+01   2.0000000e+00
   2.6039233e+02   4.5845602e+01   2.0000000e+00
  -3.2247594e+02   3.6232790e+02   1.0000000e+00
  -6.8742529e+01  -1.0072457e+02   1.0000000e+00
  -4.9556296e+01  -3.0845039e+02   1.0000000e+00
  -3.3580857e+01   1.5901076e+02   1.0000000e+00
   5.2403212e+01  -2.3664704e+02   1.0000000e+00
   3.0337986e+02  -3.2866577e+02   1.0000000e+00
  -1.1316624e+02   5.9459992e+01   1.0000000e+00
  -3.0150738e+02   3.9446436e+01   1.0000000e+00
  -2.9780545e+01   3.8449968e+02   1.0000000e+00
  -2.5880135e+02  -3.7150703e+02   1.0000000e+00
  -1.4109374e+02   6.5802085e+01   1.0000000e+00
  -6.2780378e+00  -3.6167480e+01   1.0000000e+00
  -3.2894325e+02  -2.1640636e+02   1.0000000e+00
  -9.6865651e+01  -2.0125751e+02   1.0000000e+00
   3.2460766e+02  -3.1929571e+02   1.0000000e+00
   1.8161963e+02   2.1666621e+02   1.0000000e+00
   1.5327374e+02  -3.6404940e+02   1.0000000e+00
  -3.1234975e+02   2.1638699e+02   1.0000000e+00
   9.3546540e+01  -1.7856914e+02   1.0000000e+00
   1.3565211e+02   1.4062231e+00   2.0000000e+00
