   2.2017491e+02  -2.0348138e+02   2.0000000e+00
   1.8615267e+02  -2.6715833e+02   2.0000000e+00
   1.8280140e+02  -2.6073538e+02   2.0000000e+00
  -3.6511501e+02  -3.3945825e+02   1.0000000e+00
   6.0286098e+01   3.1294259e+01   2.0000000e+00
  -2.1531390e+02   4.4303148e+01   2.0000000e+00
  -2.2864539e+02  -3.3189938e+02   2.0000000e+00
  -2.0036556e+02   3.8339002e+02   2.0000000e+00
  -4.1888088e+02   2.2461744e+02   1.0000000e+00
  -3.1418725e+02  -6.8062154e+01   2.0000000e+00
   3.4473292e+02  -1.6120354e+02   2.0000000e+00
  -1.3177768e+02   1.6920498e+02   2.0000000e+00
   1.7613625e+02  -6.5367134e+00   2.0000000e+00
   3.1113523e+02  -1.7001288e+02   2.0000000e+00
   1.4427975e+02   2.8169450e+02   2.0000000e+00
   3.2663474e+02   3.2438098e+02   1.0000000e+00
   3.1923178e+02   1.3385242e+02   2.0000000e+00
  -3.5424409e+02  -4.0298090e+01   2.0000000e+00
  -3.3303437e+02   2.3343375e+02   1.0000000e+00
  -3.5624623e+02  -3.8788328e+02   1.0000000e+00
  -3.6754393e+02  -7.5883647e+01   2.0000000e+00
   1.0661277e+02  -4.1551380e+02   1.0000000e+00
  -3.6228288e+01   1.9429006e+02   2.0000000e+00
   3.3893860e+02   2.0036950e+02   1.0000000e+00
  -3.3058116e+02  -3.9298491e+02   1.0000000e+00
   3.4311986e+02  -4.1307101e+02   1.0000000e+00
   3.4942458e+02   3.1885268e+02   1.0000000e+00
  -1.2578353e+01   2.9057709e+02   2.0000000e+00
   3.0766528e+02   2.8619682e+02   1.0000000e+00
  -2.8557393e+02  -3.8709051e+02   1.0000000e+00
  -2.6677028e+02   2.5122568e+02   1.6000000e+00
   3.4491491e+02  -3.5346879e+02   2.0000000e+00
  -1.1168333e+02   2.7241132e+01   2.0000000e+00
   3.4372725e+02  -1.3519145e+02   2.0000000e+00
  -2.1539594e+02  -3.5443942e+02   2.0000000e+00
   1.0135474e+02  -1.6841827e+02   2.0000000e+00
   9.0595655e+01  -2.2858353e+02   2.0000000e+00
  -1.0552455e-01   3.3685123e+02   2.0000000e+00
  -1.2552585e+02  -2.8458536e+02   2.0000000e+00
  -4.6843911e+01   2.8275004e+02   2.0000000e+00
  -2.3787289e+02   2.7874384e+02   2.0000000e+00
  -1.5956268e+02  -3.5576829e+02   2.0000000e+00
   1.8568656e+02   5.1419649e+01   2.0000000e+00
  -2.1382085e+02  -3.5726943e+02   2.0000000e+00
   3.3459043e+02   3.2024451e+02   1.0000000e+00
  -1.6103814e+02  -2.0809989e+02   2.0000000e+00
   3.3689387e+02   8.8171461e+01   2.0000000e+00
  -3.7797884e+01   3.4960810e+01   2.0000000e+00
  -1.4128491e+02   2.8521249e+02   2.0000000e+00
   1.7321393e+02  -2.1939788e+02   2.0000000e+00
  -2.7232850e+02   3.9625171e+02   1.0000000e+00
   2.0625233e+02  -2.1608753e+02   2.0000000e+00
   7.5062701e+01   7.9979025e+01   2.0000000e+00
  -3.2082403e+02  -3.5562561e+02   1.0000000e+00
  -4.1383040e+02   1.4547551e+02   2.0000000e+00
   2.6364328e+02  -2.3984407e+02   2.0000000e+00
   1.1163092e+01  -1.2121245e+02   2.0000000e+00
  -3.1287602e+02  -2.7721930e+02   1.0000000e+00
   3.6826695e+02  -1.2978008e+02   2.0000000e+00
  -2.1072065e+02  -1.9425380e+02   2.0000000e+00
   1.4612811e+02   3.1213668e+01   2.0000000e+00
   3.6880411e+02  -5.1356880e+01   2.0000000e+00
   1.2192258e+02   3.5795879e+02   2.0000000e+00
  -4.1058498e+02   3.6955198e+01   2.0000000e+00
   3.9570762e+02   1.4844845e+01   2.0000000e+00
   3.4435381e+02  -4.0524360e+02   2.0000000e+00
  -3.6916375e+02  -5.6720513e+01   2.0000000e+00
  -3.2807963e+02  -3.3356608e+01   2.0000000e+00
  -2.9082509e+01  -3.8071928e+02   2.0000000e+00
  -1.0740065e+02  -1.7753476e+02   2.0000000e+00
  -1.2603453e+02  -2.9853137e+02   2.0000000e+00
   5.2764880e+00   7.1951893e+01   2.0000000e+00
  -2.1876800e+02  -3.0443619e+02   2.0000000e+00
   2.8606930e+02   1.9828718e+02   2.0000000e+00
  -3.2144444e+02   2.6417775e+02   1.0000000e+00
   2.2115819e+02   3.3199199e+02   1.0000000e+00
   3.9859667e+02   5.7556885e+01   2.0000000e+00
   2.9121390e+02   2.9457986e+02   1.0000000e+00
  -1.2518281e+02   2.0244980e+02   2.0000000e+00
   3.2584745e+02   2.1176013e+02   2.0000000e+00
   2.7787275e+02   4.7656367e+01   2.0000000e+00
   2.6046547e+02   2.5873691e+02   2.0000000e+00
   1.9994012e+02  -1.6439456e+02   2.0000000e+00
   1.3490562e+01  -3.1405439e+02   2.0000000e+00
  -2.5936879e+02   3.1400148e+02   2.0000000e+00
  -2.2229126e+02   2.4051684e+02   2.0000000e+00
   6.8674385e+01  -1.7776257e+02   2.0000000e+00
  -1.1084775e+02  -2.3560925e+02   2.0000000e+00
   2.9290579e+01  -6.9523742e+00   2.0000000e+00
   2.2066464e+02   3.2159365e+02   1.0000000e+00
  -3.4920192e+02   2.3874414e+02   1.0000000e+00
   1.4305515e+02   8.3446781e+01   2.0000000e+00
   2.6111509e+02   2.3609515e+02   2.0000000e+00
   6.5696001e+01   3.4286264e+02   2.0000000e+00
  -2.8411946e+02  -3.7286998e+02   1.0000000e+00
   2.8085701e+02  -4.1059597e+02   2.0000000e+00
  -4.0308908e+02   1.1521230e+02   2.0000000e+00
   2.8728712e+02  -2.1825841e+01   2.0000000e+00
  -5.0451073e+01  -1.2480937e+02   2.0000000e+00
   3.3668605e+02  -1.2704229e+02   2.0000000e+00
  -3.0541111e+02  -6.5798811e+01   2.0000000e+00
  -6.6407869e+01   2.1427671e+02   2.0000000e+00
   2.5848944e+02   2.4873856e+02   2.0000000e+00
  -2.2697694e+02   2.1630746e+02   2.0000000e+00
   1.3012381e+02   3.2118549e+02   2.0000000e+00
   3.5378206e+02   2.3717328e+02   1.0000000e+00
   2.3388259e+02   2.4015725e+02   2.0000000e+00
   3.0309953e+02   6.4079762e+01   2.0000000e+00
   9.3665908e+01   3.6280428e+02   2.0000000e+00
   2.9352861e+02   2.2976486e+02   2.0000000e+00
   2.6905460e+02   3.7954947e+01   2.0000000e+00
   2.4914325e+02  -2.3238442e+02   2.0000000e+00
   3.6602478e+02  -3.4177706e+01   2.0000000e+00
   1.1970884e+02   3.3549882e+02   2.0000000e+00
  -6.0964099e+01  -2.8735369e+02   2.0000000e+00
  -5.8712974e+01   2.1462246e+02   2.0000000e+00
  -3.4688581e+02   3.0409306e+02   1.0000000e+00
   1.7376249e+02   1.0730664e+02   2.0000000e+00
  -2.2862791e+02   2.4404413e+02   2.0000000e+00
  -2.9302259e+02  -2.1722354e+02   2.0000000e+00
   5.5877710e+01   3.4072498e+02   2.0000000e+00
   1.0016267e+02   2.8705168e+02   1.0000000e+00
  -1.9360191e+02  -2.5250608e+02   2.0000000e+00
  -3.6698369e+00   3.6283891e+02   2.0000000e+00
  -2.0803932e+02   2.4076394e+02   2.0000000e+00
   7.9896626e+01  -1.9328894e+02   2.0000000e+00
   2.6903281e+02  -3.2012119e+02   2.0000000e+00
   2.7085278e+02  -2.5004380e+02   2.0000000e+00
  -7.7621813e+01  -4.0036579e+02   2.0000000e+00
   1.9840527e+01  -1.4663426e+02   2.0000000e+00
   2.8321023e+02   2.9630888e+02   1.0000000e+00
  -2.5415360e+02   3.0705667e+02   2.0000000e+00
   4.1846042e+01  -2.7847049e+02   2.0000000e+00
   3.3015617e+02   1.0969707e+02   2.0000000e+00
  -9.3719993e+01   9.6202794e+01   2.0000000e+00
   2.4583220e+02  -5.5959268e+01   2.0000000e+00
   1.8118686e+02  -2.0643553e+02   2.0000000e+00
  -6.1908116e+01  -1.2862593e+02   2.0000000e+00
  -3.3031187e+01  -2.7087878e+02   2.0000000e+00
  -2.7634613e+02  -2.9439458e+02   2.0000000e+00
  -1.5152422e+02   4.0691673e+02   2.0000000e+00
  -1.7327794e+02   2.4381323e+02   2.0000000e+00
  -1.2312284e+02  -8.9203742e+01   1.0000000e+00
  -3.8497235e+02   1.2008018e+02   2.0000000e+00
   5.6824701e+01  -3.7607808e+02   2.0000000e+00
  -1.3001534e+02   2.2314361e+02   2.0000000e+00
  -2.6197163e+02  -1.8555857e+02   2.0000000e+00
   1.1350208e+02   2.4184930e+02   2.0000000e+00
  -2.6031586e+02  -2.6866894e+02   2.0000000e+00
   2.4518112e+02  -6.9843318e+01   2.0000000e+00
  -1.6716168e+02   3.8724382e+02   2.0000000e+00
  -8.4022126e+01   2.0319321e+02   2.0000000e+00
  -5.2588437e+01   3.3394918e+01   2.0000000e+00
   2.3028529e+02   2.4753190e+02   2.0000000e+00
  -5.6162763e+01   4.0885986e+02   2.0000000e+00
  -2.9945993e+02  -2.6289646e+02   2.0000000e+00
  -2.9341305e+01  -3.7362188e+02   2.0000000e+00
   1.4823733e+02   5.8707911e+01   2.0000000e+00
  -2.9175741e+02   1.9679663e+02   1.0000000e+00
  -3.0511461e+02   7.3998120e+00   2.0000000e+00
  -1.6464520e+02  -3.1885735e+02   2.0000000e+00
  -3.6664657e+02  -2.9674853e+02   1.0000000e+00
  -9.2879165e+01  -2.4203041e+02   2.0000000e+00
  -2.6099356e+02   4.0362855e+02   1.0000000e+00
  -3.9254541e+02  -1.2521636e+02   2.0000000e+00
   2.5423394e+02  -1.0781267e+02   2.0000000e+00
  -2.2182467e+02   1.4402042e+02   2.0000000e+00
  -2.2247933e+02   2.3775246e+02   2.0000000e+00
   1.4907400e+02   3.2681617e+02   2.0000000e+00
   1.1485384e+01   2.7330506e+02   2.0000000e+00
   2.2047190e+02   3.1992801e+02   1.0000000e+00
  -3.5517021e+02  -5.1843720e+01   2.0000000e+00
  -2.8250276e+02   3.2957051e+02   2.0000000e+00
  -3.2199440e+02  -1.6384799e+02   2.0000000e+00
   8.8975059e+01   7.2952440e+01   2.0000000e+00
   2.6956776e+02  -1.2504157e+02   2.0000000e+00
  -3.2503761e+02  -3.7293974e+02   1.0000000e+00
  -3.0515069e+02  -3.6747899e+01   2.0000000e+00
   1.1362394e+02   9.1762337e+01   2.0000000e+00
   2.9793575e+02   1.9991081e+02   2.0000000e+00
   2.8023815e+02  -2.6860028e+02   2.0000000e+00
   2.4458552e+02   1.1331081e+02   2.0000000e+00
   9.4804136e+01   3.1000087e+02   2.0000000e+00
   1.8880782e+02  -1.9446234e+01   2.0000000e+00
  -1.9963821e+02   3.9424982e+02   2.0000000e+00
  -9.4090189e+01  -2.9790251e+02   2.0000000e+00
   2.1383220e+02  -2.8738349e+02   2.0000000e+00
   3.2329446e+02  -3.9742352e+02   2.0000000e+00
   4.1133801e+01   2.4040060e+02   2.0000000e+00
   2.3480104e+02   1.2785513e+02   2.0000000e+00
  -3.1592824e+02  -3.7300467e+02   1.0000000e+00
   2.1422069e+02  -2.8144891e+02   2.0000000e+00
  -3.5540715e+02   2.8019542e+02   1.0000000e+00
   3.6691616e+02   1.5975488e+02   1.0000000e+00
   4.0821737e+02  -2.3565678e+02   2.0000000e+00
   2.1044556e+02   1.5724731e+02   2.0000000e+00
   4.0062056e+02  -2.7218022e+02   2.0000000e+00
   2.0618424e+02  -1.6675589e+02   2.0000000e+00
  -3.1826517e+02   2.4369852e+02   1.0000000e+00
   4.0549558e+02  -2.7849144e+02   2.0000000e+00
  -1.9018433e+02  -3.6236578e+02   2.0000000e+00
  -1.1371466e+00   2.3325187e+02   2.0000000e+00
  -7.6339959e+01  -1.9597000e+02   2.0000000e+00
  -3.6191148e+02   3.7551372e+02   1.0000000e+00
  -1.0741799e+02  -2.5736018e+02   2.0000000e+00
  -3.7699404e+02   2.8510495e+02   1.0000000e+00
   6.8091633e+01  -1.7020646e+02   2.0000000e+00
   1.0188495e+02   4.2984876e+01   2.0000000e+00
   1.3366568e+02  -2.7951550e+02   1.0000000e+00
   1.7457014e+02   6.0537224e+01   2.0000000e+00
  -1.0852360e+02  -3.7507077e+02   2.0000000e+00
   3.5449679e+02  -3.7270708e+02   2.0000000e+00
  -2.6096844e+01  -7.7492713e+01   2.0000000e+00
   3.5736415e+02  -3.2738890e+02   2.0000000e+00
  -3.7687658e+02  -2.8181684e+02   1.0000000e+00
  -5.7208425e+01   1.8124178e+02   2.0000000e+00
   1.9172358e+02  -2.4177479e+02   2.0000000e+00
   3.2816066e+02   1.6031041e+02   2.0000000e+00
   1.5927788e+02  -3.5381070e+02   2.0000000e+00
   2.4768705e+02  -3.3069868e+02   2.0000000e+00
  -7.7498081e+01   2.9498185e+02   2.0000000e+00
  -2.6436103e+02  -3.1526170e+02   1.0000000e+00
  -1.6938035e+01   2.2278516e+02   2.0000000e+00
   2.0758342e+02   1.3419899e+02   2.0000000e+00
   2.1549827e+02  -1.8689383e+02   2.0000000e+00
   2.1619754e+02  -1.7302233e+02   2.0000000e+00
   3.7696478e+02  -1.2619755e+01   2.0000000e+00
  -3.1729861e+02   1.7616176e+02   1.0000000e+00
   3.6517840e+02   2.5682987e+02   1.0000000e+00
  -2.7962054e+02  -2.1960535e+02   2.0000000e+00
   1.0832422e+02  -1.1351735e+02   1.0000000e+00
  -3.1966933e+02  -8.0305968e+01   2.0000000e+00
  -2.0906507e+02  -3.3322314e+02   2.0000000e+00
  -6.5337710e+00   7.9400927e+00   2.0000000e+00
  -9.9524363e+01   1.0061684e+02   2.0000000e+00
  -1.7614974e+02   3.8901607e+02   2.0000000e+00
  -3.1372523e+00   2.3779321e+02   2.0000000e+00
   2.0849098e+02   1.8392511e+02   2.0000000e+00
   2.5654658e+02   3.5353084e+02   1.0000000e+00
  -3.5403634e+02  -2.2587265e+01   2.0000000e+00
   1.1110632e+02  -3.1272512e+02   2.0000000e+00
   1.1387252e+02   5.2375649e+01   2.0000000e+00
  -7.5066584e+01  -1.5087531e+02   2.0000000e+00
   2.2614038e+02   1.3474365e+02   2.0000000e+00
  -2.8419929e+01   1.1049074e+02   2.0000000e+00
  -3.9466779e+02   8.1212241e+01   2.0000000e+00
  -3.4115397e+02  -3.4130843e+02   1.0000000e+00
   6.9482215e+01   2.0303057e+02   2.0000000e+00
  -2.8561355e+02  -3.0385559e+02   2.0000000e+00
  -1.4765915e+02   5.2870627e+00   2.0000000e+00
  -2.2826492e+02   3.5673119e+02   2.0000000e+00
   6.4456537e+01  -3.7903402e+02   2.0000000e+00
  -3.7019605e+02  -1.4911272e+02   1.0000000e+00
  -2.2913680e+02  -3.3943883e+02   2.0000000e+00
   2.2162459e+02   2.5283675e+02   2.0000000e+00
  -1.2667137e+02   3.6566194e+02   2.0000000e+00
  -4.6612099e+00   3.8175916e+02   2.0000000e+00
  -3.2294777e+02  -3.4057892e+02   1.0000000e+00
  -1.1591868e+02   1.3593908e+02   2.0000000e+00
   2.4799676e+01  -3.8696574e+02   2.0000000e+00
  -8.7764815e+00  -3.8892913e+02   2.0000000e+00
  -5.9084200e+01   1.3228326e+02   2.0000000e+00
  -5.5788423e+01   3.2138361e+02   2.0000000e+00
  -1.1753759e+02  -3.8601988e+02   1.0000000e+00
   2.6022875e+02   8.4812778e+01   2.0000000e+00
  -4.1079948e+02   2.3550448e+02   1.1000000e+00
  -2.1894595e+02  -2.2571838e+02   1.0000000e+00
   3.0716215e+02  -1.6848969e+02   2.0000000e+00
  -2.3444838e+02  -4.3508422e+01   2.0000000e+00
  -1.1533498e+00   2.6904478e+02   2.0000000e+00
  -1.0658498e+02   1.2111593e+02   2.0000000e+00
   2.6630531e+02  -2.9434419e+02   2.0000000e+00
   1.8155992e+02  -4.1045710e+02   1.0000000e+00
  -1.7043729e+02   1.1601689e+02   2.0000000e+00
  -1.1921481e+02   1.3453387e+02   2.0000000e+00
   2.4702769e+02  -3.7513019e+02   2.0000000e+00
  -2.4171724e+02  -3.7498264e+02   1.0000000e+00
   3.2284015e+02  -3.4626181e+02   2.0000000e+00
   1.8305061e+02  -2.6765099e+02   2.0000000e+00
   1.9511878e+02  -2.7153248e+02   2.0000000e+00
  -3.4886305e+02  -3.4032748e+01   2.0000000e+00
   1.8235223e+01   1.3784291e+02   2.0000000e+00
   1.1288455e+02  -3.3876414e+02   1.0000000e+00
   1.1688677e+02   1.4112430e+02   2.0000000e+00
   1.8329472e+02  -2.0319111e+01   2.0000000e+00
   3.3982660e+02   1.6305873e+02   1.0000000e+00
  -3.1489313e+02  -2.8561286e+02   1.0000000e+00
   2.4698620e+02   3.2743178e+01   2.0000000e+00
   1.0644505e+02  -3.0407032e+02   2.0000000e+00
   3.4238924e+01  -1.4153457e+02   2.0000000e+00
  -3.8897742e+01   2.0851089e+02   2.0000000e+00
  -3.3457437e+02   3.6802767e+02   1.0000000e+00
   1.1489267e+02   3.3881263e+02   2.0000000e+00
  -1.0450035e+02   9.4493747e+01   2.0000000e+00
  -2.1238094e+02  -8.7154268e+01   2.0000000e+00
  -2.6765318e+02  -2.5574518e+02   2.0000000e+00
  -2.6487916e+02   1.9230137e+02   2.0000000e+00
  -1.0489200e+02   1.9606536e+02   2.0000000e+00
   3.5358627e+02  -2.2497436e+02   2.0000000e+00
  -2.5011822e+02  -6.1953178e+01   2.0000000e+00
  -2.5665331e+02   4.0345679e+02   1.0000000e+00
   9.9150040e+01   2.2821070e+02   2.0000000e+00
  -1.1347160e+01  -1.8416969e+02   2.0000000e+00
   3.3614168e+02   1.6694747e+02   1.0000000e+00
  -7.2613003e+01  -1.4219618e+02   2.0000000e+00
   2.6344704e+02  -2.5007273e+02   2.0000000e+00
   2.4821726e+02   2.7811054e+02   2.0000000e+00
  -1.6110078e+02  -2.9755129e+02   2.0000000e+00
   1.9049592e+02   1.0809743e+02   2.0000000e+00
  -1.4486474e+01  -1.8032938e+02   2.0000000e+00
   7.0099743e+01   2.5644455e+02   2.0000000e+00
   1.7179178e+02   2.1682049e+02   2.0000000e+00
   1.9458372e+02  -2.9636585e+02   2.0000000e+00
  -4.8600717e+00   2.8225784e+02   2.0000000e+00
   5.5145570e+01  -2.0542994e+02   2.0000000e+00
  -2.1132062e+02   1.7006233e+02   2.0000000e+00
  -2.2104606e+02   1.5083238e+02   2.0000000e+00
  -2.4558824e+02  -7.2849254e+01   2.0000000e+00
  -2.5306344e+02  -2.9442293e+02   2.0000000e+00
  -1.1040768e+02   1.6639511e+02   2.0000000e+00
  -1.1540389e+02   3.9319519e+02   2.0000000e+00
  -1.3967986e+02  -1.6311721e+02   2.0000000e+00
   3.6042186e+02  -2.3273311e+02   2.0000000e+00
   1.4227018e-01  -2.0101832e+02   2.0000000e+00
  -3.7320104e+02  -3.4781872e+02   1.0000000e+00
   1.7310004e+02   3.4857019e+02   1.0000000e+00
  -2.8755292e+02  -8.6917033e+01   2.0000000e+00
   3.4102437e+02   2.7964540e+02   1.0000000e+00
   9.0216391e+01  -1.8966765e+02   2.0000000e+00
   1.4491712e+02   1.6461851e+02   2.0000000e+00
  -2.8466923e+02  -6.3339153e+01   2.0000000e+00
  -6.8955123e+01  -8.6215669e+01   2.0000000e+00
  -1.4787295e+02   3.3917954e+02   2.0000000e+00
  -1.3616332e+01   1.5875078e+02   2.0000000e+00
   1.6317773e+01   1.7896910e+02   2.0000000e+00
   1.7822292e+02  -3.2707366e+02   2.0000000e+00
   2.2549174e+02  -2.4869385e+02   2.0000000e+00
   1.2080357e+02  -2.4012279e+02   2.0000000e+00
   2.2632297e+02   9.4020856e+01   2.0000000e+00
   3.9855628e+02  -2.2177783e+02   2.0000000e+00
  -1.8532246e+02   4.0032751e+02   2.0000000e+00
   1.7159777e+01  -3.2158834e+02   2.0000000e+00
   6.7311808e+01   1.2529671e+02   2.0000000e+00
   1.2815131e+02  -1.6760488e+02   1.0000000e+00
  -3.6935432e+02   1.0296828e+02   2.0000000e+00
   3.0972463e+02  -1.5527477e+02   2.0000000e+00
   1.0480912e+01  -3.5749126e+02   2.0000000e+00
   1.0570622e+02   3.0178896e+02   2.0000000e+00
   3.5232154e+02   3.5332837e+01   2.0000000e+00
  -9.4724537e+01   3.7639893e+02   2.0000000e+00
  -2.6361571e+02   2.4009023e+01   2.0000000e+00
   3.0231691e+02  -3.5574405e+02   2.0000000e+00
   1.6301553e+02  -3.3652632e+02   2.0000000e+00
  -2.1033442e+02   3.9691054e+02   2.0000000e+00
   2.7968723e+01  -3.2877830e+02   2.0000000e+00
   6.4104038e+01  -2.8238202e+02   2.0000000e+00
  -1.6806203e+02   2.0902601e+02   2.0000000e+00
   3.0545925e+02  -3.1648399e+02   2.0000000e+00
   8.2114878e+01   1.5503057e+02   2.0000000e+00
  -1.4110645e+02  -2.2991442e+02   2.0000000e+00
   3.9283900e+02  -1.8198577e+02   2.0000000e+00
   2.3675795e+02  -3.4383823e+02   2.0000000e+00
  -2.2792081e+02  -1.1851029e+02   2.0000000e+00
   2.0930581e+02   3.6873626e+02   1.0000000e+00
  -4.0226305e+01   1.1272056e+02   2.0000000e+00
   3.6514667e+02   2.7726057e+02   1.0000000e+00
   2.1800466e+02   1.4228154e+02   2.0000000e+00
  -6.1621461e+01   6.6031514e+01   2.0000000e+00
  -2.7174927e+01  -8.1290453e+01   2.0000000e+00
   1.9624502e+02   2.2283760e+00   2.0000000e+00
   5.1933185e+00   1.6155777e+02   2.0000000e+00
   2.6664286e+02   2.3813657e+02   2.0000000e+00
   8.7158266e+01  -4.1576800e+02   1.0000000e+00
   2.2168710e+02   7.4935212e+01   2.0000000e+00
   3.2927560e+02   2.7590466e+02   1.0000000e+00
  -2.6269610e+02   3.1711031e+02   2.0000000e+00
   2.8164743e+02   2.3121652e+02   2.0000000e+00
   3.4150529e+02   2.7437945e+02   1.0000000e+00
   6.0538014e+01  -3.5303651e+02   2.0000000e+00
   2.2818979e+01   1.5089372e+02   2.0000000e+00
  -7.8544446e+01   3.6551899e+02   2.0000000e+00
  -1.4984383e+02   1.5859549e+02   2.0000000e+00
   8.6285414e+01  -4.0651707e+02   2.0000000e+00
   3.6940048e+02   4.4896604e+01   2.0000000e+00
  -2.9712366e+02   2.3686097e+02   1.0000000e+00
   1.0079607e+02   2.3684826e+02   2.0000000e+00
  -1.3950553e+02   3.3739458e+02   2.0000000e+00
   1.1564510e+02   3.5657465e+02   2.0000000e+00
  -7.1352405e+01  -9.8639009e+01   2.0000000e+00
   1.1043178e+02   2.8806825e+02   2.0000000e+00
  -2.8806333e+02   3.1846219e+02   2.0000000e+00
   1.1635620e+02   3.0660694e+02   2.0000000e+00
   2.3193121e+02  -8.1842526e+01   2.0000000e+00
   2.3217318e+02  -3.4255010e+02   1.0000000e+00
  -1.7041071e+02   1.3761581e+02   2.0000000e+00
   1.6798231e+02   1.5631704e+02   2.0000000e+00
  -1.3909979e+02   1.3920257e+02   2.0000000e+00
  -2.8334672e+02   2.6143364e+02   1.0000000e+00
   3.9308410e+02  -2.1613450e+02   2.0000000e+00
  -3.6055010e+02  -6.1774169e+01   2.0000000e+00
  -3.2306444e+02  -1.1063990e+02   2.0000000e+00
  -2.3048472e+02   2.8754938e+02   2.0000000e+00
   1.0734049e+02  -1.1335101e+02   1.0000000e+00
  -9.6510866e+00   1.4865348e+02   2.0000000e+00
   3.8355082e+02   5.2102764e+01   2.0000000e+00
   1.8653438e+01   6.7145882e+00   2.0000000e+00
  -1.4780327e+02  -2.9359667e+01   2.0000000e+00
  -2.8209154e+02   2.6978714e+02   1.0000000e+00
   2.9910003e+02   2.1971014e+02   2.0000000e+00
   6.6596273e+01   1.4174820e+02   2.0000000e+00
  -1.0648564e+02   1.4197625e+02   2.0000000e+00
  -2.6474336e+02  -2.8280843e+02   2.0000000e+00
   2.1383824e+01  -1.1083548e+01   2.0000000e+00
   3.4928641e+02  -1.1372130e+02   2.0000000e+00
  -1.5447277e+02   3.2761569e+02   2.0000000e+00
  -3.4333787e+02  -1.0341299e+02   2.0000000e+00
  -3.6381625e+02  -3.6984853e+02   1.0000000e+00
  -3.7801511e+02  -3.8406500e+02   1.0000000e+00
  -2.4068343e+02  -2.6636984e+02   2.0000000e+00
  -2.4589084e+02   3.4802717e+01   2.0000000e+00
  -1.6648892e+02  -2.7162905e+02   2.0000000e+00
   1.6348400e+02   2.7859818e+02   2.0000000e+00
  -8.7685795e+01   2.9305038e+02   2.0000000e+00
   1.3611612e+02  -1.6287030e+02   1.0000000e+00
   3.3868937e+02  -3.4934271e+01   2.0000000e+00
   2.8263958e+02  -3.9346583e+02   2.0000000e+00
   1.0782007e+01  -3.3112798e+02   2.0000000e+00
  -5.7951888e+01   3.4300386e+02   2.0000000e+00
  -2.6545295e+01   2.3228460e+02   2.0000000e+00
   1.5995519e+01   1.5049400e+02   2.0000000e+00
   2.1791060e+02   3.5073239e+02   1.0000000e+00
  -6.4344389e+01   6.7165949e+01   2.0000000e+00
   2.7735951e+02  -2.3998028e+01   2.0000000e+00
   1.8095332e+02   2.1763779e+02   2.0000000e+00
  -2.9590519e+02  -2.0967319e+02   2.0000000e+00
   2.5056834e+02  -3.8736205e+02   2.0000000e+00
   3.0730677e+02   8.6244902e+00   2.0000000e+00
   3.4702738e+02   1.3168552e+02   1.0000000e+00
   3.1897455e+02  -2.8576531e+02   2.0000000e+00
  -3.2044222e+02  -3.4191769e+02   1.0000000e+00
   2.3200394e+02   1.7722586e+02   2.0000000e+00
  -3.3136297e+02   2.8701014e+02   1.8000000e+00
  -2.0297141e+02   3.3201177e+02   2.0000000e+00
   2.4374021e+00  -2.1469654e+02   2.0000000e+00
   2.9471050e+02   2.8265900e+02   1.0000000e+00
  -5.0489673e+01  -1.9286315e+02   2.0000000e+00
  -2.1151940e+02  -3.5569270e+02   2.0000000e+00
   2.7447574e+02  -3.9875493e+02   2.0000000e+00
  -6.1709684e+01  -1.5041746e+02   2.0000000e+00
  -3.6455091e+02   3.6978046e+02   1.0000000e+00
  -1.9780423e+02  -2.1511590e+02   2.0000000e+00
  -3.0414358e+00  -2.4978209e+02   2.0000000e+00
  -3.2174286e+02   5.2863522e+01   2.0000000e+00
   1.1374869e+02  -2.2393610e+02   2.0000000e+00
   3.0451622e+02  -1.5792173e+02   2.0000000e+00
  -1.5883006e+02  -3.9376711e+02   1.0000000e+00
  -6.0075368e+01   2.6784012e+02   2.0000000e+00
   4.0084223e+02   2.1621333e+00   2.0000000e+00
   3.3665136e+02  -3.5832132e+02   2.0000000e+00
   2.8016322e+02   1.1343202e+02   2.0000000e+00
   2.1901259e+02  -2.1526540e+02   2.0000000e+00
   3.3515956e+02   1.2919943e+02   2.0000000e+00
   2.3535975e+02   3.7370314e+00   2.0000000e+00
  -2.2374302e+02   3.8066804e+02   2.0000000e+00
  -1.9225743e+02   1.8795661e+02   2.0000000e+00
   2.9829707e+02  -3.4495108e+02   2.0000000e+00
  -3.4931868e+02   3.1435819e+02   1.0000000e+00
  -4.5087747e+01  -2.5769137e+02   2.0000000e+00
   9.2267039e+00  -2.2801368e+02   2.0000000e+00
   1.6187176e+02  -3.4971538e+02   2.0000000e+00
   3.0576941e+02   3.2583618e+02   1.0000000e+00
   2.8106800e+02  -1.0558058e+02   2.0000000e+00
  -3.1191795e+02   1.6016730e+02   1.0000000e+00
   3.3650719e+02  -4.1067509e+02   2.0000000e+00
   2.1952398e+02  -4.1266324e+02   1.0000000e+00
   7.9637463e+01  -3.7154518e+02   2.0000000e+00
   3.1983623e+02   9.7350471e+01   2.0000000e+00
  -1.7161539e+02   5.7738206e+01   2.0000000e+00
   2.7262093e+02  -3.3656767e+02   2.0000000e+00
  -2.8920597e+02  -3.6875827e+02   1.0000000e+00
   2.5949192e+02   2.2680354e+02   2.0000000e+00
   3.2274724e+02  -7.6084440e+01   2.0000000e+00
  -2.4399291e+02   2.3088383e+02   2.0000000e+00
  -1.4152317e+02   2.0526668e+02   2.0000000e+00
   1.9883653e+02   1.5754613e+02   2.0000000e+00
   2.0422043e+02  -4.1704303e+02   1.0000000e+00
   3.0573837e+02   2.6822964e+02   1.0000000e+00
  -2.9249251e+02  -2.7515524e+02   2.0000000e+00
   4.2119906e+01   2.7710505e+02   2.0000000e+00
   5.7232020e+01   2.4578040e+02   2.0000000e+00
  -9.3815456e+01  -3.6491172e+02   2.0000000e+00
  -2.5291441e+02   6.6026176e+01   2.0000000e+00
  -1.0746050e+02   6.7263769e+01   2.0000000e+00
   3.4209492e+02  -2.9516659e+02   2.0000000e+00
   1.0238314e+01  -3.7435786e+02   2.0000000e+00
   3.9393987e+02  -1.0863277e+02   2.0000000e+00
   1.8526331e+02   1.1868513e+02   2.0000000e+00
   1.5855666e+02   3.6333156e+02   1.0000000e+00
  -2.2884056e+02  -4.0123549e+02   1.0000000e+00
   2.3498352e+02  -3.0470215e+02   2.0000000e+00
  -1.5803884e+02   2.2768655e+02   2.0000000e+00
   2.2461957e+02  -3.2031310e+02   2.0000000e+00
   7.2790962e-01  -1.6915751e+02   2.0000000e+00
   3.1668174e+02  -2.6769982e+01   2.0000000e+00
   3.0133538e+02  -1.8859744e+02   2.0000000e+00
   4.5339582e+01   3.0153394e+02   2.0000000e+00
   1.9359082e+02   3.3751388e+02   1.0000000e+00
  -1.2845996e+02   3.7352077e+02   2.0000000e+00
   8.2806495e+01  -9.9317852e+01   1.0000000e+00
  -3.6925923e+02  -1.7824702e+02   1.0000000e+00
  -2.3762870e+02   1.4647982e+02   2.0000000e+00
   8.9529079e+01  -2.4235018e+02   2.0000000e+00
  -3.2658483e+02   2.5952630e+02   1.0000000e+00
  -3.4655967e+02  -2.4130403e+02   1.0000000e+00
   7.1060891e+01   1.5013075e+02   2.0000000e+00
   2.2118832e+02   3.5986485e+02   1.0000000e+00
   1.5398044e+02   3.3194289e+02   2.0000000e+00
  -1.8666829e+02  -2.1102455e+01   2.0000000e+00
   2.1376472e+01  -3.2285279e+02   2.0000000e+00
  -3.0073617e+02   3.1704524e+02   2.0000000e+00
   2.3314730e+02   2.3602692e+02   2.0000000e+00
  -5.1874002e+01   4.8850708e+01   2.0000000e+00
  -3.1936220e+02  -2.6905678e+02   1.0000000e+00
   3.6993447e+02  -3.7114391e+02   1.0000000e+00
   7.9772920e+01  -3.8724330e+02   2.0000000e+00
   3.0011805e+02  -4.0271224e+02   2.0000000e+00
   3.8577487e+02  -1.3097256e+02   2.0000000e+00
  -2.4419991e+02  -1.0480986e+01   2.0000000e+00
  -2.6191174e+01   7.1615169e+01   2.0000000e+00
   2.6951432e+02  -7.1109867e+01   2.0000000e+00
  -2.9253246e+02  -2.4162425e+02   2.0000000e+00
  -3.6293965e+02  -1.9515589e+02   1.0000000e+00
  -3.6368810e+02   8.7596734e+01   2.0000000e+00
  -3.0523473e+02  -3.9404685e+02   1.0000000e+00
   2.8692421e+01  -3.6499339e+02   2.0000000e+00
   7.1055797e+01   1.4344580e+02   2.0000000e+00
  -3.1827482e+02   2.9446454e+02   2.0000000e+00
  -3.9103777e+02   3.1252483e+01   2.0000000e+00
   2.3515509e+02  -1.2295480e+02   2.0000000e+00
  -2.0504988e+02   1.5593844e+02   2.0000000e+00
   3.1664230e+02  -2.9373053e+01   2.0000000e+00
   2.7711303e+02  -3.8241373e+02   2.0000000e+00
   1.9476027e+02  -1.6504692e+02   2.0000000e+00
  -1.9248441e+02  -3.8409348e+02   1.0000000e+00
   2.3451395e+02   1.9685357e+02   2.0000000e+00
  -9.4807166e+01   1.8185045e+02   2.0000000e+00
   1.3389661e+02   1.6190716e+00   2.0000000e+00
  -3.5071561e+02  -1.1745331e+01   2.0000000e+00
   1.2111942e+02   3.1663625e+02   2.0000000e+00
  -1.6689011e+02   3.8202967e+02   2.0000000e+00
  -3.3419026e+02  -1.4283820e+00   2.0000000e+00
   1.2157228e+02   3.3193318e+01   2.0000000e+00
   3.7309418e+02   1.6386285e+02   1.0000000e+00
  -3.1070038e+02   2.4326340e+02   1.0000000e+00
   8.1692956e+01  -3.2057094e+02   2.0000000e+00
   1.2466398e+02  -1.5533104e+02   1.0000000e+00
   3.0388120e+02   2.6284091e+02   1.0000000e+00
  -2.2014471e+02   1.7316293e+02   2.0000000e+00
   3.4995245e+02  -3.0582214e+01   2.0000000e+00
   2.9540254e+00   3.3649007e+02   2.0000000e+00
  -2.6824915e+02  -2.6011682e+02   2.0000000e+00
  -1.6578471e+02   5.2525759e+01   2.0000000e+00
  -3.3354275e+02  -2.1969256e+01   2.0000000e+00
  -6.6999480e+01   1.4411556e+02   2.0000000e+00
   3.8992962e+02  -2.7048459e+02   2.0000000e+00
  -3.8010312e+02   2.4128630e+01   2.0000000e+00
  -3.7325747e+02  -2.7127536e+02   1.0000000e+00
  -1.7756125e+01  -3.9072385e+02   2.0000000e+00
  -2.1821967e+02  -1.6210650e+02   2.0000000e+00
  -6.0073508e+00   5.5543641e+01   2.0000000e+00
   2.3392339e+02   2.5176593e+02   2.0000000e+00
  -3.4956735e+02  -7.3225694e+01   2.0000000e+00
   1.6882881e+02  -1.9583006e+02   2.0000000e+00
  -4.1309767e+02   2.4901017e+01   2.0000000e+00
  -2.4633692e+02  -2.9480530e+01   2.0000000e+00
   3.5764771e+02   2.0127248e+02   1.0000000e+00
  -2.0904383e+02   3.7741541e+01   2.0000000e+00
  -1.2495658e+01  -3.9956039e+02   2.0000000e+00
  -2.0682791e+02   1.4212579e+02   2.0000000e+00
   5.8856844e+01   2.8601893e+02   1.0000000e+00
  -2.6858327e+02   3.0733818e+02   2.0000000e+00
   2.5900908e+02  -3.3866850e+02   2.0000000e+00
   7.7748341e+01  -2.0334045e+02   2.0000000e+00
  -1.1443649e+01   3.4177913e+02   2.0000000e+00
   2.2341551e+02   6.4715638e+01   2.0000000e+00
   3.5028716e+02  -1.6434738e+02   2.0000000e+00
   2.7228256e+02  -9.9987605e+01   2.0000000e+00
  -2.7938330e+02   1.2207636e+02   2.0000000e+00
  -2.5524752e+02  -2.4394619e+02   2.0000000e+00
   3.3500048e+02   3.2912337e+02   1.0000000e+00
   3.1037541e+02  -9.9620738e+01   2.0000000e+00
  -1.7043165e+02   2.6241222e+02   2.0000000e+00
  -3.5012185e+02   3.1275724e+02   1.0000000e+00
   3.1417884e+02   2.3204419e+02   2.0000000e+00
   2.0269034e+02   1.7130040e+02   2.0000000e+00
   1.6806108e+02  -2.0977965e+02   2.0000000e+00
   5.3809405e+01   1.9421708e+02   2.0000000e+00
  -2.7203030e+01   3.3475136e+02   2.0000000e+00
   2.9154249e+02  -3.8649241e+02   2.0000000e+00
   1.8141857e+02   3.1519937e+02   2.0000000e+00
   3.9978821e+02  -2.0278115e+01   2.0000000e+00
  -2.2783547e+01  -7.6068495e+01   2.0000000e+00
  -4.0053282e+01   3.3089034e+02   2.0000000e+00
   2.8936582e+02  -3.8021978e+02   2.0000000e+00
  -1.4076239e+02   1.5566649e+02   2.0000000e+00
   2.5387756e+02  -3.6166939e+02   2.0000000e+00
   1.1090062e+02   4.9664038e+01   2.0000000e+00
  -8.1124358e+01   3.5145032e+02   2.0000000e+00
   3.7028663e+02   1.0917610e+02   1.0000000e+00
   4.0465275e+02  -7.9769081e+01   2.0000000e+00
  -5.5844119e+01  -1.5391852e+02   2.0000000e+00
  -9.2761705e+01  -1.9866601e+02   2.0000000e+00
   1.8360059e+02  -1.8048804e+02   2.0000000e+00
   3.6255467e+02   1.8292245e+01   2.0000000e+00
   3.7172989e+02   1.4558988e+02   1.0000000e+00
   2.6770605e+02   1.4229098e+02   2.0000000e+00
  -1.0157463e+02  -2.5698786e+02   2.0000000e+00
  -9.4943181e+01   2.8432730e+02   2.0000000e+00
   3.6231023e+00   3.3428163e+02   2.0000000e+00
   8.5776220e+01   3.5489400e+01   2.0000000e+00
   3.5282150e+02  -4.7734147e+01   2.0000000e+00
   2.6096599e+02   3.5541649e+02   1.0000000e+00
   1.1316878e+02   3.1295143e+02   2.0000000e+00
  -6.8741316e+01   1.0884048e+02   2.0000000e+00
   2.4128534e+02   1.9364894e+02   2.0000000e+00
   9.8511813e+01   3.0346899e+02   2.0000000e+00
  -1.4881879e+02  -5.0795013e+01   2.0000000e+00
   2.6056912e+02  -2.9015062e+01   2.0000000e+00
   6.2535221e+01   2.3089174e+02   2.0000000e+00
  -3.5533026e+02   2.3294461e+02   1.0000000e+00
   2.3432545e+02  -1.0392851e+02   2.0000000e+00
  -2.9155512e+02   2.5938081e+02   1.0000000e+00
  -1.9497453e+02   3.9267191e+02   2.0000000e+00
   3.2711568e+02   3.1100057e+02   1.0000000e+00
   3.1296758e+02   2.5866058e+02   1.0000000e+00
  -2.4713877e+02   1.8495779e+01   2.0000000e+00
   2.5371739e+02  -3.1725141e+02   2.0000000e+00
  -1.0274589e+02   3.5864734e+02   2.0000000e+00
   1.9386752e+02   2.2951367e+02   2.0000000e+00
  -2.5772217e+01  -1.1995906e+02   2.0000000e+00
  -1.2938808e+02  -8.5445397e+01   1.0000000e+00
   3.1847140e+02   2.9347687e+02   1.0000000e+00
   2.6500453e+02  -1.5092410e+02   2.0000000e+00
   1.7029848e+02  -4.1604982e+02   1.0000000e+00
   2.5879142e+02  -2.0583599e+02   2.0000000e+00
  -3.1862050e+01   2.2900911e+02   2.0000000e+00
  -2.1310537e+02   1.1820057e+01   2.0000000e+00
   2.1287651e+02  -3.4657448e+02   2.0000000e+00
  -3.2507316e+02   3.5049597e+02   1.0000000e+00
  -3.0177500e+02  -2.7318850e+01   2.0000000e+00
  -7.1936578e+01   2.0806150e+02   2.0000000e+00
  -2.1894722e+02  -2.1186142e+02   2.0000000e+00
   1.5821199e+01   2.1926792e+02   2.0000000e+00
  -2.5691346e+02   1.8669447e+02   2.0000000e+00
   3.5936733e+02   1.6284650e+02   1.0000000e+00
   1.7339070e+02   3.1208912e+02   2.0000000e+00
  -2.9515539e+02   5.7088789e+01   2.0000000e+00
   1.1221814e+02   3.2171149e+02   2.0000000e+00
  -7.0544068e+01  -1.9200305e+02   2.0000000e+00
   2.2217431e+02   3.6308577e+01   2.0000000e+00
  -1.7919288e+02  -3.8469731e+02   2.0000000e+00
  -4.1830283e+02   1.6143810e+02   2.0000000e+00
  -2.5144301e+02  -3.5120008e+02   1.0000000e+00
   2.1231039e+02   3.3456311e+02   1.0000000e+00
   2.0599726e+02  -3.0215686e+02   2.0000000e+00
   2.4176000e+02  -3.9817931e+02   2.0000000e+00
   2.5288258e+02  -3.2043280e+01   2.0000000e+00
   4.0537541e+02  -1.3769756e+01   2.0000000e+00
   3.4810251e+02   1.7786296e+02   1.0000000e+00
  -1.1687981e+02  -1.0778785e+02   1.0000000e+00
   3.6956095e+02   1.3616044e+02   1.0000000e+00
   2.6374295e+02  -2.8373838e+02   2.0000000e+00
  -2.8757534e+02  -3.7702024e+02   1.0000000e+00
  -1.2167878e+02  -2.8701027e+02   2.0000000e+00
   1.2655495e+02  -3.3837793e+02   1.0000000e+00
  -4.1792894e+02   1.4797293e+02   2.0000000e+00
   2.4037361e+01   1.9489201e+02   2.0000000e+00
   5.9726659e+01   1.2851876e+02   2.0000000e+00
   3.7447521e+01  -1.4698380e+02   2.0000000e+00
   1.0370375e+02   2.9158428e+02   2.0000000e+00
  -2.4640470e+02  -1.4348400e+01   2.0000000e+00
  -2.6214497e+02  -3.5695882e+02   1.0000000e+00
   7.3683329e+01  -1.1450004e+02   1.0000000e+00
   2.5683776e+02  -2.4334199e+02   2.0000000e+00
   3.1323894e+02  -2.3385660e+01   2.0000000e+00
  -6.8238009e+01  -1.1459981e+02   2.0000000e+00
  -1.1694682e+02   2.0865339e+02   2.0000000e+00
   2.6491430e+02  -2.5525810e+01   2.0000000e+00
   3.2801188e+02  -9.1737915e+01   2.0000000e+00
  -1.9613753e+02   2.2918951e+02   2.0000000e+00
  -1.0814783e+01  -3.0156453e+02   2.0000000e+00
   3.4068704e+02   1.5481007e+02   1.0000000e+00
   1.6819939e+02  -2.6030062e+01   2.0000000e+00
   7.3362300e+01   2.5614593e+02   2.0000000e+00
  -2.2016988e+02  -1.9710468e+02   2.0000000e+00
   2.2594711e+02   1.3618733e+02   2.0000000e+00
   1.1052362e+02  -3.8055916e+02   2.0000000e+00
  -1.5850913e+02   4.5688463e+01   2.0000000e+00
  -1.2191273e+02   3.7271439e+02   2.0000000e+00
  -4.9322485e+01   4.5975760e+01   2.0000000e+00
   6.9818170e+01  -1.9548253e+02   2.0000000e+00
   2.0169758e+02  -2.1702114e+02   2.0000000e+00
  -1.2611298e+02   1.5471716e+01   2.0000000e+00
   3.8142938e+02   3.4771122e+01   2.0000000e+00
   1.6751670e+01   2.2487812e+02   2.0000000e+00
  -3.3216050e+02   3.0114394e+02   1.0000000e+00
   3.7672776e+02  -1.4156809e+02   2.0000000e+00
   7.0901827e+01   1.3949636e+02   2.0000000e+00
   3.2730013e+02  -3.1546146e+01   2.0000000e+00
  -3.2382430e+02  -1.3351093e+01   2.0000000e+00
   3.4208391e+02  -1.3844423e+02   2.0000000e+00
   3.9951241e+02  -1.5433692e+02   2.0000000e+00
   3.5784840e+02  -3.8150947e+02   1.0000000e+00
   3.5635140e+02   1.6167968e+02   1.0000000e+00
  -2.7209150e+02   2.5247642e+02   1.7000000e+00
  -5.5611288e+01   4.1710479e+01   2.0000000e+00
  -3.0105337e+02  -3.9819496e+02   1.0000000e+00
  -3.7641771e+02   3.5844843e+02   1.0000000e+00
  -2.9588651e+01  -3.5752506e+02   2.0000000e+00
   3.1305981e+02  -2.0318068e+02   2.0000000e+00
  -2.5056562e+02   1.0657233e+02   2.0000000e+00
   5.3303246e+01   1.9433175e+02   2.0000000e+00
   4.9221163e+01  -3.7140394e+02   2.0000000e+00
  -1.0730898e+02  -1.4298180e+02   2.0000000e+00
   3.6205791e+02   2.2290053e+02   1.0000000e+00
   1.2644010e+02   4.1262511e+01   2.0000000e+00
   3.7355592e+02  -3.2857846e+02   1.0000000e+00
  -2.3116375e+02  -2.6142181e+02   2.0000000e+00
   5.3736132e+01   3.6025849e+02   2.0000000e+00
   3.6204000e+02   2.4813531e+02   1.0000000e+00
  -3.5208898e+02   3.7891895e+02   1.0000000e+00
   2.3191374e+02  -1.8338654e+02   2.0000000e+00
   2.5089615e+02   8.2802229e+01   2.0000000e+00
   2.9609707e+02   2.1018727e+02   2.0000000e+00
   3.5820569e+02   4.1907337e+00   2.0000000e+00
  -2.0516447e+02   1.5925984e+02   2.0000000e+00
   4.2876454e+01  -2.8556933e+02   2.0000000e+00
  -2.2844534e+02   3.8528472e+02   2.0000000e+00
  -1.0786167e+02   6.5039170e+01   2.0000000e+00
  -2.8838344e+02  -3.2127090e+02   1.0000000e+00
   1.1293706e+02  -1.8223153e+02   1.0000000e+00
  -3.0941046e+02   3.4382792e+02   1.0000000e+00
   3.6688255e+01  -6.1088527e+01   1.0000000e+00
   1.2064102e+02  -1.3547372e+02   1.0000000e+00
  -9.5873501e+01  -2.0431490e+02   2.0000000e+00
   1.3572613e+02   4.7866393e+01   2.0000000e+00
  -2.9824913e+02  -2.8187803e+02   1.0000000e+00
  -3.2095013e+02   3.3358436e+02   1.0000000e+00
   4.0780160e+02  -2.2950769e+02   2.0000000e+00
  -1.1476305e+01   4.2528810e+01   2.0000000e+00
   1.8270723e+02   3.1379621e+02   2.0000000e+00
   1.8383636e+02  -2.1040881e+02   2.0000000e+00
   6.8710854e+01   2.9799858e+02   1.0000000e+00
   1.7245583e+02   1.6457229e+02   2.0000000e+00
   9.4848774e+01   2.8440607e+02   1.0000000e+00
  -1.7629650e+02  -2.8667268e+02   2.0000000e+00
  -2.4976454e+02  -3.1956289e+02   2.0000000e+00
   2.4608045e+02  -1.1049246e+02   2.0000000e+00
  -6.4458551e+01  -1.9219734e+02   2.0000000e+00
  -3.6768189e+02  -1.9051976e+02   1.0000000e+00
  -3.4472120e+02  -7.1972550e+01   2.0000000e+00
   1.0512532e+02  -3.1826596e+02   2.0000000e+00
  -3.3693333e+02  -3.9860896e+02   1.0000000e+00
   3.2360807e+02   2.4766279e+02   1.0000000e+00
  -2.3814245e+02   2.3496582e+02   2.0000000e+00
  -2.3759918e+02  -2.0592461e+02   2.0000000e+00
   2.6398479e+02  -7.6481488e+01   2.0000000e+00
   2.4840215e+02  -4.0776232e+02   2.0000000e+00
   3.6173176e+02   3.0061296e+02   1.0000000e+00
  -3.0160482e+02   1.6922934e+02   1.0000000e+00
  -2.9510009e+02   2.2711261e+01   2.0000000e+00
   9.2196188e+01   2.5799405e+02   2.0000000e+00
   1.0104567e+02  -1.6071818e+02   2.0000000e+00
   3.6089012e+02  -3.6861220e+02   1.0000000e+00
   2.8747068e+02  -9.5820526e+01   2.0000000e+00
   2.0239537e+02   2.0894985e+02   2.0000000e+00
   2.7652032e+02  -1.5344811e+02   2.0000000e+00
   1.0133242e+02  -1.4754952e+02   2.0000000e+00
  -1.6744614e+02   4.1523251e+02   2.0000000e+00
   7.0214378e+01   1.0518932e+02   2.0000000e+00
   2.1883611e+02  -3.9265534e+02   1.0000000e+00
  -6.0255499e+01   3.4939569e+01   2.0000000e+00
   2.6817467e+02   2.6309071e+02   2.0000000e+00
  -3.7019234e+02  -8.4768921e+01   2.0000000e+00
  -3.1758894e+02   2.2032430e+02   1.0000000e+00
  -2.7910303e+00   3.4306879e+02   2.0000000e+00
   3.6047228e+02  -3.6301177e+02   2.0000000e+00
   3.3284747e+02  -3.4298138e+02   2.0000000e+00
  -8.7708934e+01  -7.0393891e+01   2.0000000e+00
   3.2081796e+02   1.7368856e+02   2.0000000e+00
   3.1953515e+02  -2.6893863e+02   2.0000000e+00
   4.9796286e+01  -2.8267109e+02   2.0000000e+00
   3.3314906e+02  -3.7507141e+02   2.0000000e+00
   1.0105611e+02  -3.7484459e+02   2.0000000e+00
   7.8766889e+01   7.7110052e+01   2.0000000e+00
   2.7213936e+02  -6.7047000e+01   2.0000000e+00
  -1.4956162e+02   1.9534036e+02   2.0000000e+00
   1.5240244e+02   1.7695782e+02   2.0000000e+00
   8.5685556e+00   3.3505576e+00   2.0000000e+00
  -2.9842383e+02   6.1429787e+01   2.0000000e+00
  -3.2033308e+02   2.1250459e+01   2.0000000e+00
  -7.6756520e+01  -3.4015692e+02   2.0000000e+00
   2.1402492e+02  -2.4651725e+02   2.0000000e+00
  -5.0073866e+01  -3.6332995e+02   2.0000000e+00
  -2.1476150e+02   1.9290222e+02   2.0000000e+00
   1.2937968e+02  -2.1848622e+02   2.0000000e+00
   3.1610961e+02  -1.4030211e+02   2.0000000e+00
   3.9917472e+02   7.3041799e+01   1.0000000e+00
  -3.8307741e+01   3.7013448e+02   2.0000000e+00
  -6.6852786e+01   1.4135456e+02   2.0000000e+00
   4.1808811e+01  -1.1359841e+02   2.0000000e+00
  -3.5448582e+02   3.7058726e+02   1.0000000e+00
  -9.3488479e+01   2.1104050e+02   2.0000000e+00
  -1.5614993e+02   4.0146680e+02   2.0000000e+00
  -7.7818774e+01  -1.0382289e+02   2.0000000e+00
  -1.7769139e+02   1.7537257e+02   2.0000000e+00
   3.9745887e+02  -2.1446336e+02   2.0000000e+00
  -1.8883597e+02   2.1300294e+02   2.0000000e+00
  -5.5783147e+01  -9.9926830e+01   2.0000000e+00
   2.2064993e+02  -4.0477472e+02   1.0000000e+00
  -2.4563025e+01  -3.7920912e+02   2.0000000e+00
   2.3058032e+02  -4.1650011e+02   2.0000000e+00
  -4.0953730e+02   2.3242804e+02   1.0000000e+00
  -8.6969392e+00  -1.0511281e+02   2.0000000e+00
   3.0758677e+02   2.1136938e+02   2.0000000e+00
   5.3563734e+01  -2.6378380e+02   2.0000000e+00
   3.8219153e+01  -1.1658024e+02   2.0000000e+00
   3.3642083e+02  -1.5108283e+02   2.0000000e+00
  -8.4425943e+00   2.5083328e+02   2.0000000e+00
   2.9016210e+00   4.5912784e+01   2.0000000e+00
   4.1122621e+02   1.5094912e+01   2.0000000e+00
   1.5154841e+02   3.5788838e+02   1.0000000e+00
   4.1640187e+01   5.1889515e+01   2.0000000e+00
  -4.2379458e+01  -3.0819447e+02   1.0000000e+00
  -3.9242266e+01   3.1393235e+01   2.0000000e+00
   2.8259381e+01  -1.8203132e+02   2.0000000e+00
  -1.0435886e+02   8.0791143e+01   2.0000000e+00
  -1.9792908e+02   3.6851237e+02   2.0000000e+00
   2.4899023e+02   6.7493306e+01   2.0000000e+00
  -1.6951915e+01   6.2987408e+01   2.0000000e+00
   2.5047096e+01   2.8387541e+02   2.0000000e+00
  -2.6991970e+02  -3.6010452e+02   1.0000000e+00
   3.0734684e+02   6.4014196e+01   2.0000000e+00
  -3.0290045e+01  -8.4204132e+01   2.0000000e+00
   1.4531586e+02   1.2314951e+02   2.0000000e+00
   6.7595588e+00  -2.1374430e+02   2.0000000e+00
  -3.3621567e+02  -3.8743067e+02   1.0000000e+00
   3.6897455e+02   1.6153697e+02   1.0000000e+00
   7.2908429e+01  -8.1484377e+01   1.0000000e+00
  -1.8615172e+02  -2.1596695e+01   2.0000000e+00
  -1.7213191e+02   2.4047511e+02   2.0000000e+00
  -2.8691370e+02   1.2942955e+02   2.0000000e+00
  -3.5888750e+02   2.8135622e+02   1.0000000e+00
   2.9729848e+02  -8.8196701e+01   2.0000000e+00
   2.0505453e+02   6.1416772e+01   2.0000000e+00
  -4.6205455e+01  -2.5651133e+02   2.0000000e+00
  -1.1504371e+00  -7.0701709e+01   2.0000000e+00
   2.6907686e+02  -1.5579020e+02   2.0000000e+00
   1.8431084e+02  -6.8114744e+01   2.0000000e+00
   8.6412785e+01   2.6045505e+01   2.0000000e+00
  -4.5899269e+01  -5.8176635e+01   2.0000000e+00
  -3.7262196e+02  -3.4778828e+02   1.0000000e+00
   4.4668198e+01  -6.5609528e+01   1.0000000e+00
   4.1001999e+02  -1.0771211e+02   2.0000000e+00
   3.2802696e+02   2.0912521e+02   1.9000000e+00
   2.0561087e+02   3.5655839e+02   1.0000000e+00
  -2.8751003e+01  -3.8536711e+02   2.0000000e+00
  -3.6587238e+02  -8.2476337e+01   2.0000000e+00
   2.4909764e+02   3.6644909e+02   1.0000000e+00
   1.1770023e+02   4.2309557e+00   2.0000000e+00
  -2.2438444e+02   8.7690360e+01   2.0000000e+00
  -2.3304712e+02   7.0337032e+00   2.0000000e+00
  -1.2758357e+02  -1.1205567e+02   2.0000000e+00
  -2.5232952e+01  -4.8485975e+01   1.0000000e+00
   2.9198236e+02   2.3987418e+02   2.0000000e+00
   2.4904253e+02  -2.7583404e+02   2.0000000e+00
   1.2841477e+02   1.2420144e+02   2.0000000e+00
   1.1551104e+02   2.8766963e+02   2.0000000e+00
   3.2631865e+02   7.9553637e+01   2.0000000e+00
  -3.0573119e+02   3.5812180e+02   1.0000000e+00
  -3.1697292e+02   6.9775649e+01   2.0000000e+00
   2.7738563e+02   1.9393985e+02   2.0000000e+00
  -3.1085136e+02   3.7628785e+02   1.0000000e+00
  -2.5864224e+02  -5.5312498e+01   2.0000000e+00
   1.7248688e+02   1.6773889e+02   2.0000000e+00
   2.5205544e+02   2.6182948e+02   2.0000000e+00
   3.2245734e+02  -1.7538261e+02   2.0000000e+00
  -7.9300998e+01  -1.1788172e+02   2.0000000e+00
  -8.2623168e+01   1.7712453e+02   2.0000000e+00
  -8.7436775e+01   3.7397538e+02   2.0000000e+00
   2.6445031e+02  -2.6519201e+02   2.0000000e+00
  -1.0476627e+01   1.7705356e+02   2.0000000e+00
   2.2310468e+02   3.7199445e+02   1.0000000e+00
  -3.4089958e+01  -2.0803526e+02   2.0000000e+00
  -2.0363258e+02  -2.5692260e+02   1.0000000e+00
  -1.5839962e+02   4.1020446e+02   2.0000000e+00
  -3.2047032e+02  -2.1572069e+01   2.0000000e+00
  -3.3628931e+02  -3.0768873e+02   1.0000000e+00
  -3.2831542e+02  -3.1881480e+02   1.0000000e+00
  -1.4664306e+02  -1.4750810e+02   2.0000000e+00
   1.7122715e+02   1.7489829e+02   2.0000000e+00
  -3.0357110e+02   2.8752957e+02   1.8000000e+00
   3.4933662e+02  -3.2703397e+02   2.0000000e+00
  -3.6711597e+01  -3.8578472e+02   2.0000000e+00
   2.9916907e+02   2.1236952e+02   2.0000000e+00
  -1.2935759e+02  -6.0488277e+00   2.0000000e+00
  -2.2045534e+02   2.1529778e+02   2.0000000e+00
   1.1757936e+02   3.6307677e+02   1.0000000e+00
   3.5648191e+02  -2.4395979e+02   2.0000000e+00
  -2.9795383e+02  -3.7453742e+02   1.0000000e+00
  -2.1062183e+02   1.4926586e+02   2.0000000e+00
   1.7277095e+02   1.2817740e+02   2.0000000e+00
  -3.0530054e+02   2.4974131e+02   1.0000000e+00
  -8.2660040e+01  -3.9390520e+02   2.0000000e+00
   1.8826045e+02   1.6344496e+02   2.0000000e+00
  -3.3664406e+02   3.6232473e+02   1.0000000e+00
  -1.7340905e+02   2.1331907e+02   2.0000000e+00
  -2.7111556e+01   2.8650131e+02   2.0000000e+00
  -2.3542296e+02  -3.6435420e+02   1.0000000e+00
  -1.4480284e+02  -2.2566582e+02   2.0000000e+00
   2.7283078e+02   1.1139982e+02   2.0000000e+00
  -1.4414637e+02   9.6459956e+00   2.0000000e+00
   9.4408742e+01  -1.3262992e+02   2.0000000e+00
   2.3141242e+02  -1.8808132e+02   2.0000000e+00
   2.2519769e+02   5.3360734e+01   2.0000000e+00
  -2.0818423e+01   1.5604564e+02   2.0000000e+00
   6.9204362e+01  -2.4584787e+02   2.0000000e+00
   3.1621837e+02  -3.6045827e+02   2.0000000e+00
  -3.5227185e+02  -3.4922170e+02   1.0000000e+00
   1.1722213e+02  -2.5326864e+02   2.0000000e+00
  -2.5634199e+02  -2.2106330e+02   2.0000000e+00
   2.0402466e+02   1.0950719e+02   2.0000000e+00
   2.9170408e+02   2.4453518e+02   2.0000000e+00
   3.7957559e+02   1.6931186e+02   1.0000000e+00
  -3.3748089e+02   2.3207408e+02   1.0000000e+00
  -1.2129700e+01   1.0151861e+01   2.0000000e+00
  -1.6866371e+02   2.2668452e+02   2.0000000e+00
  -3.1641131e+02   3.6285597e+02   1.0000000e+00
  -1.6717923e+02   1.4981524e+02   2.0000000e+00
   4.0683105e+02  -9.6975818e+01   2.0000000e+00
  -2.4898613e+02   2.6105239e+02   2.0000000e+00
   1.6820700e+01   1.9801586e+02   2.0000000e+00
  -2.7954480e+02  -2.4849528e+02   2.0000000e+00
   2.5562601e+02  -2.9179842e+02   2.0000000e+00
  -4.7648274e+01  -3.4065010e+02   2.0000000e+00
  -2.2017613e+02  -6.4203167e+01   2.0000000e+00
  -4.9572585e+01  -2.7669670e+02   2.0000000e+00
  -1.6933886e+02  -1.7889520e+02   2.0000000e+00
  -2.3001577e+02  -2.6525131e+02   2.0000000e+00
  -1.2513884e+02   9.9441378e+01   2.0000000e+00
   3.5954948e+02  -7.4008311e+01   2.0000000e+00
  -3.1063537e+02  -3.7122776e+02   1.0000000e+00
   3.6464747e+02   2.4337432e+02   1.0000000e+00
   3.6342419e+02   6.8905153e+00   2.0000000e+00
   7.9693633e+01   3.4359987e+02   2.0000000e+00
  -3.6633761e+02  -1.3889816e+00   2.0000000e+00
   1.9031312e+02  -3.7416557e+02   2.0000000e+00
  -9.0880381e-01  -2.4852419e+02   2.0000000e+00
   7.6201971e+01  -3.3906909e+02   2.0000000e+00
  -3.6698537e+02  -1.1410493e+02   2.0000000e+00
  -2.1101389e+02   3.5780940e+02   2.0000000e+00
   1.2269023e+02   5.9218889e+01   2.0000000e+00
   2.9578640e+02   1.1973425e+02   2.0000000e+00
   3.4695586e+02   2.1961569e+02   1.0000000e+00
  -9.8551663e+00  -2.2267070e+02   2.0000000e+00
  -3.1985720e+02  -8.5087801e+01   2.0000000e+00
   4.0923097e+02  -1.5634846e+02   2.0000000e+00
   3.4943316e+02   7.7691222e-01   2.0000000e+00
  -2.0803154e+02  -3.4836711e+02   2.0000000e+00
  -1.9527887e+02  -3.5816809e+02   2.0000000e+00
  -3.9115017e+02  -1.6303124e+02   1.0000000e+00
   2.7567109e+02  -2.8054932e+02   2.0000000e+00
  -3.8256267e+01   2.4849731e+02   2.0000000e+00
   7.7179554e+01   2.4851542e+02   2.0000000e+00
  -2.0952290e+02   3.8753807e+02   2.0000000e+00
  -1.6012079e+02  -1.8148422e+02   2.0000000e+00
  -1.7646249e+02  -2.3980474e+02   2.0000000e+00
  -1.4092456e+02   3.3051486e+02   2.0000000e+00
   1.7881499e+02   6.9409877e+01   2.0000000e+00
  -3.1047912e+02  -2.4131343e+02   1.0000000e+00
   3.8659345e+01  -1.7498532e+02   2.0000000e+00
   3.6732390e+02   2.2192284e+02   1.0000000e+00
   1.1809667e+02   3.0704277e+02   2.0000000e+00
   2.6679340e+02   1.1306012e+02   2.0000000e+00
  -2.4892361e+02   1.3392704e+02   2.0000000e+00
  -2.7076933e+02  -3.6337384e+02   1.0000000e+00
   3.0394497e+02   3.3461420e+00   2.0000000e+00
   3.0394140e+01  -4.1178979e+02   2.0000000e+00
  -1.2847498e+01  -6.9853505e+01   2.0000000e+00
  -3.3611798e+02  -3.6072841e+01   2.0000000e+00
  -1.2059779e+00   1.9842459e+02   2.0000000e+00
   2.1710588e+02  -1.0241575e+01   2.0000000e+00
   4.1468454e+01   3.2983051e+02   2.0000000e+00
   1.1292497e+02   1.8428846e+02   2.0000000e+00
  -1.5679857e+02   3.9422420e+02   2.0000000e+00
  -1.2397177e+01   1.3916915e+01   2.0000000e+00
  -2.1701259e+02   1.5977248e+02   2.0000000e+00
   8.9859319e+01  -2.0869328e+02   2.0000000e+00
  -1.6626782e+02  -3.7018991e+02   2.0000000e+00
  -4.5204093e+01   1.0620415e+02   2.0000000e+00
