   4.0348526e+02   2.9228474e+02   1.0000000e+00
   3.4829643e+02  -8.6193251e+01   1.0000000e+00
   1.5009659e+02   5.2426898e+02   1.0000000e+00
   1.8551232e+02   2.9590446e+02   1.0000000e+00
  -5.2779252e+02   6.1832004e+02   2.0000000e+00
  -2.3600714e+02   1.3654695e+02   1.0000000e+00
  -4.1298047e+02   6.0137520e+02   1.0000000e+00
   1.4747081e+02  -3.9992442e+02   1.0000000e+00
   1.3974902e+02  -9.3483450e+01   1.0000000e+00
   5.2551068e+02   5.0780692e+02   1.0000000e+00
  -5.1045736e+02  -2.1705462e+02   2.0000000e+00
   3.2671486e+02  -4.7174835e+02   1.0000000e+00
  -3.8216014e+02  -4.8173930e+02   1.0000000e+00
   3.1018387e+02   6.0676595e+02   1.0000000e+00
   3.5859441e+02  -5.1863771e+02   1.0000000e+00
   1.2736502e+02   6.7411013e+01   1.0000000e+00
  -4.1349312e+02  -2.5020380e+02   1.0000000e+00
  -4.9670780e+02   6.0833076e+02   2.0000000e+00
   1.5536478e+02   9.5527227e+01   1.0000000e+00
   5.1252416e+02  -5.5382896e+02   1.0000000e+00
   2.3248493e+02   4.0981739e+01   1.0000000e+00
  -2.2237054e+02  -3.0008205e+02   1.0000000e+00
   4.1163377e+02  -5.2604713e+02   1.0000000e+00
   3.0999358e+02   3.9267147e+02   1.0000000e+00
  -4.9109988e+02   1.3220117e+02   1.0000000e+00
  -1.5888921e+02   4.9852997e+02   1.0000000e+00
   6.2547756e+02   1.3393421e+02   2.0000000e+00
   1.1716487e+02  -2.8012619e+02   2.0000000e+00
   2.4211696e+02   3.8060410e+01   1.0000000e+00
  -1.0216108e+02   1.7585657e+02   2.0000000e+00
  -2.9345766e+02  -2.5661802e+02   1.0000000e+00
  -2.4293186e+02  -3.0787876e+02   1.0000000e+00
  -6.0316869e+02   2.1146828e+02   1.0000000e+00
  -7.9900266e+01  -2.8705862e+02   2.0000000e+00
   2.9411019e+02  -2.9406991e+02   1.0000000e+00
  -6.2766430e+02  -4.4555587e+02   1.0000000e+00
  -5.5142318e+02   6.1406009e+02   2.0000000e+00
  -2.1485063e+01   3.5548965e+02   1.0000000e+00
   4.0653519e+02  -5.2162822e+02   1.0000000e+00
   4.8773937e+01  -4.3115837e+01   1.0000000e+00
   5.1746153e+02  -5.6135770e+02   1.0000000e+00
   5.7213923e+02  -4.7788857e+02   1.0000000e+00
  -4.2220278e+02  -1.5913453e+02   1.0000000e+00
   6.0882405e+02   2.5529589e+02   1.0000000e+00
   4.8541786e+02  -6.2616852e+02   1.0000000e+00
   3.8624431e+02  -1.1556146e+02   1.0000000e+00
  -3.4822386e+02  -1.3660982e+02   1.0000000e+00
  -2.2153983e+02  -2.0450222e+02   1.0000000e+00
   5.5873617e+02  -4.4977073e+02   1.0000000e+00
   3.5057208e+02   1.6243075e+02   1.0000000e+00
   2.1869217e+02  -5.6711754e+02   1.0000000e+00
   4.6659481e+02   3.4656415e+02   1.0000000e+00
   2.2436676e+02   2.7858888e+02   1.0000000e+00
   3.2591711e+02   5.8709139e+02   1.0000000e+00
   7.0153382e+01  -4.2354384e+02   1.0000000e+00
   8.7677206e+01  -2.6542161e+02   1.0000000e+00
  -4.0470245e+02  -2.8925329e+02   1.0000000e+00
  -5.0019202e+02   5.5502027e+02   1.0000000e+00
   3.9734957e+02   3.8503310e+02   1.0000000e+00
  -4.5736229e+02   5.7762066e+02   1.0000000e+00
  -5.0902612e+02  -4.8862097e+01   1.0000000e+00
  -6.1271032e+02   6.1854028e+02   2.0000000e+00
  -5.7553333e+02   6.0816096e+02   2.0000000e+00
   5.1521181e+02   1.8929854e+02   1.0000000e+00
  -5.6684827e+02  -5.5750576e+02   2.0000000e+00
  -1.0410960e+02   4.2476329e+02   1.0000000e+00
   4.3259123e+02   1.9276955e+02   1.0000000e+00
  -1.8089229e+02  -5.2686016e+02   1.0000000e+00
   1.6281146e+02  -1.4070017e+02   1.0000000e+00
   5.1433145e+02   5.5501456e+02   1.0000000e+00
  -2.4586387e+02   2.5281418e+02   1.0000000e+00
  -6.3745454e+01  -2.1819995e+02   1.0000000e+00
  -6.2869903e+02  -4.2752657e+02   1.0000000e+00
   4.3314727e+02  -3.4387380e+01   1.0000000e+00
  -6.3298503e+02  -2.8116674e+01   2.0000000e+00
  -1.5437912e+02   2.1355752e+02   2.0000000e+00
  -3.8265296e+02  -4.7572637e+02   1.0000000e+00
  -2.2496039e+01   7.2011103e+01   1.0000000e+00
  -5.6395176e+02   3.4131512e+02   2.0000000e+00
   1.4079341e+01  -5.8793648e+01   1.0000000e+00
  -4.2191544e+02   6.0227031e+02   1.0000000e+00
  -1.9509109e+02   3.6497250e+02   2.0000000e+00
   1.9661650e+02   3.1936459e+02   1.0000000e+00
  -5.2835538e+02  -2.4361730e+02   1.0000000e+00
  -5.1007676e+02  -1.2466087e+02   2.0000000e+00
  -6.2628027e+02   2.3290326e+02   1.0000000e+00
   1.2712765e+02  -2.4560241e+02   1.0000000e+00
  -2.2018232e+02  -2.3733353e+02   1.0000000e+00
  -3.7388535e+02  -6.3594636e+02   1.0000000e+00
  -2.0909639e+02  -5.0766695e+02   1.0000000e+00
   7.9742129e+01  -3.7862701e+02   1.0000000e+00
   3.3792792e+02  -6.2120502e+02   1.0000000e+00
   4.2535171e+02  -1.6007643e+02   1.0000000e+00
  -2.9775674e+02  -1.6087359e+02   1.0000000e+00
   4.3492278e+02  -5.0548749e+02   1.0000000e+00
  -8.8741617e+01  -4.1037941e+02   1.0000000e+00
  -4.6579384e+02  -5.9635025e+02   1.0000000e+00
   5.4539357e+02   4.3874218e+02   1.0000000e+00
  -1.4296717e+02   6.2465033e+02   1.0000000e+00
   8.5998510e+01   2.9406700e+02   1.0000000e+00
   7.6422819e+01   5.4630662e+01   1.0000000e+00
  -3.2273420e+02   6.2727468e+02   1.0000000e+00
   6.0974477e+02  -3.7395299e+02   2.0000000e+00
   3.7029035e+02   1.4030574e+02   1.0000000e+00
   6.1922624e+02  -1.1234058e+00   2.0000000e+00
   4.3485859e+02  -2.7971548e+02   1.0000000e+00
   3.3433046e+02  -4.7343089e+02   1.0000000e+00
   1.0960388e+02   4.0862921e+02   1.0000000e+00
   2.0447186e+02  -4.9804814e+02   1.0000000e+00
  -1.4321624e+02   3.6798728e+02   1.0000000e+00
  -4.4081724e+02  -1.5318487e+02   2.0000000e+00
   3.0679050e+02  -1.0184216e+01   1.0000000e+00
  -3.5162164e+02  -1.6537007e+02   1.0000000e+00
  -2.4836266e+02   3.1051878e+02   1.0000000e+00
   1.1557309e+02  -3.7973571e+02   1.0000000e+00
   1.3098910e+02   5.4317592e+02   2.0000000e+00
  -5.5475035e+02  -9.4101390e+01   1.0000000e+00
  -3.1664874e+02   1.8467468e+02   1.0000000e+00
  -6.1510744e+01   4.1354424e+02   1.0000000e+00
  -1.7949567e+02  -5.9911880e+02   1.0000000e+00
   7.8290285e+01   2.2757590e+02   1.0000000e+00
  -8.7849328e+01   8.2320600e+01   1.0000000e+00
   4.2338268e+02  -1.7258315e+01   1.0000000e+00
  -4.5405160e+02   2.8150690e+02   2.0000000e+00
  -4.8669375e+02   1.1171321e+02   1.0000000e+00
  -5.5432345e+01  -3.3529763e+02   1.0000000e+00
   5.6778117e+02  -3.4841048e+02   2.0000000e+00
  -3.5366721e+02  -5.1863297e+01   1.0000000e+00
   2.0104656e+02   5.3904443e+01   1.0000000e+00
  -5.2375862e+02  -2.6960983e+02   1.0000000e+00
  -1.0139851e+02  -6.7654963e+01   1.0000000e+00
   1.8744547e+02  -4.4413835e+02   1.0000000e+00
  -2.9165680e+02  -1.1329910e+02   1.0000000e+00
  -6.3479432e+02   4.6269864e+02   1.0000000e+00
  -1.7503374e+02   5.1061148e+02   1.0000000e+00
   3.7599203e+01  -3.6481881e+02   1.0000000e+00
  -3.8825672e+02   2.7708264e+02   2.0000000e+00
   5.1215064e+02  -3.0039952e+02   1.0000000e+00
   3.1333431e+02  -1.4494245e+02   1.0000000e+00
  -2.7983028e+02   2.7871262e+02   1.0000000e+00
   2.1555759e+02  -2.1490934e+02   1.0000000e+00
   2.1010780e+02   8.4838249e+01   1.0000000e+00
  -2.7489101e+02   2.9361182e+02   1.0000000e+00
  -3.8261796e+02   2.3733942e+02   1.0000000e+00
  -5.5124268e+02   4.1140278e+02   1.0000000e+00
  -6.4955199e+01  -1.8300531e+02   1.0000000e+00
  -5.7353448e+02   3.8778808e+02   2.0000000e+00
   2.2360188e+02  -4.6726502e+02   1.0000000e+00
  -3.7970772e+02   5.4651880e+02   1.0000000e+00
   2.8599374e+02  -2.4730015e+02   1.0000000e+00
  -2.0300766e+02   3.1731608e+02   1.0000000e+00
   3.2255411e+02  -3.9465659e+02   1.0000000e+00
   1.8356870e+02   4.0035494e+02   1.0000000e+00
  -1.0799989e+02   3.6662249e+02   1.0000000e+00
  -5.7544098e+02   6.4745429e+01   1.7000000e+00
   3.4523851e+02   5.0548077e+02   1.0000000e+00
  -5.4485037e+02  -2.8406934e+01   1.0000000e+00
  -4.3346966e+02   1.4874974e+02   1.0000000e+00
  -2.1444229e+01  -3.0132251e+02   1.0000000e+00
   3.7118555e+02  -4.8037793e+02   1.0000000e+00
  -5.7527376e+02   5.2193505e+01   1.0000000e+00
  -4.2379639e+02  -3.7777211e+02   1.0000000e+00
  -1.3646720e+02   4.0983449e+02   1.0000000e+00
  -5.0030878e+02  -1.0508006e+02   1.0000000e+00
   4.3728464e+01  -2.2473697e+02   1.0000000e+00
  -6.6710049e+01  -2.0054597e+02   1.0000000e+00
  -4.8251156e+02  -4.9433022e+02   1.0000000e+00
   2.5124465e+02  -3.7203285e+02   1.0000000e+00
  -5.8309355e+02  -3.3299993e+01   1.0000000e+00
   1.3883708e+02   1.2284668e+02   1.0000000e+00
   3.3144436e+02  -6.3485577e+02   1.0000000e+00
   3.3487775e+02   3.9018088e+02   1.0000000e+00
   1.6974015e+02   4.6087653e+02   1.0000000e+00
  -3.1152028e+02   3.0291719e+02   1.0000000e+00
  -3.2412357e+02  -1.5215085e+02   1.0000000e+00
   1.4190972e+02  -2.6255036e+02   1.0000000e+00
  -5.7521764e+02   4.7860560e+02   1.0000000e+00
   3.8531793e+02   3.1909414e+02   1.0000000e+00
  -4.5992542e+02   2.9293822e+02   2.0000000e+00
   5.1211043e+02  -2.5331352e+02   1.0000000e+00
   3.1037010e+02  -3.9158506e+02   1.0000000e+00
   5.8613297e+02  -4.9721001e+02   1.0000000e+00
   1.5413683e+02   6.1595853e+02   2.0000000e+00
  -2.1708379e+01  -5.0239245e+02   1.0000000e+00
   2.9473725e+02  -1.2621808e+02   1.0000000e+00
   5.3615923e+02   3.7857953e+01   2.0000000e+00
   4.2651746e+02  -5.8553176e+02   1.0000000e+00
   5.4809613e+02  -5.1779801e+02   1.0000000e+00
   2.4618606e+02  -2.7352768e+02   1.0000000e+00
  -6.2637665e+02  -2.2463393e+02   1.0000000e+00
   1.0523565e+02   4.5845200e+02   1.0000000e+00
   3.2198423e+02   4.7976634e+02   1.0000000e+00
  -5.9548228e+02   1.3375394e+02   2.0000000e+00
   2.5624483e+02  -1.0870622e+01   1.0000000e+00
  -1.3973677e+02   1.1805633e+02   1.0000000e+00
  -2.6561022e+02   2.2839807e+02   1.0000000e+00
  -1.5814965e+02   3.1466333e+02   1.0000000e+00
   8.3776571e+01  -1.1609325e+02   1.0000000e+00
  -4.3583537e+01   5.3196767e+02   1.0000000e+00
   8.1199218e+01  -1.8963871e+02   1.0000000e+00
  -1.0042892e+02   2.3402278e+02   1.0000000e+00
  -4.6520180e+02  -1.3715732e+02   1.0000000e+00
   6.1368486e+01   4.1818967e+02   1.0000000e+00
  -5.6726951e+02  -5.6813531e+02   2.0000000e+00
   1.4465188e+02   5.8600382e+02   2.0000000e+00
   3.2797725e+02   3.9265018e+02   1.0000000e+00
   4.9078664e+02  -5.4788805e+02   1.0000000e+00
  -5.3767009e+02   5.1254061e+02   2.0000000e+00
  -2.1322152e+02   4.1727959e+02   1.0000000e+00
  -5.6474821e+02   2.1235499e+02   1.0000000e+00
   4.3037044e+02   3.3949743e+02   1.0000000e+00
   6.2049634e+02   5.6324276e+02   2.0000000e+00
   6.3563198e+02   4.9732218e+02   2.0000000e+00
   1.2103597e+02   2.9665621e+02   1.0000000e+00
   6.2345653e+02  -3.2636702e+02   2.0000000e+00
   5.1552881e+01  -1.6453921e+02   1.0000000e+00
   1.5849284e+02  -1.1628795e+02   1.0000000e+00
   9.2313585e+01   2.8143913e+02   1.0000000e+00
   1.8602904e+02   3.1892541e+02   1.0000000e+00
   1.0700540e+02   3.7727168e+02   1.0000000e+00
  -6.2398963e+02  -1.5321799e+02   2.0000000e+00
   4.2881194e+02  -2.2147216e+02   1.0000000e+00
  -5.6408251e+02   3.6576584e+02   2.0000000e+00
  -7.4398939e+01   1.2789027e+02   1.0000000e+00
  -3.9892896e+00  -6.1966745e+02   2.0000000e+00
   5.6153325e+01   1.6095792e+02   1.0000000e+00
   5.9411767e+02  -2.0067363e+02   1.0000000e+00
  -1.9868648e+02   2.9534114e+02   1.0000000e+00
  -3.6935509e+02  -2.8877375e+02   1.0000000e+00
   1.4324857e+02   5.9877518e+02   2.0000000e+00
   4.7771238e+02   6.9490357e+01   2.0000000e+00
   3.9906163e+02   2.8869771e+02   1.0000000e+00
  -1.6353733e+02  -4.1189005e+02   1.0000000e+00
   1.8243990e+02   1.6682507e+02   1.0000000e+00
  -4.3181535e+02  -1.4037708e+01   1.0000000e+00
  -2.8109273e+02   7.2378948e+01   1.0000000e+00
   9.9515810e+01   4.3149684e+02   1.0000000e+00
  -5.6508160e+02   3.7907525e+02   2.0000000e+00
   4.4362968e+02  -4.7660258e+02   1.0000000e+00
   2.0819439e+02   1.5566613e+02   1.0000000e+00
   5.3922531e+02  -3.7605982e+02   1.0000000e+00
  -2.9101093e+02  -3.8463645e+02   1.0000000e+00
   1.0598478e+02   1.3113156e+02   1.0000000e+00
  -5.3150327e+02  -4.9235173e+02   2.0000000e+00
   2.2838235e+02   1.4683699e+02   1.0000000e+00
  -4.3092923e+02   5.4420133e+02   1.0000000e+00
   1.7714158e+02   2.9262253e+02   1.0000000e+00
   5.7625185e+02  -1.0235552e+02   1.0000000e+00
   3.2321507e+02  -5.1924106e+02   2.0000000e+00
  -5.7039259e+02  -4.9680017e+02   2.0000000e+00
   4.2169258e+02  -2.3953259e+02   1.0000000e+00
   3.6221407e+02   9.5661793e+01   1.0000000e+00
   1.7997026e+02   3.2465113e+02   1.0000000e+00
   3.0106678e+01   4.7971957e+01   1.0000000e+00
   6.3821367e+02   4.1343502e+02   1.0000000e+00
  -1.3710710e+02   3.1586662e+02   1.0000000e+00
   5.1281131e+02  -3.7779493e+02   1.0000000e+00
   2.3625552e+02  -3.9059825e+02   1.0000000e+00
  -1.9850997e+02  -3.6144096e+02   1.0000000e+00
  -2.5207300e+02  -2.3947696e+02   1.0000000e+00
  -1.1718704e+02  -1.5282777e+02   1.0000000e+00
  -5.9780773e+02   6.2971496e+02   2.0000000e+00
   4.0016163e+02   2.5145261e+02   1.0000000e+00
  -1.6910822e+02  -5.8174321e+02   1.0000000e+00
   1.2119490e+02  -1.2529381e+02   1.0000000e+00
  -2.8443484e+02  -1.2798805e+02   1.0000000e+00
  -3.5289641e+02   5.3585044e+02   1.0000000e+00
   5.5369815e+02   1.5786190e+01   2.0000000e+00
   5.2440493e+02  -2.8059694e+02   2.0000000e+00
   5.9123925e+02   2.7897222e+01   2.0000000e+00
   4.2350959e+02   1.1285594e+02   1.0000000e+00
  -3.1861509e+02  -3.8974414e+01   1.0000000e+00
   3.3355918e+02  -5.3366357e+02   1.0000000e+00
   5.9478710e+02  -3.1830773e+02   2.0000000e+00
   4.9983263e+02  -1.6818739e+02   1.0000000e+00
   4.0361729e+02   4.6973014e+02   1.0000000e+00
  -6.0207285e+02   4.8582439e+02   2.0000000e+00
   1.3625895e+02   2.8924957e+02   1.0000000e+00
  -3.6458222e+02  -4.1682082e+02   1.0000000e+00
  -3.8767532e+02   3.4971283e+02   2.0000000e+00
  -5.1379005e+02   6.0903910e+02   2.0000000e+00
  -1.9683722e+01   3.9017465e+02   1.0000000e+00
  -4.0827698e+02  -4.6743523e+01   1.0000000e+00
  -6.4146089e+02   6.1965369e+02   2.0000000e+00
  -1.0874759e+01  -4.5320633e+01   2.0000000e+00
  -4.8999463e+02  -1.3106292e+02   2.0000000e+00
   5.1419509e+02   4.9268335e+01   2.0000000e+00
  -5.1289298e+02  -2.0482129e+02   1.0000000e+00
  -2.9289934e+02  -1.6241132e+02   1.0000000e+00
   2.2442236e+02  -4.2925144e+02   1.0000000e+00
   3.7389554e+02   3.2087405e+02   1.0000000e+00
  -2.9249589e+02   1.2711355e+02   1.0000000e+00
  -2.9937536e+02   1.9949317e+02   1.0000000e+00
  -1.2209483e+01  -6.4115908e+02   2.0000000e+00
  -2.9691726e+02   9.6052679e+01   1.0000000e+00
  -2.1789844e+02  -5.3296770e+02   1.0000000e+00
   3.7504249e+02  -1.9803525e+02   1.0000000e+00
   1.6188455e+02   3.6046149e+01   1.0000000e+00
  -4.0754212e+02  -1.6624675e+02   1.0000000e+00
  -1.5325252e+02  -8.0995230e+01   1.0000000e+00
   5.4315659e+02  -1.8853944e+02   1.0000000e+00
  -2.0259639e+02  -2.4199220e+02   1.0000000e+00
   8.5537310e+01  -2.9137289e+02   1.0000000e+00
  -3.6190074e+02  -2.7410832e+02   1.0000000e+00
  -5.3267450e+02   8.3707320e+01   1.0000000e+00
  -5.8677885e+02  -6.1620666e+02   2.0000000e+00
  -5.0977342e+02  -1.4067697e+02   1.0000000e+00
  -4.3967746e+02  -2.4034874e+02   1.0000000e+00
  -2.4690491e+02   3.2915934e+02   1.0000000e+00
   3.2821781e+02   3.8552259e+02   1.0000000e+00
   2.2765851e+02  -3.8648328e+02   1.0000000e+00
   2.8971972e+02  -5.9399141e+02   1.0000000e+00
  -2.9649309e+00  -1.7325527e+01   2.0000000e+00
  -1.1529161e+02  -4.4491374e+02   1.0000000e+00
  -6.0692695e+02  -5.6930130e+01   1.0000000e+00
   1.5715409e+02  -4.7720403e+02   1.0000000e+00
  -5.8028336e+02  -5.5345409e+02   2.0000000e+00
   2.9504869e+02  -4.0251157e+02   1.0000000e+00
   2.3147956e+01  -3.4816660e+02   1.0000000e+00
   1.5160104e+02   6.3735443e+02   1.9000000e+00
   1.2827753e+02  -1.1808415e+02   1.0000000e+00
   5.0563267e+02   4.5146236e+02   1.0000000e+00
   6.0676497e+02  -5.4050178e+02   1.0000000e+00
  -5.5038056e+01   1.4250486e+02   1.0000000e+00
  -1.8531354e+02  -1.5102612e+02   1.0000000e+00
   6.1892433e+02   6.3664596e+02   2.0000000e+00
  -8.4358392e+01   1.5825304e+02   1.0000000e+00
   5.7473651e+02   5.5175163e+02   1.0000000e+00
   1.1650175e+02  -6.0069716e+02   1.0000000e+00
   1.6669342e+02   7.1442561e+01   1.0000000e+00
   9.3046385e+01  -3.5468727e+02   1.0000000e+00
   5.4957070e+02   5.6376647e+02   1.0000000e+00
   1.8843958e+02  -5.2082265e+02   1.0000000e+00
  -2.4398967e+02  -4.9836177e+02   1.0000000e+00
   3.0666768e+02  -5.5565195e+02   1.0000000e+00
   1.3128174e+02  -5.7909940e+02   1.0000000e+00
   3.8149224e+02   5.1421990e+02   1.0000000e+00
  -1.2492103e+02  -6.2894895e+02   1.0000000e+00
   5.1797974e+02  -4.2003655e+02   1.0000000e+00
   3.5885837e+02  -3.3129136e+02   1.0000000e+00
   5.7562333e+02   2.5390342e+02   1.0000000e+00
  -4.2764497e+02  -5.2294365e+02   1.0000000e+00
  -2.6985384e+02  -6.1809853e+02   1.0000000e+00
   1.5391508e+02   6.2128025e+02   2.0000000e+00
   5.7667654e+02  -1.8075060e+02   1.0000000e+00
  -4.2272208e+02   4.4391806e+01   1.0000000e+00
   4.8723296e+02  -6.0347432e+02   1.0000000e+00
   1.6086636e+02  -3.5861989e+02   1.0000000e+00
  -3.4904119e+02   5.4163774e+02   1.0000000e+00
  -5.2213987e+02  -4.1984189e+02   1.0000000e+00
   6.0819642e+02  -4.0015122e+02   2.0000000e+00
  -4.9658349e+02   9.1761835e+01   1.0000000e+00
  -1.5824151e+02   5.3100629e+02   1.0000000e+00
  -4.9112560e+02  -2.1114245e+02   2.0000000e+00
   3.9165179e+01   3.9962678e+02   1.0000000e+00
   6.1919079e+02  -7.3701360e+01   2.0000000e+00
  -6.1600626e+02   5.5144917e+02   2.0000000e+00
  -3.6112131e+02   2.9978014e+02   1.0000000e+00
  -5.7165634e+02  -1.9852970e+00   1.0000000e+00
  -3.4569447e+02   7.4193438e+01   1.3000000e+00
  -3.6892305e+01  -2.2408808e+02   1.0000000e+00
   2.6883965e+02   7.9667380e+01   1.0000000e+00
  -5.0513865e+02   2.9360905e+02   2.0000000e+00
  -2.5056326e+02  -1.4599696e+02   1.0000000e+00
   2.3698698e+02   3.3484285e+02   1.0000000e+00
  -6.0855326e+01   6.0427552e+01   1.0000000e+00
  -3.5902140e+01  -3.3705986e+02   1.0000000e+00
   2.0802152e+02  -5.0102553e+02   1.0000000e+00
  -1.3780955e+02   5.7857501e+02   1.0000000e+00
  -2.0522786e+00  -4.4540061e+02   1.0000000e+00
  -1.1502623e+02  -3.8676457e+02   1.0000000e+00
   9.0035313e+01  -6.9225314e+01   1.0000000e+00
  -3.8262254e+02   7.7241092e+01   1.0000000e+00
  -9.3444656e+01   5.7714806e+01   1.0000000e+00
  -6.0396410e+02  -2.1552218e+02   1.0000000e+00
  -6.3347925e+02   5.8398349e+02   2.0000000e+00
   2.3793799e+02  -4.9857449e+02   1.0000000e+00
   3.1643226e+02  -6.1069278e+02   1.0000000e+00
  -4.5655855e+02  -4.3392835e+02   1.0000000e+00
   3.2365545e+02   4.4671634e+02   1.0000000e+00
  -2.6935376e+02  -3.9148496e+02   1.0000000e+00
  -3.1992838e+02  -1.0836947e+02   1.0000000e+00
  -5.0922344e+02  -1.3373327e+02   2.0000000e+00
  -4.9587765e+02   4.2052549e+02   1.0000000e+00
  -5.0452988e+01   3.2126806e+02   1.0000000e+00
   6.1737483e+02   5.9787147e+02   2.0000000e+00
  -2.3324292e+02  -5.6746107e+02   1.0000000e+00
  -5.3439198e+02  -2.0622342e+02   1.0000000e+00
  -1.1802766e+02   1.8385703e+02   1.0000000e+00
  -6.0873090e+02  -6.0882897e+02   2.0000000e+00
   1.6270710e+02  -4.5042616e+02   2.0000000e+00
  -2.3059429e+02  -1.2984502e+01   1.0000000e+00
  -5.5150021e+02   1.5480429e+02   2.0000000e+00
   3.6043694e+02   1.0626472e+02   1.0000000e+00
  -1.9966713e+02   1.6472885e+02   1.0000000e+00
  -1.9091483e+02  -4.7802991e+02   1.0000000e+00
  -3.9628470e+02  -5.6036343e+02   1.0000000e+00
  -6.0650882e+02   3.5361725e+02   2.0000000e+00
  -1.1696130e+02   5.7943426e+02   1.0000000e+00
  -5.9541185e+02  -3.2835166e+02   1.0000000e+00
   3.8625174e+02   4.7847036e+02   1.0000000e+00
  -3.0795759e+02  -6.4985450e+01   1.0000000e+00
  -8.8662830e+01  -5.6674884e+01   1.0000000e+00
  -4.2592715e+02   2.4945096e+02   1.0000000e+00
  -1.0890451e+01   2.4311619e+02   1.0000000e+00
   3.1395804e+02   2.0956388e+02   1.0000000e+00
  -3.8693765e+02   1.5155302e+02   1.0000000e+00
   4.9877360e+02   4.0084799e+02   1.0000000e+00
  -3.7273103e+02  -6.2021812e+02   1.0000000e+00
  -2.7095858e+02   4.8845135e+02   1.0000000e+00
   2.7508525e+01  -1.3606678e+02   1.0000000e+00
   4.5278652e+02   3.3901097e+02   1.0000000e+00
  -4.3631445e+02   2.3664566e+02   1.0000000e+00
   6.3797296e+02  -3.3909446e+02   2.0000000e+00
  -2.5860918e+02  -3.4872611e+02   1.0000000e+00
  -4.4695605e+02  -5.0592559e+02   1.0000000e+00
   4.4478221e+02   5.7008821e+02   1.0000000e+00
   2.0793216e+01  -5.6365570e+02   1.0000000e+00
   3.3857547e+02   6.0540878e+02   1.0000000e+00
   3.8472818e+02   5.8108928e+02   1.0000000e+00
   6.1208075e+02  -1.9378721e+02   1.0000000e+00
   2.9312305e+02  -6.0276546e+02   1.0000000e+00
   5.9722299e+02   2.5225603e+02   1.0000000e+00
   5.7476049e+02   5.2951219e+02   1.0000000e+00
  -5.3289823e+02   2.4820352e+02   2.0000000e+00
   3.3756676e+02   1.5678600e+02   1.0000000e+00
  -3.8183529e+02   1.4579814e+02   1.0000000e+00
   1.8263099e+02   4.6513690e+02   1.0000000e+00
   6.5360411e+01   5.9902631e+02   1.0000000e+00
   3.2832861e+02  -6.3716514e+02   1.0000000e+00
  -7.4389812e+01  -1.9517664e+02   1.0000000e+00
   4.4549278e+02   1.7266305e+02   1.0000000e+00
  -1.7200262e+02  -4.4187588e+02   1.0000000e+00
  -4.5862992e+02   6.0791245e+02   2.0000000e+00
   5.1400719e+02  -5.2326868e+02   1.0000000e+00
  -9.5495487e+01   3.3882423e+02   1.0000000e+00
  -5.3035854e+02  -3.3494330e+01   1.0000000e+00
   5.5277571e+01   4.5745293e+02   1.0000000e+00
  -2.9550031e+02   6.2461603e+01   1.0000000e+00
  -3.0989573e+02  -3.2871134e+01   1.0000000e+00
  -6.7846419e+01  -6.2903185e+02   1.0000000e+00
   3.8415273e+02   2.0479216e+02   1.0000000e+00
  -6.9672979e+01  -6.0610761e+02   1.0000000e+00
   5.7070296e+01   1.9940025e+02   1.0000000e+00
  -4.4956248e+02  -1.5476048e+02   2.0000000e+00
   1.3598660e+02  -2.0201774e+02   1.0000000e+00
   3.6694707e+02   4.6930914e+02   1.0000000e+00
  -5.7918509e+02   1.1066179e+02   2.0000000e+00
  -5.9680695e+02   6.3324440e+02   2.0000000e+00
   3.1148586e+02  -5.1844005e+02   2.0000000e+00
   4.5109310e+02   5.3511276e+02   1.0000000e+00
   3.8964892e+02   4.7064283e+02   1.0000000e+00
  -3.7571933e+02  -3.6437163e+01   1.0000000e+00
  -5.4328853e+02  -5.6442659e+02   2.0000000e+00
  -2.4448727e+02   2.6170202e+02   1.0000000e+00
  -2.8710291e+02   2.5309094e+02   1.0000000e+00
  -3.0623364e+02   2.2882908e+02   1.0000000e+00
   3.1873122e+01  -1.1358457e+02   1.0000000e+00
  -3.1321000e+01   5.1279364e+02   1.0000000e+00
  -3.6958622e+02  -1.6147547e+01   1.0000000e+00
   5.4078734e+02   9.9507589e+01   1.0000000e+00
   5.7366966e+02   6.2116490e+02   2.0000000e+00
  -3.3682704e+02   4.2610434e+01   1.0000000e+00
  -5.0038541e+02   3.4675744e+02   2.0000000e+00
  -5.7721972e+02   2.0055439e+02   1.0000000e+00
   4.8656497e+01  -5.1128994e+02   1.0000000e+00
   5.4903697e+02   6.1587879e+02   2.0000000e+00
  -3.6961808e+02  -9.4189414e+00   1.0000000e+00
  -3.6758226e+02   2.6454048e+02   1.0000000e+00
  -3.4435688e+02  -4.8303720e+02   1.0000000e+00
  -5.3364469e+02   3.9283532e+02   1.0000000e+00
   4.1061406e+02  -3.7596016e+02   1.0000000e+00
  -4.9972337e+02  -4.3665036e+02   1.0000000e+00
  -4.8214421e+02  -1.4037252e+02   1.0000000e+00
   5.2862027e+02  -3.0926305e+02   2.0000000e+00
   3.6755799e+02  -1.4437145e+02   1.0000000e+00
   9.2113759e+01  -2.3290191e+01   1.0000000e+00
   1.1547406e+02   3.9798429e+01   1.0000000e+00
   5.0522859e+01   5.8378109e+02   1.0000000e+00
   5.9841731e+02   6.1031643e+02   2.0000000e+00
  -5.6736765e+02   3.7664106e+02   2.0000000e+00
   5.2631690e+02   4.9214555e+02   1.0000000e+00
   1.2182462e+02   5.6286842e+02   2.0000000e+00
   7.4100898e+01  -3.0888301e+00   1.0000000e+00
  -3.0942427e+01   4.0222208e+02   1.0000000e+00
   4.3709274e+02   2.6400071e+02   1.0000000e+00
   1.3284062e+02   2.8026017e+02   1.0000000e+00
  -2.8291742e+02  -1.9904365e+02   1.0000000e+00
   4.1809691e+01  -1.4483706e+02   1.0000000e+00
   1.2670135e+02   4.6125242e+02   1.0000000e+00
  -4.2965800e+02  -4.6800091e+01   1.0000000e+00
   2.6635880e+02   3.5899004e+02   1.0000000e+00
  -2.5619966e+02  -4.2993816e+02   1.0000000e+00
  -1.3160092e+02  -2.1174930e+02   1.0000000e+00
   2.1882017e+01   5.8367645e+01   1.0000000e+00
  -1.0123301e+02  -3.9555515e+02   1.0000000e+00
   4.7893672e+02   2.9613112e+01   1.0000000e+00
  -1.0761713e+02   4.3746918e+01   1.0000000e+00
   4.5328988e+02  -8.9253499e+01   1.0000000e+00
  -5.3647028e+02   2.6325336e+02   1.0000000e+00
   6.3645479e+00  -8.3216905e+01   1.0000000e+00
   3.0406713e+02  -1.4627803e+02   1.0000000e+00
   6.8971587e+01   1.1585519e+02   1.0000000e+00
  -1.5535625e+02   5.4921164e+02   1.0000000e+00
   1.8281717e+02  -5.3449694e+02   1.0000000e+00
   1.9438161e+02  -2.3692548e+02   1.0000000e+00
  -2.8971299e+00  -4.8598212e+02   1.0000000e+00
   6.0618321e+02   6.0505559e+02   2.0000000e+00
  -3.7420612e+02   1.1819117e+02   1.0000000e+00
   3.3977965e+02  -2.3554703e+02   1.0000000e+00
   3.5465360e+02   3.5986712e+02   1.0000000e+00
   3.5249444e+02  -1.6285108e+02   1.0000000e+00
  -2.1191173e+01  -2.6263612e+02   2.0000000e+00
  -4.5156469e+02   2.9392141e+01   1.0000000e+00
   1.9945249e+02   3.8251980e+02   1.0000000e+00
  -3.4032775e+02  -2.7258526e+02   1.0000000e+00
   2.3957971e+02  -6.0791578e+02   1.0000000e+00
  -5.5873239e+02  -1.4598837e+02   1.0000000e+00
   1.2546205e+02  -1.2463029e+02   1.0000000e+00
  -1.6776145e+02  -2.0689493e+02   1.0000000e+00
  -7.9544047e+01  -1.4419727e+02   1.0000000e+00
   4.8654082e+02  -1.8346887e+02   1.0000000e+00
  -4.3956498e+02  -3.1564143e+02   1.0000000e+00
  -5.1487254e+02   5.7955751e+02   2.0000000e+00
   3.3780117e+02   1.2965166e+01   1.0000000e+00
   3.2076170e+02  -2.7588264e+02   1.0000000e+00
  -4.7902816e+01   1.9938881e+01   1.0000000e+00
  -2.4970047e+02  -4.3620783e+02   1.0000000e+00
  -5.3862876e+01   1.5045203e+02   1.0000000e+00
   1.6646432e+02  -1.5504651e+02   1.0000000e+00
  -5.0400963e+02  -5.2867016e+02   1.0000000e+00
   4.5689566e+02  -1.7783336e+02   1.0000000e+00
   3.8658002e+02   1.5395855e+01   1.0000000e+00
   4.7058970e+01  -3.4325305e+02   1.0000000e+00
   2.1620381e+02   3.8217583e+02   1.0000000e+00
   2.4203917e+02  -5.1343516e+02   1.0000000e+00
   4.0792712e+02   6.9927079e+01   1.0000000e+00
   3.7246907e+02  -4.0622637e+02   1.0000000e+00
  -2.6035251e+02  -1.8547274e+01   1.0000000e+00
   5.8638951e+02  -3.7724988e+02   2.0000000e+00
   4.6570816e+02   6.2492745e+02   1.0000000e+00
  -4.2575821e+02   4.3952359e+02   1.0000000e+00
  -7.5172403e+00   4.2614618e+01   1.0000000e+00
   1.1061653e+02   2.4220421e+02   1.0000000e+00
   5.1786259e+02   4.9744146e+02   1.0000000e+00
   4.0685679e+02   2.7471143e+02   1.0000000e+00
  -7.2034859e+01  -4.4501488e+02   1.0000000e+00
  -3.1638532e+02  -1.3952589e+02   1.0000000e+00
   4.5288778e+02  -5.5120510e+02   1.0000000e+00
  -3.9343063e+02  -1.5096236e+01   1.0000000e+00
  -4.0301504e+02  -8.1884965e+01   1.0000000e+00
  -4.6966075e+02   1.5925078e+02   2.0000000e+00
   2.0158542e+02  -5.7673788e+02   1.0000000e+00
   3.9897250e+02   2.3626348e+02   1.0000000e+00
  -2.7168349e+02  -4.7643222e+02   1.0000000e+00
  -2.7226480e+02  -5.4403494e+02   2.0000000e+00
  -5.2418590e+02   1.2699470e+02   1.0000000e+00
  -2.1566015e+02   8.2520998e+01   1.0000000e+00
   3.9232835e+01  -1.4415732e+00   1.0000000e+00
   6.2208241e+02  -4.1930601e+02   2.0000000e+00
   2.9122392e+02   6.3886855e+02   1.0000000e+00
  -2.5948444e+02   7.3644072e+01   1.0000000e+00
  -4.9335621e+02  -4.7084791e+02   1.9000000e+00
   3.9606591e+02   3.6159681e+00   1.0000000e+00
   8.6174811e+01  -5.1674794e+02   1.0000000e+00
   4.3813002e+02   2.3452267e+01   1.0000000e+00
   3.7168513e+02  -4.1907390e+02   1.0000000e+00
  -5.9651887e+02  -4.2238392e+02   1.0000000e+00
   5.6396081e+02  -6.4171547e+01   1.0000000e+00
  -2.3849669e+02   5.9737293e+02   1.0000000e+00
  -5.9896152e+02   1.7092952e+02   2.0000000e+00
   4.5277006e+02  -1.7245976e+02   1.0000000e+00
   1.4985988e+02   6.5708533e+01   1.0000000e+00
  -1.0329943e+02  -4.7731640e+02   1.0000000e+00
  -2.9971794e+02  -5.2899422e+02   2.0000000e+00
  -3.4697022e+02   8.7560859e+01   1.0000000e+00
   1.5054404e+02   1.7380014e+02   1.0000000e+00
  -4.9630081e+02  -5.1722798e+02   1.0000000e+00
   4.2896554e+02  -2.6161160e+02   2.0000000e+00
   5.9695864e+02   1.5632182e+01   2.0000000e+00
  -2.4979654e+02   2.8881298e-01   1.0000000e+00
  -2.8370625e+02   3.8609979e+01   1.0000000e+00
  -1.1282323e+02  -5.0928314e+02   1.0000000e+00
  -4.8517171e+01   2.1251626e+01   1.0000000e+00
  -1.2850929e+02  -5.8139457e+02   1.0000000e+00
  -3.3538378e+02  -3.5290336e+02   1.0000000e+00
   7.8571027e+01   5.2558778e+02   1.0000000e+00
  -5.8007173e+02   1.6794305e+02   2.0000000e+00
   4.6530432e+02   5.9499642e+02   1.0000000e+00
  -6.3103467e+02   4.5186490e+01   2.0000000e+00
  -1.3089219e+02  -4.1962478e+02   1.0000000e+00
   1.4095621e+02   5.6105746e+02   2.0000000e+00
  -6.2788221e+01  -5.4276206e+02   1.0000000e+00
  -5.7052922e-01  -1.8456489e+02   1.0000000e+00
  -6.2757696e+02  -5.2908825e+02   2.0000000e+00
  -2.6219344e+02   2.5706880e+02   1.0000000e+00
   6.3243367e+02   2.2675375e+02   1.0000000e+00
   4.5632685e+02  -2.7041594e+02   1.0000000e+00
  -6.2934190e+02  -4.8957362e+02   2.0000000e+00
   6.0089195e+02  -3.3548057e+02   2.0000000e+00
   1.0966772e+02  -5.3840450e+02   1.0000000e+00
   4.7956304e+02  -1.5833663e+02   1.0000000e+00
  -4.8925654e+02   2.3581974e+02   1.0000000e+00
   5.0561183e+02   2.7865277e+02   1.0000000e+00
   3.9684936e+02  -1.4178188e+02   1.0000000e+00
  -1.1109145e+02   4.5834589e+02   1.0000000e+00
  -3.3614301e+02  -5.5019232e+00   1.0000000e+00
   1.4882990e+02   5.5493654e+02   2.0000000e+00
   2.6100384e+02   3.6829571e+02   1.0000000e+00
   1.5507086e+02  -2.1498345e+02   1.0000000e+00
   4.8620598e+02   4.1034748e+02   1.0000000e+00
  -5.4210443e+02   7.9540468e+01   1.0000000e+00
   5.3751478e+02   5.6270774e+02   1.0000000e+00
  -4.3313496e+02  -7.6886671e+01   1.0000000e+00
   1.3642531e+02  -3.0517837e+02   1.0000000e+00
   4.1916801e+02  -5.7791481e+02   1.0000000e+00
   3.0097037e+02   1.9732719e+02   1.0000000e+00
   2.7373875e+02  -6.1945632e+02   1.0000000e+00
   9.4860542e+01   4.6217642e+02   1.0000000e+00
  -5.4051758e+01   4.5399977e+02   1.0000000e+00
  -3.2880600e+02   2.0465839e+02   1.0000000e+00
   1.8857358e+02   7.1632246e+01   1.0000000e+00
   4.8300309e+02  -2.3302386e+02   1.0000000e+00
   3.1161025e+01  -1.0651790e+02   1.0000000e+00
  -2.6136075e+02  -1.1113492e+02   1.0000000e+00
  -2.5172908e+02   2.9012229e+02   1.0000000e+00
   2.9904509e+02   4.5770956e+02   1.0000000e+00
  -2.6101598e+02   2.1740271e+02   1.0000000e+00
   4.1394915e+02   5.0309917e+02   1.0000000e+00
  -2.8496723e+01  -2.4853267e+02   1.0000000e+00
  -4.6537813e+02  -3.7956921e+02   1.0000000e+00
   7.6104205e+01  -6.3495712e+02   1.0000000e+00
  -4.9569714e+02  -5.8380210e+02   1.0000000e+00
  -5.3971561e+02   3.8628711e+02   1.0000000e+00
  -1.0292991e+02  -2.7864485e+01   1.0000000e+00
   5.0524711e+02  -2.5836567e+02   1.0000000e+00
   4.3950318e+02  -3.1422862e+02   1.0000000e+00
   1.3805534e+02  -1.9510206e+02   1.0000000e+00
   5.0919077e+01  -2.3426595e+02   1.0000000e+00
   5.4327608e+02  -2.4610567e+02   1.0000000e+00
   2.9523382e+02  -3.4756880e+02   1.0000000e+00
   7.6564467e+01   2.3277469e+02   1.0000000e+00
  -1.9655370e+02  -9.0068622e+01   2.0000000e+00
   1.4368931e+02  -3.2249109e+02   1.0000000e+00
  -1.7687007e+02   5.0055974e+02   1.0000000e+00
  -2.7677185e+01  -3.7779211e+02   1.0000000e+00
   5.6116688e+02  -2.5847725e+02   1.0000000e+00
  -6.3181412e+02   6.8554888e+01   2.0000000e+00
   4.9123185e+01   6.3253632e+02   1.0000000e+00
  -5.5696475e+02   3.7630733e+02   2.0000000e+00
  -4.1700271e+01  -5.7258829e+02   1.0000000e+00
  -2.4396542e+02   5.1848205e+02   1.0000000e+00
  -4.3417454e+02   3.4236727e+02   2.0000000e+00
  -4.2493420e+02   4.4254585e+02   1.0000000e+00
  -3.9098932e+02   5.4356786e+01   1.0000000e+00
  -5.5844365e+02   1.6847655e+02   1.0000000e+00
   5.7068710e+02  -6.0544298e+01   2.0000000e+00
  -4.7551651e+02   2.5350276e+02   2.0000000e+00
   3.1563576e+02  -3.0766437e+01   1.0000000e+00
  -1.4605557e+02  -5.6383010e+02   1.0000000e+00
  -3.4599905e+02   1.6647985e+02   1.0000000e+00
  -2.4122379e+02   2.3947573e+02   1.0000000e+00
   5.2568638e+02   6.0836971e+01   2.0000000e+00
  -6.3234964e+01  -5.3264924e+02   1.0000000e+00
   7.8032008e+01  -6.1092151e+02   1.0000000e+00
   4.2840691e+02  -5.9968917e+02   1.0000000e+00
  -3.5854809e+02   1.0336653e+02   2.0000000e+00
   5.0668525e+02   5.9152996e+02   1.0000000e+00
  -3.0563784e+02   1.2967775e+02   1.0000000e+00
   2.6835606e+02   8.0844831e+01   1.0000000e+00
  -5.0320741e+02   4.7710173e+02   1.0000000e+00
   5.7881719e+02  -2.6342698e+02   1.0000000e+00
   2.6243797e+02  -2.9084863e+02   1.0000000e+00
  -5.6746382e+01   6.0523779e+02   1.0000000e+00
  -5.9703973e+02   5.5257525e+02   2.0000000e+00
  -2.7259220e+02   2.0690636e+02   1.0000000e+00
  -4.6988736e+02  -2.5954733e+01   1.0000000e+00
   2.8504924e+02   4.2749079e+02   1.0000000e+00
  -2.0969938e+02  -5.8989160e+02   1.0000000e+00
  -4.3789273e+02  -2.1851636e+02   1.0000000e+00
   4.8144204e+01  -4.5070961e+02   1.0000000e+00
   4.6935246e+02  -3.2067125e+02   1.0000000e+00
   2.1185416e+02  -3.4436265e+02   1.0000000e+00
   3.4016716e+01   2.8636063e+02   1.0000000e+00
  -3.3195571e+01  -1.2022261e+01   1.0000000e+00
  -8.3454962e+00   3.4880409e+02   1.0000000e+00
   6.0210320e+02  -3.5507984e+02   2.0000000e+00
   1.5732618e+02  -2.7339386e+01   1.0000000e+00
  -3.7509155e+02  -5.9363926e+02   1.0000000e+00
   4.9914668e+02  -2.7326903e+02   1.0000000e+00
  -4.2827014e+01   2.6429571e+02   1.0000000e+00
   3.9351093e+02  -4.0575951e+02   1.0000000e+00
   1.6181057e+02   6.1884405e+02   2.0000000e+00
   2.1785578e+02   3.1698995e+02   1.0000000e+00
   5.1711184e+02   5.6516333e+01   2.0000000e+00
   4.0482309e+02   5.3734444e+02   1.0000000e+00
   3.2195654e+02  -2.9704911e+02   2.0000000e+00
   9.3230331e+01  -1.7293493e+02   1.0000000e+00
   4.6430244e+02  -2.1519589e+02   1.0000000e+00
  -2.7034555e+02   1.0619519e+02   1.0000000e+00
   3.7307832e+02  -5.7814750e+01   1.0000000e+00
   4.9598868e+02   2.5184649e+01   2.0000000e+00
   3.1155006e+02   6.3439256e+02   1.0000000e+00
  -9.3164066e+01  -4.0892111e+02   1.0000000e+00
  -2.3364144e+02   1.9823419e+01   1.0000000e+00
   4.6688662e+02   3.5254398e+02   1.0000000e+00
  -1.1127079e+02   3.5207608e+02   1.0000000e+00
  -5.0508431e+02  -1.1331328e+01   1.0000000e+00
  -8.2778544e+01  -4.3506140e+02   1.0000000e+00
  -1.9205600e+02  -4.9554478e+02   1.0000000e+00
  -9.2566487e+01  -6.1537946e+02   1.0000000e+00
  -2.0981663e+02  -2.9735914e+02   1.0000000e+00
   5.7835167e+02  -2.7868749e+02   2.0000000e+00
   2.0048675e+02  -7.6680209e+01   1.0000000e+00
  -2.9380759e+02  -1.1255213e+01   1.0000000e+00
  -3.6015087e+02   6.3154236e+02   2.0000000e+00
   3.9648676e+02  -6.0151813e+02   1.0000000e+00
  -2.5193046e+02   2.0913449e+02   1.0000000e+00
   2.7385812e+02  -6.1786100e+02   1.0000000e+00
   6.3932369e+02  -4.3638934e+02   2.0000000e+00
  -2.5517374e+02  -1.2074049e+01   1.0000000e+00
   6.1716108e+02  -3.7180220e+02   2.0000000e+00
   5.9812487e+01   2.6635787e+02   1.0000000e+00
  -2.3400754e+02  -5.6398810e+02   1.0000000e+00
   2.7212446e+02  -4.9586851e+02   1.4000000e+00
   1.0061908e+02   6.2933603e+01   1.0000000e+00
   1.5358286e+02   4.4188864e+02   1.0000000e+00
  -1.8014719e+02   9.0842337e+01   1.0000000e+00
   5.0566175e+02  -5.1593344e+01   2.0000000e+00
   3.6417544e+02  -1.0247283e+02   1.0000000e+00
  -2.6654812e+02   5.7456716e+02   1.0000000e+00
   3.2616681e+02  -1.2289261e+00   1.0000000e+00
  -3.0221423e+02   4.3410174e+02   1.0000000e+00
  -3.7324204e+02  -6.0341531e+02   1.0000000e+00
   3.0659981e+02   2.0319774e+01   1.0000000e+00
  -4.9347991e+02   2.0314345e+01   1.0000000e+00
  -4.3905504e+02   4.3619805e+02   1.0000000e+00
  -4.3295517e+02   5.1711094e+01   1.0000000e+00
  -5.9332765e+00   3.5788635e+02   1.0000000e+00
  -6.0036564e+02   2.7730947e+02   1.0000000e+00
  -3.6253004e+02  -3.9610829e+02   1.0000000e+00
  -2.5102390e+02  -1.6512588e+02   1.0000000e+00
  -4.7414096e+02   3.6591077e+02   2.0000000e+00
   3.5421302e+02  -1.6022198e+02   1.0000000e+00
   4.1600750e+02   3.0049663e+02   1.0000000e+00
   6.0565260e+02  -2.0385158e+02   1.0000000e+00
  -5.2254274e+02  -2.8473522e+02   1.0000000e+00
  -6.0259069e+02   9.1139113e+01   2.0000000e+00
  -2.8811757e+02   4.8053805e+02   1.0000000e+00
  -4.4922427e+02   3.9629211e+02   2.0000000e+00
   5.2968006e+02  -4.4919186e+02   1.0000000e+00
  -5.0511960e+01   4.5704384e+02   1.0000000e+00
  -4.8680449e+02  -3.3436269e+02   1.0000000e+00
   1.0438533e+01  -8.3870209e+00   1.0000000e+00
  -2.9576016e+02   4.3529314e+02   1.0000000e+00
  -2.6606765e+01   2.5298724e+02   1.0000000e+00
  -5.7315189e+02  -4.5573012e+02   1.0000000e+00
   1.9454521e+02   3.4760184e+01   1.0000000e+00
   2.1134190e+02   6.2533725e+02   1.9000000e+00
  -5.7066875e+02  -6.2720277e+02   2.0000000e+00
  -1.3461987e+02   2.0895659e+02   2.0000000e+00
   5.7814535e+01  -4.7487260e+02   1.0000000e+00
   1.1826145e+02   1.0692371e+02   1.0000000e+00
  -2.4805156e+02  -5.3216052e+02   2.0000000e+00
   5.8773624e+02   2.6874207e+02   1.0000000e+00
  -3.9018307e+02  -3.8857587e+01   1.0000000e+00
   6.1988050e+02   1.3882653e+02   2.0000000e+00
   1.1290199e+02   5.2071090e+01   1.0000000e+00
  -5.7558617e+02   1.7459401e+02   1.0000000e+00
   4.0844673e+02  -7.3774718e+01   1.0000000e+00
   5.9802557e+02   2.9283021e+01   2.0000000e+00
  -5.7396639e+02   4.8129927e+02   2.0000000e+00
  -2.3041402e+02   2.1250436e+02   1.0000000e+00
  -2.6566190e+02   5.3777022e+02   1.0000000e+00
   6.6829519e+01  -3.1319009e+02   1.0000000e+00
  -6.0921125e+02   1.4895539e+02   2.0000000e+00
  -4.7519277e+02   1.6928644e+02   1.0000000e+00
  -4.3616052e+02  -1.7726145e+02   1.0000000e+00
  -5.2066937e+01  -5.7539103e+02   1.0000000e+00
   1.2438015e+02   1.1168039e+02   1.0000000e+00
  -4.0963303e+02  -6.2496476e+02   1.0000000e+00
  -1.8568267e+02   5.4688498e+02   1.0000000e+00
   9.0918938e+01   5.4541436e+02   1.0000000e+00
   5.2958730e+02   4.1221048e+02   1.0000000e+00
   5.0820429e+02   3.5937709e+02   1.0000000e+00
   1.8335199e+02  -1.4951456e+02   1.0000000e+00
  -4.9014438e+02   3.9380392e+02   2.0000000e+00
   4.9503438e+02   2.5209412e+02   1.0000000e+00
  -4.5180023e+01  -4.2695604e+02   1.0000000e+00
  -5.6373765e+02   4.7102786e+02   1.0000000e+00
  -6.0519730e+02  -6.1222028e+02   2.0000000e+00
   5.3975248e+02  -5.3394555e+01   2.0000000e+00
  -4.1832176e+01  -1.3856608e+02   1.0000000e+00
  -2.0847975e+02   2.8488807e+02   1.0000000e+00
  -2.0460212e+02  -4.3326611e+01   1.0000000e+00
  -5.3597382e+01  -5.7288555e+01   1.0000000e+00
   2.5529002e+02   2.8997764e+02   1.0000000e+00
  -6.3429187e+02   1.4501656e+02   2.0000000e+00
  -4.0649857e+02   4.7144247e+02   1.0000000e+00
   1.3309865e+02  -3.2529007e+02   1.0000000e+00
  -1.7965529e+02  -1.5079492e+02   1.0000000e+00
   3.2054848e+02  -4.9457879e+02   1.0000000e+00
  -1.6583299e+02   5.7143236e+02   1.0000000e+00
   5.4188276e+02  -2.2122733e+02   1.0000000e+00
   2.9952501e+02  -2.8458033e+02   1.0000000e+00
  -5.1384146e+02   1.2221318e+02   1.0000000e+00
   1.3188097e+02  -6.1170691e+02   1.0000000e+00
  -5.7235961e+01  -5.5841979e+02   1.0000000e+00
   3.8646759e+02   4.7991758e+02   1.0000000e+00
  -1.5545323e+02  -9.9786124e+01   1.0000000e+00
   3.2326195e+02   1.4953617e+02   1.0000000e+00
   1.2609591e+02  -1.6950075e+02   1.0000000e+00
  -2.6814503e+02  -6.1827746e+02   1.0000000e+00
  -8.4906462e+01   5.8332825e+02   1.0000000e+00
   1.7383680e+02  -2.2287469e+02   1.0000000e+00
   6.9052342e+01  -1.6013380e+01   1.0000000e+00
  -4.4416166e+01  -8.7118023e+01   1.0000000e+00
  -1.2993706e+02  -3.3398062e+02   2.0000000e+00
   1.5414779e+01   5.3276371e+02   2.0000000e+00
  -1.6410325e+02  -5.4705995e+02   1.0000000e+00
  -2.8287423e+02  -5.3201037e+02   2.0000000e+00
   1.0917224e+02   3.9047109e+02   1.0000000e+00
  -2.1023213e+02  -2.4294873e+01   1.0000000e+00
   5.0741098e+02  -5.2264371e+00   2.0000000e+00
   1.7967788e+02  -3.0463117e+02   1.0000000e+00
   3.2962963e+02  -3.7588364e+02   1.0000000e+00
   2.8717259e+00  -5.5104983e+01   1.0000000e+00
   1.0087913e+02   3.2089147e+02   1.0000000e+00
   3.9828090e+02  -5.1193751e+02   1.0000000e+00
   8.5859831e+00   5.2845228e+02   2.0000000e+00
  -2.7330128e+02  -5.4989523e+02   2.0000000e+00
   2.0993458e+02   6.4049532e+02   1.4000000e+00
  -4.5292011e+02   5.0870254e+02   1.0000000e+00
  -2.7936888e+02   4.2955706e+02   1.0000000e+00
   5.5727175e+02  -3.5833684e+02   1.0000000e+00
  -2.8567503e+02  -1.1456501e+02   1.0000000e+00
   3.8587320e+02   2.0319240e+02   1.0000000e+00
  -6.2360180e+02  -5.3051724e+01   1.0000000e+00
  -3.8537746e+02  -2.9454627e+02   1.0000000e+00
  -3.7987476e+02   5.1776992e+02   1.0000000e+00
   4.0521431e+02  -3.1983421e+02   1.0000000e+00
  -1.1985554e+02   1.6339908e+02   2.0000000e+00
  -4.3244021e+02   5.2279093e+02   1.0000000e+00
   1.4581112e+02   3.6374612e+02   1.0000000e+00
   5.8057952e+02   6.2637406e+01   2.0000000e+00
   3.2216427e+02  -5.3882012e+02   1.0000000e+00
  -4.3486000e+02   1.9898394e+02   1.0000000e+00
  -4.2141499e+01   4.8837864e+02   1.0000000e+00
   5.2898883e+02  -2.4102987e+02   1.0000000e+00
   1.7503934e+02  -3.1830376e+02   1.0000000e+00
   1.9339994e+01   4.4180956e+02   1.0000000e+00
   2.4932799e+02   5.6347596e+02   1.0000000e+00
   2.3987376e+01  -5.4644689e+02   1.0000000e+00
  -5.4910865e+01  -1.8752477e+02   1.0000000e+00
   4.7349632e+02   4.4174832e+02   1.0000000e+00
  -5.1443073e+02  -4.7258131e+02   2.0000000e+00
  -3.6682076e+02  -3.8463746e+02   1.0000000e+00
  -5.9953736e+01   1.3707591e+02   1.0000000e+00
  -3.9956201e+02  -5.0617229e+01   1.0000000e+00
   5.6995250e+02   3.9238805e+02   1.0000000e+00
   1.4001488e+02  -2.7574689e+02   1.0000000e+00
   1.6106939e+02  -6.3280569e+02   1.0000000e+00
   2.6935813e+02   2.8927960e+00   1.0000000e+00
   3.1374776e+02  -5.8290158e+02   1.0000000e+00
   4.5006035e+02   2.2710673e+02   1.0000000e+00
  -3.4375384e+02   6.3739304e+02   2.0000000e+00
  -5.0136616e+02   1.8267326e+02   1.0000000e+00
  -5.5389268e+01  -1.7830894e+02   1.0000000e+00
   1.5332431e+02  -1.6175766e+02   1.0000000e+00
  -3.3780259e+02   3.2723500e+01   1.0000000e+00
   2.9644336e+02   1.5046201e+02   1.0000000e+00
   5.2997591e+02  -2.8539083e+02   2.0000000e+00
  -5.4524719e+02  -1.2623886e+02   1.0000000e+00
  -4.6611616e+02  -2.6729823e+02   1.0000000e+00
   2.9470037e+02  -2.7520957e+01   1.0000000e+00
  -4.7866080e+02  -2.3988725e+02   1.0000000e+00
  -6.2146466e+02  -1.6234515e+02   2.0000000e+00
  -3.0847189e+02   5.4050732e+02   1.0000000e+00
   8.6795790e+00   6.0819736e+02   1.0000000e+00
  -3.6904368e+02  -1.6074750e+02   1.0000000e+00
  -1.9686725e+02   9.5608613e+01   1.0000000e+00
   4.2044432e+02  -8.4705413e+01   1.0000000e+00
  -3.4832453e+02  -4.7658311e+02   1.0000000e+00
   3.1962084e+02  -6.0947482e+02   1.0000000e+00
  -4.9322639e+02  -5.2483212e+02   1.0000000e+00
   5.9086378e+02   2.0029784e+02   1.0000000e+00
  -2.6237799e+02  -4.9815414e+02   1.0000000e+00
  -1.1920699e+02   1.5568483e+01   1.0000000e+00
  -6.2832948e+01   2.6541266e+02   1.0000000e+00
  -1.5041945e+02   4.7761898e+02   1.0000000e+00
   6.1303034e+02   3.5325240e+02   1.0000000e+00
  -5.0062594e+01   4.2070846e+02   1.0000000e+00
  -6.1703698e+02   2.0761877e+02   1.0000000e+00
  -1.2372276e+01   4.5557730e+02   1.0000000e+00
   2.9189057e+02  -5.3565440e+02   1.0000000e+00
  -1.4631222e+02  -4.9504425e+02   1.0000000e+00
   6.3487201e+01  -5.5272056e+02   1.0000000e+00
  -4.1882745e+02  -5.6476755e+02   1.0000000e+00
   3.1945049e+02   4.2335148e+02   1.0000000e+00
   5.0508137e+02   9.2784975e+01   1.0000000e+00
  -1.4965929e+02   5.5941544e+02   1.0000000e+00
  -5.4641770e+02   4.1081570e+02   1.0000000e+00
  -2.0545597e+02   1.3615795e+02   1.0000000e+00
   5.7417276e+01   5.2715935e+02   1.0000000e+00
   2.1792363e+02   2.2886462e+02   1.0000000e+00
   3.2808354e+02   2.8700641e+02   1.0000000e+00
   1.7267957e+02  -4.4518257e+02   1.0000000e+00
   3.5530914e+02  -4.8521833e+02   1.0000000e+00
  -5.1954285e+02   2.5403889e+02   1.0000000e+00
   3.6969187e+02   4.9239527e+02   1.0000000e+00
  -1.8502670e+02   6.8754518e+01   1.0000000e+00
   1.9907195e+02  -1.0315386e+02   1.0000000e+00
  -1.6202993e+02  -6.2231521e+02   1.0000000e+00
   1.2145612e+01  -4.3978674e+02   1.0000000e+00
  -5.4798272e+02  -5.1983476e+01   1.0000000e+00
  -4.5693206e+02  -4.8873407e+02   1.0000000e+00
  -3.9540021e+02  -6.5164467e+01   1.0000000e+00
  -2.3761011e+02   5.5218242e+02   1.0000000e+00
  -6.4975035e+01  -2.2464788e+02   1.0000000e+00
   4.7837915e+02  -6.0300029e+02   1.0000000e+00
  -5.5543346e+02  -3.0957461e+02   1.0000000e+00
  -3.2582651e+02   2.1466622e+02   1.0000000e+00
   5.2381204e+02   3.6653690e+02   1.0000000e+00
  -4.4995054e+02   1.3625955e+02   1.0000000e+00
  -2.7326046e+02  -9.2949318e+01   1.0000000e+00
  -3.9637974e+02  -5.3357249e+02   1.0000000e+00
   5.2225846e+02   5.6593317e+02   1.0000000e+00
  -1.9921387e+02   6.5481586e+01   1.0000000e+00
   3.9731734e+02   4.1216320e+02   1.0000000e+00
   1.5478126e+02   5.1082035e+02   1.0000000e+00
   3.6953680e+02   2.7245504e+02   1.0000000e+00
  -5.9529480e+02   5.4879654e+02   2.0000000e+00
   5.8427360e+02   1.7203303e+02   2.0000000e+00
   4.8805520e+02  -4.6331539e+02   1.0000000e+00
   1.0314108e+02  -6.3162838e+02   1.0000000e+00
   2.0901487e+02  -6.3336862e+01   1.0000000e+00
  -2.1991164e+02  -2.1407029e+02   1.0000000e+00
   1.5688971e+02  -2.7273820e+02   2.0000000e+00
  -3.1082430e+02  -5.6190864e+01   1.0000000e+00
  -6.0587678e+02   2.2311554e+02   1.0000000e+00
  -1.3096091e+02   4.8056871e+01   1.0000000e+00
  -1.0722211e+02   1.8434106e+02   2.0000000e+00
   3.8586915e+02   5.6774769e+01   1.0000000e+00
   7.2105775e+01   3.4265694e+02   1.0000000e+00
   4.9104178e+01  -3.5665935e+02   1.0000000e+00
   2.3248481e+02  -2.3774931e+02   1.0000000e+00
  -5.0680180e+02  -5.6088759e+02   1.0000000e+00
  -5.2822584e+02   3.6177718e+02   2.0000000e+00
   1.8203819e+02  -2.3321121e+02   1.0000000e+00
  -5.5163428e+02  -4.9802938e+02   2.0000000e+00
  -4.3744876e+02  -3.9113826e+02   2.0000000e+00
   5.6724881e+02   4.2677900e+02   1.0000000e+00
   4.7618843e+01  -3.5347855e+02   1.0000000e+00
   5.1865171e+02   6.3486704e+02   1.0000000e+00
  -3.2429617e+02   3.9248020e+01   1.0000000e+00
  -1.9659198e+02   8.1419840e+01   1.0000000e+00
  -6.3309725e+02  -5.3519931e+02   2.0000000e+00
  -5.7514374e+02   1.7108842e+02   1.0000000e+00
   5.2735035e+01   5.0552060e+02   1.0000000e+00
   3.2542318e+02   1.1350789e+02   1.0000000e+00
   3.4080841e+02   1.2902700e+01   1.0000000e+00
  -3.6068329e+02   2.8937527e+02   2.0000000e+00
   1.1256709e+02   3.3597523e+02   1.0000000e+00
  -1.3059612e+02  -2.3432764e+02   1.0000000e+00
   1.9209809e+02  -4.8126262e+02   2.0000000e+00
  -8.1837813e+01   1.6275179e+02   1.0000000e+00
   5.7217447e+01  -6.1056076e+02   1.0000000e+00
  -3.4613727e+02  -1.4961836e+02   1.0000000e+00
   1.2898650e+02   4.2346387e+02   1.0000000e+00
   2.7315515e+02  -4.6868289e+01   1.0000000e+00
  -3.9477645e+02   9.3438231e+01   1.0000000e+00
   4.8906737e+02  -9.2765131e+01   1.0000000e+00
  -2.5538698e+02  -5.7582554e+02   1.0000000e+00
  -1.6063209e+02   4.9014620e+02   1.0000000e+00
   1.4301285e+02   6.6580914e+01   1.0000000e+00
   4.6623774e+02   4.8433382e+02   1.0000000e+00
   8.3433757e+00  -6.0824694e+02   1.0000000e+00
  -3.0171940e+02  -3.0310151e+02   1.0000000e+00
   2.6679676e+02   4.8452218e+02   1.0000000e+00
  -5.9164799e+02  -5.9378369e+02   1.0000000e+00
   5.5150948e+02  -4.4054483e+02   1.0000000e+00
   1.8373138e+02   2.2260509e+01   1.0000000e+00
   1.3111700e+02  -3.7521068e+02   1.0000000e+00
  -5.5450546e+02  -1.8961170e+02   1.0000000e+00
   2.0686878e+02   3.7759548e+02   1.0000000e+00
  -2.6958011e+02  -8.1769361e+00   1.0000000e+00
   5.8462621e+02   6.3899544e+02   2.0000000e+00
  -5.0852128e+02  -1.1923633e+02   1.0000000e+00
   3.1256202e+02   4.5515642e+02   1.0000000e+00
   4.9345340e+02   5.2732315e+02   1.0000000e+00
   2.8075707e+02  -5.4057406e+02   1.0000000e+00
   5.5625038e+02  -1.0315661e+02   1.0000000e+00
   1.2713366e+02   7.8353189e+01   1.0000000e+00
  -1.4672401e+02  -4.8145954e+02   1.0000000e+00
   2.1097285e+02  -6.1345945e+02   1.0000000e+00
   4.3412921e+02   5.5215093e+02   1.0000000e+00
  -5.1773217e+02  -1.4505824e+02   1.0000000e+00
   2.6427671e+02  -5.5109575e+01   1.0000000e+00
  -1.5111279e+02   5.8536936e+02   1.0000000e+00
  -4.1387488e+02  -4.3060290e+02   1.0000000e+00
  -2.4096402e+02   3.0103254e+02   1.0000000e+00
  -4.8014618e+02   3.1578259e+02   2.0000000e+00
   5.4644017e+02  -4.1628065e+02   1.0000000e+00
  -1.1115073e+02   7.5779183e+00   1.0000000e+00
  -3.0242754e+02  -5.8023527e+01   1.0000000e+00
   4.5447433e+02   2.0056349e+02   1.0000000e+00
  -3.4196306e+02  -4.1405378e+02   1.0000000e+00
   5.1674897e+02  -5.2876231e+02   1.0000000e+00
   1.3298972e+02  -5.1210762e+01   1.0000000e+00
   3.1703480e+02  -4.8087920e+02   1.0000000e+00
  -1.3364570e+02  -4.9103716e+02   1.0000000e+00
   4.9568867e+02  -3.6114691e+02   1.0000000e+00
  -5.8960657e+02   5.5513319e+02   2.0000000e+00
   2.2591480e+02   4.2386473e+02   1.0000000e+00
  -2.3524531e+02  -5.2464099e+02   1.0000000e+00
   3.1268624e+01   3.5162707e+01   1.0000000e+00
  -5.1605115e+02   5.8528024e+02   2.0000000e+00
  -3.8341780e+01  -3.8487463e+01   1.0000000e+00
  -1.8289973e+02   2.2990033e+02   1.0000000e+00
  -3.4916849e+02   5.3887535e+02   1.0000000e+00
  -4.2468770e+02  -2.0458237e+02   1.0000000e+00
  -1.0761932e+02   1.8950626e+02   1.0000000e+00
  -4.5647707e+02  -2.6238842e+02   1.0000000e+00
  -6.0955553e+02   3.7660341e+02   2.0000000e+00
  -3.5006273e+02   1.2853107e+02   1.0000000e+00
  -3.3573298e+02  -3.6692138e+02   1.0000000e+00
  -4.5912366e+02   5.4248600e+02   1.0000000e+00
   3.4602880e+01  -7.0699678e+01   1.0000000e+00
   8.2483284e+01  -6.2532833e+02   1.0000000e+00
  -1.6248378e+02  -4.1038188e+01   1.0000000e+00
  -9.3283036e+01   2.5917616e+02   1.0000000e+00
   4.5205000e+02   1.8886269e+02   1.0000000e+00
   2.3568185e+01   1.8026053e+02   1.0000000e+00
   3.8416499e+02  -3.7963701e+02   1.0000000e+00
   6.8612049e+01  -1.6294444e+02   1.0000000e+00
   2.4068939e+02   5.5654419e+01   1.0000000e+00
  -5.8463301e+02  -3.9027406e+02   1.0000000e+00
  -2.3895746e+02  -5.3943724e+02   1.0000000e+00
   4.8712531e+02  -2.1050572e+02   1.0000000e+00
   6.2614075e+02   4.3592863e+02   1.0000000e+00
   4.2593157e+02   6.3575839e+01   1.0000000e+00
  -2.4069490e+02   3.8387173e+02   1.0000000e+00
  -5.7348449e+02  -1.8117096e+02   1.0000000e+00
   8.2266510e+01   6.1370605e+02   2.0000000e+00
  -4.1927173e+02   3.3377650e+02   2.0000000e+00
   4.2062092e+02   2.4328156e+02   1.0000000e+00
  -4.2801738e+02   5.2640841e+02   1.0000000e+00
  -4.0145306e+02   2.8837145e+02   2.0000000e+00
   4.5325014e+02  -5.6910143e+02   1.0000000e+00
  -4.7544775e+02  -2.1844666e+01   1.0000000e+00
   2.2524039e+02   4.1207429e+02   1.0000000e+00
   1.7179556e+02  -4.7736865e+02   1.0000000e+00
  -4.7124163e+02  -2.8226776e+02   1.0000000e+00
   4.8587719e+02  -2.3587269e+02   1.0000000e+00
  -5.4246737e+02   5.2862153e+02   2.0000000e+00
  -5.8264481e+00   5.4235719e+02   2.0000000e+00
   1.6075607e+02   5.0366869e+02   1.0000000e+00
  -2.7887152e+02  -4.7966136e+02   1.0000000e+00
  -4.1051375e+02   6.3959227e+02   2.0000000e+00
   2.6574721e+02  -3.9097223e+02   1.0000000e+00
   3.9658508e+02  -4.5570896e+02   1.0000000e+00
   1.8874514e+02   5.0082301e+02   1.0000000e+00
   4.8337385e+02   1.8494331e+02   1.0000000e+00
   1.5107811e+02   2.2062316e+02   1.0000000e+00
   6.0106512e+00  -1.6663292e+02   1.0000000e+00
  -2.1950021e+02  -2.0966435e+02   1.0000000e+00
   4.9413510e+02   6.3129423e+02   1.0000000e+00
   6.1233529e+02   4.4290425e+01   2.0000000e+00
   4.3741605e+02   1.0150590e+02   1.0000000e+00
   1.8782121e+02  -3.9483037e+01   1.0000000e+00
   8.6847853e+01   2.2279720e+02   1.0000000e+00
  -3.6158475e+02   2.1016185e+02   1.0000000e+00
  -5.2904103e+02  -1.0341307e+02   1.0000000e+00
   3.6580741e+02   1.1610117e+02   1.0000000e+00
  -5.0215382e+02   2.7442152e+02   2.0000000e+00
   6.4118975e+02  -3.4165664e+02   2.0000000e+00
   2.9289400e+02  -6.0623202e+02   1.0000000e+00
   1.7419629e+02  -3.4066774e+02   1.0000000e+00
   9.0838370e+01   3.7491870e+02   1.0000000e+00
  -3.4114461e+02  -3.8548440e+02   1.0000000e+00
  -1.2900531e+02  -5.1449850e+02   1.0000000e+00
   3.6017580e+02  -2.2760614e+02   1.0000000e+00
   4.1051810e+02  -3.8945991e+01   1.0000000e+00
   2.5094812e+02  -6.0485659e+02   1.0000000e+00
   4.0528558e+02  -5.5702833e+02   1.0000000e+00
  -4.0842577e+02   1.4766299e+02   1.0000000e+00
  -2.5219535e+02  -5.6101660e+02   2.0000000e+00
  -5.0419412e+02  -5.6616959e+02   1.0000000e+00
   3.1366144e+02  -5.8007920e+02   1.0000000e+00
  -4.6604364e+02  -3.7502282e+02   1.0000000e+00
   4.1537276e+02  -3.6767286e+02   1.0000000e+00
   2.4986322e+02  -8.5747731e+01   1.0000000e+00
   1.5191037e+02  -3.6626251e+02   1.0000000e+00
  -5.3013418e+02  -2.5844234e+02   1.0000000e+00
  -2.3833683e+02   6.3578335e+02   1.0000000e+00
   4.7369651e+02  -8.8329375e+01   1.0000000e+00
   1.4136308e+02   2.7648102e+02   1.0000000e+00
   9.6471586e+01  -3.7441902e+02   1.0000000e+00
   2.4054154e+02   3.6709861e+01   1.0000000e+00
   6.3372294e+02   2.8295719e+02   1.0000000e+00
  -5.7144429e+02  -1.9365676e+02   1.0000000e+00
  -5.7606736e+02   1.6967456e+02   2.0000000e+00
   1.5835662e+02  -1.5760714e+02   1.0000000e+00
  -4.2891530e+02  -4.1211430e+01   1.0000000e+00
  -5.0293444e+02  -1.8474828e+02   1.0000000e+00
   3.1221091e+02   5.6201564e+02   1.0000000e+00
  -5.2392750e+01  -3.2273732e+02   1.0000000e+00
  -1.5512721e+02   6.3597032e+02   1.0000000e+00
  -5.9428755e+02   1.6846122e+02   1.0000000e+00
  -5.4870461e+02   1.5170127e+02   2.0000000e+00
  -4.1815072e+02  -1.6105111e+02   1.0000000e+00
  -3.6274803e+02  -1.5804403e+02   1.0000000e+00
   8.5141622e+01   2.6755059e+02   1.0000000e+00
  -4.7138478e+02  -4.8204730e+02   1.0000000e+00
  -1.5070616e+00   5.2415353e+02   2.0000000e+00
   1.2204609e+02   5.0212408e+02   1.0000000e+00
   1.2660965e+02   8.6469492e+01   1.0000000e+00
  -3.8201828e+02   6.1024368e+01   1.0000000e+00
  -2.7422663e+02   3.8619977e+02   1.0000000e+00
  -6.2001486e+02  -3.6325581e+02   1.0000000e+00
   1.3881161e+01   8.4135174e+01   1.0000000e+00
  -5.4512728e+02   2.3828569e+02   1.0000000e+00
  -5.0298156e+02   1.1357728e+02   1.0000000e+00
   4.8133039e+02   2.0336692e+02   1.0000000e+00
   2.7969770e+02  -2.6490959e+02   1.0000000e+00
   5.4265546e+02   4.0605811e+02   1.0000000e+00
   1.1329846e+02  -4.9855145e+02   1.0000000e+00
   2.0367212e+02  -1.2281922e+02   1.0000000e+00
  -5.0891584e+02   3.9902025e+02   1.0000000e+00
   5.2188848e+02  -1.6995754e+02   1.0000000e+00
  -5.7723089e+02  -4.3927166e+02   1.0000000e+00
  -3.5776880e+02   3.3216116e+02   1.0000000e+00
  -2.8635380e+02  -9.9353071e+01   1.0000000e+00
   2.7520332e+02   5.9855569e+02   1.0000000e+00
   4.2638462e+02  -5.6842629e+02   1.0000000e+00
   4.7394374e+02  -3.9081095e+02   1.0000000e+00
  -4.0685681e+02  -1.4338425e+02   1.0000000e+00
   1.2865332e+02   4.0156120e+02   1.0000000e+00
  -2.5910622e+02   5.2888645e+02   1.0000000e+00
  -4.2549105e+02  -2.0899139e+02   1.0000000e+00
  -3.8513820e+02  -4.8282600e+02   1.0000000e+00
  -1.2026198e+02   1.5427094e+02   1.0000000e+00
  -2.0276661e+02  -3.3538464e+02   1.0000000e+00
   4.7459013e+02   4.5598586e+02   1.0000000e+00
  -4.3242446e+01  -2.1290838e+02   1.0000000e+00
  -2.8277890e+02   2.4195029e+02   1.0000000e+00
  -5.3410822e+02  -1.5334472e+02   2.0000000e+00
  -3.5298245e+02   5.3081670e+01   1.0000000e+00
  -4.3814124e+02  -3.8865487e+02   1.0000000e+00
  -4.5379887e+02   1.3500569e+02   1.0000000e+00
  -1.5130515e+02   6.0924573e+01   1.0000000e+00
   1.6240939e+01   6.1909757e+02   1.0000000e+00
  -4.9497908e+02  -4.2895277e+02   1.0000000e+00
  -5.8929579e+02   9.7060441e+01   2.0000000e+00
  -3.9373234e+02  -1.4383005e+02   1.0000000e+00
  -4.6785553e+02   6.1775726e+02   2.0000000e+00
  -4.3658675e+02   5.7803149e+02   1.0000000e+00
  -1.7104370e+02   5.4749381e+02   1.0000000e+00
  -5.7798066e+02   3.2345915e+00   1.0000000e+00
  -3.8900400e+02  -5.5902415e+02   1.0000000e+00
  -3.7866061e+01   3.2708340e+02   1.0000000e+00
  -4.2605639e+02   6.3418946e+02   2.0000000e+00
  -2.5095984e+02  -2.9104144e+02   1.0000000e+00
  -6.3543894e+02  -2.7037768e+02   2.0000000e+00
   1.3381474e+02  -4.1500454e+02   1.0000000e+00
   4.2229806e+02  -4.7405993e+01   1.0000000e+00
  -2.6884177e+02   3.0423176e+02   1.0000000e+00
   1.8568888e+01   2.3958661e+02   1.0000000e+00
   5.7739638e+02  -5.5625551e+02   1.0000000e+00
  -1.3590034e+02   3.0197360e+02   2.0000000e+00
  -3.9087553e+02  -5.2458443e+02   1.0000000e+00
  -1.4829218e+02   1.4396603e+02   1.0000000e+00
  -4.8690837e+02   6.7105127e+01   1.0000000e+00
   4.8613584e+01   4.2337694e+01   1.0000000e+00
  -4.8299225e+02   5.4185304e+02   1.0000000e+00
  -1.5642107e+02   2.3116930e+02   1.0000000e+00
  -9.6637225e+01  -6.3571226e+02   1.0000000e+00
   2.2289542e+02  -7.5409754e+01   1.0000000e+00
  -2.6805241e+02   5.4547261e+02   1.0000000e+00
   5.9066542e+02  -1.6639441e+02   1.0000000e+00
   3.7965018e+02  -2.0187242e+02   1.0000000e+00
  -5.0406819e+02   1.8792769e+02   1.0000000e+00
  -1.8802357e+02   6.3299701e+02   1.0000000e+00
  -3.9769804e+02   1.6080825e+02   1.0000000e+00
  -1.3138686e+02   1.6977026e+02   2.0000000e+00
   4.4628513e+01   2.7397487e+02   1.0000000e+00
   5.1760065e+02   8.7689308e+01   1.0000000e+00
   4.6294336e+02   5.6667510e+02   1.0000000e+00
  -4.4403337e+02   1.7763304e+01   1.0000000e+00
  -3.6439611e+02   1.5580461e+02   1.0000000e+00
   5.1146804e+02   3.6117750e+01   2.0000000e+00
   5.7580757e+02   1.9905039e+02   1.0000000e+00
   4.8669625e+02  -1.2245966e+02   1.0000000e+00
  -6.3727941e+02  -6.1434112e+02   2.0000000e+00
  -4.5664237e+02   4.3945101e+02   1.0000000e+00
  -7.7034157e+01   5.6709307e+02   1.0000000e+00
   7.3993949e+01   1.2134561e+02   1.0000000e+00
   4.9371762e+02  -2.5456866e+02   1.0000000e+00
   1.7881339e+02   3.2661062e+01   1.0000000e+00
  -3.3356470e+02  -5.5070980e+02   2.0000000e+00
   5.9155537e+02  -4.2788126e+02   2.0000000e+00
   4.4355393e+02   4.1036625e+02   1.0000000e+00
  -1.8091550e+02  -5.9088904e+00   1.0000000e+00
   5.7643394e+02   9.5443851e+00   1.0000000e+00
  -6.3346836e+02  -4.8828531e+02   1.0000000e+00
  -1.1009044e+02  -4.7921988e+02   1.0000000e+00
  -1.7356757e+02   4.4541009e+02   1.0000000e+00
  -2.3730957e+02   3.5807723e+02   1.0000000e+00
  -4.6405742e+02   2.0581221e+02   1.0000000e+00
   6.3690348e+02   2.6304013e+02   1.0000000e+00
   1.8656958e+01  -4.5813185e+02   1.0000000e+00
  -5.2217430e+02   5.4449853e+02   2.0000000e+00
   6.6118967e+01  -5.7916766e+02   1.0000000e+00
   3.1438648e+02   5.5287496e+02   1.0000000e+00
  -5.3796026e+02   2.5358810e+02   1.0000000e+00
  -1.5665399e+02   3.1122349e+02   1.0000000e+00
   5.7821665e+02  -3.0885396e+02   2.0000000e+00
   3.8274158e+02   6.3973622e+02   1.0000000e+00
  -2.0511848e+02   4.2022073e+02   1.0000000e+00
  -4.5452643e+02  -8.2661961e+01   1.0000000e+00
   5.8544165e+02  -1.9581190e+02   1.0000000e+00
   1.9106765e+02   2.2380792e+02   2.0000000e+00
   2.5761186e+02  -7.5341618e+01   1.0000000e+00
  -4.9352135e+01   2.5337203e+02   1.0000000e+00
   1.1823851e+02  -3.4989788e+02   2.0000000e+00
   3.4213697e+02  -3.0084188e+02   1.0000000e+00
   4.6169777e+02   3.6923286e+02   1.0000000e+00
   3.5978106e+02  -4.9713847e+02   1.0000000e+00
  -5.2773685e+02   2.9375872e+02   2.0000000e+00
   5.1820838e+02  -6.0219027e+02   1.0000000e+00
  -3.8289180e+02   1.4803538e+02   1.0000000e+00
   5.8568486e+02  -1.1915643e+02   1.0000000e+00
   3.2072537e+02  -2.5781778e+02   1.0000000e+00
  -7.4288145e+01  -3.7493739e+02   1.0000000e+00
   4.7110003e+02  -4.7932412e+02   1.0000000e+00
  -5.4352208e+02   1.0172074e+02   1.0000000e+00
  -2.4897323e+02  -3.6226682e+02   1.0000000e+00
   5.6240465e+02   3.7161286e+01   2.0000000e+00
  -2.5383544e+02   5.6015648e+02   1.0000000e+00
  -2.7287014e+02   2.0231387e+02   1.0000000e+00
  -2.1155956e+02   2.7755108e+02   1.0000000e+00
   3.4906525e+02  -7.4521727e+01   1.0000000e+00
   5.5914437e+02   3.5567481e+02   1.0000000e+00
  -3.3760616e+02   1.6746404e+02   1.0000000e+00
  -1.6017291e+02  -3.7712033e+02   1.0000000e+00
  -3.2528039e+02  -4.6358199e+02   1.0000000e+00
   4.0137874e+02   3.3237615e+02   1.0000000e+00
   2.7097300e+02  -2.9013466e+02   1.0000000e+00
   1.7476849e+02   1.3580990e+02   1.0000000e+00
   5.8805793e+02  -1.4449662e+02   1.0000000e+00
   5.3934010e+02   2.1271592e+02   1.0000000e+00
   1.1569421e+02  -3.3647789e+02   1.0000000e+00
  -5.3615471e+02  -2.0502854e+02   1.0000000e+00
   1.8900019e+02   4.3759942e+02   1.0000000e+00
   2.7587855e+02  -2.0312643e+01   1.0000000e+00
   5.8503721e+02   1.9458360e+01   2.0000000e+00
  -4.9270468e+02  -5.3650164e+02   1.0000000e+00
  -1.3859417e+02  -6.2209719e+02   1.0000000e+00
   4.4905929e+02  -1.9924539e+02   1.0000000e+00
  -1.9180652e+02   1.1239330e+02   1.0000000e+00
   4.8274845e+02  -6.1875604e+02   1.0000000e+00
  -1.4940954e+02  -3.8357678e+02   1.0000000e+00
   5.6563261e+02  -2.8444286e+02   2.0000000e+00
  -3.6671482e+02  -5.8572372e+02   1.0000000e+00
  -4.2597514e+02   5.7840486e+02   1.0000000e+00
  -5.8011322e+02   4.5509602e+02   1.0000000e+00
   9.1603537e+01  -3.2103557e+02   2.0000000e+00
  -3.7646938e+02   2.1319182e+00   1.0000000e+00
   5.6091918e+02   4.0330310e+01   2.0000000e+00
  -4.8164122e+02   8.6637234e+01   1.0000000e+00
  -2.6527645e+02  -2.4105130e+02   1.0000000e+00
   9.7676103e+01   1.6311010e+02   1.0000000e+00
   6.4592781e+01  -2.8784731e+02   1.0000000e+00
  -6.0897619e+02   2.4669766e+02   1.0000000e+00
  -1.4240300e+02  -5.2473573e+02   1.0000000e+00
  -1.3411220e+02  -2.7117657e+02   1.0000000e+00
   9.9778791e+00  -3.5513654e+02   1.0000000e+00
  -4.1051673e+02   3.4623890e+02   2.0000000e+00
   2.9095484e+02   2.8398583e+02   1.0000000e+00
   4.8219613e+02  -2.8949249e+02   1.0000000e+00
   1.8861617e+02   5.9350384e+02   2.0000000e+00
  -4.9958286e+02  -6.0614816e+02   1.0000000e+00
  -2.6093775e+02   3.6523981e+02   1.0000000e+00
  -5.2894490e+02   3.6905557e+02   2.0000000e+00
   4.3925552e+01   5.6708292e+02   1.0000000e+00
  -7.1386178e+01   2.3985366e+02   1.0000000e+00
   3.9498731e+02  -2.7432692e+01   1.0000000e+00
  -4.4062716e+01  -3.6561099e+02   1.0000000e+00
   5.6479195e+02   3.6755273e+02   1.0000000e+00
   5.9178284e+02   2.2865230e+02   1.0000000e+00
   3.7305704e+02  -2.8886597e+02   1.0000000e+00
  -5.2577175e+02  -2.2660565e+02   1.0000000e+00
  -5.2609541e+02   3.4845474e+02   2.0000000e+00
   1.6870436e+02  -3.5221313e+02   1.0000000e+00
  -1.9753920e+02  -5.4791348e+02   1.0000000e+00
  -4.5481342e+02   2.9671142e+01   1.0000000e+00
   4.5143240e+02   1.3812448e+02   1.0000000e+00
  -3.5394461e+01  -5.9642114e+02   1.0000000e+00
  -1.3614016e+01  -1.4199485e+02   1.0000000e+00
  -4.4259410e+02  -2.6878904e+02   1.0000000e+00
  -4.1838257e+02   2.7057137e+02   1.0000000e+00
   3.6101453e+02   7.0473772e+01   1.0000000e+00
  -2.5250050e+02   4.2751968e+02   1.0000000e+00
   3.7100356e+02   4.7282260e+02   1.0000000e+00
   6.0130938e+02   3.6081945e+02   1.0000000e+00
  -6.3188868e+01   1.8939893e+02   1.0000000e+00
   5.6719353e+02   2.2398928e+02   1.0000000e+00
   3.4755221e+01   2.3159976e+02   1.0000000e+00
   5.9304945e+02   1.0704779e+02   2.0000000e+00
  -5.2165647e+02   2.7878848e+01   1.0000000e+00
  -8.6646951e+01  -5.7827479e+02   1.0000000e+00
  -4.4403535e+02  -8.3925451e+01   1.0000000e+00
   1.8049928e+02  -2.6399268e+02   1.0000000e+00
   2.9255638e+02  -1.0832800e+02   1.0000000e+00
  -6.2593153e+01  -2.0830702e+02   1.0000000e+00
  -2.1952223e+02   5.2460608e+02   1.0000000e+00
   4.1640857e+01   5.4791435e+02   1.0000000e+00
  -1.5394843e+02  -4.5464731e+02   1.0000000e+00
   1.0065439e+02   3.5629728e+02   1.0000000e+00
  -4.6944570e+02  -3.9574475e+02   1.0000000e+00
  -5.7511473e+02   5.9075214e+02   2.0000000e+00
  -1.1193188e+02  -2.6209953e+02   1.0000000e+00
  -6.8683637e+01  -5.2036856e+02   1.0000000e+00
   3.1100725e+02  -3.7568265e+02   2.0000000e+00
  -5.9391101e+02   3.1003681e+02   1.0000000e+00
  -4.4468797e+02  -5.6512398e+02   1.0000000e+00
   4.7351858e+02   2.2006804e+02   1.0000000e+00
  -5.4144157e+02   1.5154850e+02   2.0000000e+00
   4.3415102e+02   5.0776603e+01   1.0000000e+00
  -3.0029794e+02   5.2954644e+02   1.0000000e+00
  -1.9445253e+02   2.5869514e+00   1.0000000e+00
   2.4085349e+02   3.8876928e+02   1.0000000e+00
   2.1633155e+02  -1.9655756e+02   1.0000000e+00
   5.0684220e+02  -2.1026245e+02   1.0000000e+00
   5.2279300e+02   1.8986141e+02   1.0000000e+00
  -5.4732119e+02  -4.0910680e+02   1.0000000e+00
   2.0124159e+02   7.9167537e+00   1.0000000e+00
  -6.1736796e+00  -1.2656544e+02   1.0000000e+00
   3.0345043e+02   2.5707648e+02   1.0000000e+00
  -4.9396308e+01   1.6627276e+02   1.0000000e+00
   2.8711829e+02   6.2699155e+02   1.0000000e+00
  -4.4999172e+02   1.8158456e+02   1.0000000e+00
  -3.4397903e+02   5.3269638e+02   1.0000000e+00
   4.7508783e+02   2.7895058e+02   2.0000000e+00
  -3.8763535e+02   4.2842847e+02   1.0000000e+00
  -5.6056552e+02  -4.3487833e+02   1.0000000e+00
  -5.1539886e+02   6.0315672e+02   2.0000000e+00
   5.3284252e+02   6.2487578e+02   1.0000000e+00
  -5.8766554e+02   5.7282014e+02   2.0000000e+00
  -4.1112014e+02  -4.7225472e+02   1.0000000e+00
   7.9756441e+01   3.9708998e+02   1.0000000e+00
  -4.1253795e+02  -8.7586498e+01   1.0000000e+00
   3.1385447e+02   1.4437332e+02   1.0000000e+00
   4.3710675e+02   4.3882804e+02   1.0000000e+00
   3.8275782e+02  -3.5673428e+01   1.0000000e+00
  -5.2427464e+02   2.3249461e+01   1.0000000e+00
  -5.1495752e+02  -4.9072094e+02   1.0000000e+00
  -8.5107571e+01   2.8753741e+01   1.0000000e+00
  -4.1259354e+02   3.8434428e+02   2.0000000e+00
   1.1505133e+02  -6.3027966e+02   1.0000000e+00
  -1.5270254e+02  -1.8233691e+02   1.0000000e+00
  -1.6529186e+02  -2.9182934e+02   1.0000000e+00
  -2.8867881e+02   1.0630857e+02   1.0000000e+00
   4.5953358e+02   4.8516227e+02   1.0000000e+00
   5.2380209e+02   5.3940786e+02   1.0000000e+00
  -1.6032262e+00  -3.7469492e+01   2.0000000e+00
  -1.3739184e+02  -4.7660140e+02   1.0000000e+00
  -1.6043433e+02  -5.2573840e+02   1.0000000e+00
  -5.2262720e+01   1.3723825e+02   1.0000000e+00
  -8.8357468e+01   4.1412960e+02   1.0000000e+00
   6.2053968e+02  -4.9090246e+02   1.0000000e+00
   2.9289347e+02   5.0111832e+02   1.0000000e+00
  -3.7309536e+02  -5.9321162e+02   1.0000000e+00
   2.7039831e+02  -8.9049948e+01   1.0000000e+00
  -2.9742320e+02  -2.9173374e+01   1.0000000e+00
   4.6217218e+02  -2.5879395e+02   1.0000000e+00
  -6.2778584e+01   2.8319142e+02   1.0000000e+00
   6.3945571e+02   2.8078105e+02   1.0000000e+00
   6.9983545e+00  -2.9756351e+02   1.0000000e+00
   3.7145624e+02   4.7028590e+02   1.0000000e+00
  -3.3505987e+02  -6.1908397e+02   1.0000000e+00
  -5.7853461e+01  -3.2292963e+02   1.0000000e+00
  -1.8376540e+02   1.0343253e+02   1.0000000e+00
   2.5549393e+02  -2.7239173e+02   1.0000000e+00
   3.2429054e+02  -1.4980309e+01   1.0000000e+00
  -4.7899671e+02   2.7314324e+02   2.0000000e+00
  -1.3368083e+02   1.3422345e+02   1.0000000e+00
   2.0962254e+02   5.5077435e+02   1.0000000e+00
   6.3365978e+02   3.7119699e+02   1.0000000e+00
  -5.8618415e+02   1.1512266e+02   2.0000000e+00
   5.9761550e+02   4.7562152e+02   1.0000000e+00
   2.4123896e+02  -1.5965730e+02   1.0000000e+00
   2.9538227e+01   4.3889283e+02   1.0000000e+00
   5.3780511e+02  -2.5740220e+02   1.0000000e+00
  -4.7701254e+02   2.7702826e+02   2.0000000e+00
   4.3614483e+02  -5.3456527e+01   1.0000000e+00
   2.9948936e+02  -4.5662519e+02   1.0000000e+00
   3.9865886e+02   5.7186733e+02   1.0000000e+00
   4.7150653e+02   2.2546910e+02   1.0000000e+00
   2.5617006e+02  -6.1665157e+02   1.0000000e+00
