  -3.5524245e+02   3.0004843e+02   1.0000000e+00
  -3.1111127e+02   2.1498171e+02   1.0000000e+00
  -2.8398852e+02  -2.4338100e+02   2.0000000e+00
   2.7983674e+02   4.0757820e+02   2.0000000e+00
   1.9209796e+02  -1.2509832e+02   1.0000000e+00
   2.3139550e+02   4.3683171e+00   2.0000000e+00
   4.4138287e+02  -2.1431507e+00   2.0000000e+00
   4.4989553e+02  -3.7342761e+02   2.0000000e+00
   2.9637805e+02  -1.9449263e+02   1.0000000e+00
   3.9701237e+02   3.3200367e+02   2.0000000e+00
  -1.2805731e+02   2.4105094e+02   1.0000000e+00
   2.7400421e+02  -8.0796397e+01   1.0000000e+00
   2.9978350e+02   2.1082636e+02   1.0000000e+00
  -9.0621471e+01   1.3791749e+02   1.0000000e+00
  -1.3665135e+02   4.0403741e+02   1.0000000e+00
   2.2065773e+02  -3.2364257e+02   1.0000000e+00
   1.2736452e+02   1.6925189e+02   1.0000000e+00
  -1.4690655e+02  -9.2290846e+01   2.0000000e+00
  -2.4867774e+02   1.6351101e+02   1.0000000e+00
   4.7355600e+01   1.9699212e+02   1.0000000e+00
   4.0793588e+02  -2.5991104e+02   1.0000000e+00
   2.6486588e+02  -2.4431090e+02   1.0000000e+00
  -2.1203984e+02   4.3911391e+02   1.0000000e+00
   4.1490622e+02   2.9141279e+02   2.0000000e+00
  -1.2544045e+02   1.7302344e+02   1.0000000e+00
  -2.1420980e+02   8.8303961e+01   1.0000000e+00
   1.2902404e+02  -7.4646204e+01   1.0000000e+00
   1.1811826e+02   2.4775273e+02   1.0000000e+00
   1.6273644e+02  -1.8179233e+02   1.0000000e+00
  -2.9533238e+02   7.8359835e+01   1.0000000e+00
  -4.1226634e+02   3.7450491e+02   1.0000000e+00
  -8.4078966e+01  -2.0113153e+02   1.0000000e+00
  -3.6186164e+02   2.9050355e+02   2.0000000e+00
  -1.1607714e+01   2.4379022e+02   1.0000000e+00
  -1.9535760e+02  -7.7444479e+01   1.0000000e+00
  -3.0339362e+02  -2.4395685e+02   2.0000000e+00
   2.6717693e+02  -5.3059909e+01   1.0000000e+00
   3.8216011e+02  -1.7680395e+02   1.0000000e+00
  -4.1209002e+02   4.1831406e+02   1.0000000e+00
  -2.6633919e+02  -4.0670752e+02   1.0000000e+00
  -1.8931945e+01  -7.4092312e+01   1.0000000e+00
  -2.3691352e+01   1.2149904e+01   2.0000000e+00
   1.0778840e+02  -1.8906622e+02   1.0000000e+00
   7.3570475e+01   3.9958550e+02   1.0000000e+00
  -1.2813804e+02  -2.2959211e+02   1.0000000e+00
   3.8251578e+02   2.4966788e+02   1.0000000e+00
   1.2780050e+02   1.4357920e+02   1.0000000e+00
   3.5846135e+02   3.8936130e+02   2.0000000e+00
  -4.0986815e+02   3.2532773e+02   1.0000000e+00
  -6.5142016e+01  -3.8093939e+02   1.0000000e+00
  -2.4004168e+02   9.6020025e+01   1.0000000e+00
   2.4556676e+02  -1.6548238e+02   1.0000000e+00
   4.1502588e+02  -2.9198643e+02   1.0000000e+00
   2.9215209e+02  -3.1007135e+02   1.0000000e+00
  -2.3490382e+02   2.7677499e+02   1.0000000e+00
  -2.2592106e+02  -3.9083611e+02   1.0000000e+00
   1.7238604e+02  -1.9521982e+02   1.0000000e+00
   2.3934227e+02  -5.9326137e+01   1.0000000e+00
  -3.7496432e+02   9.4680276e+01   1.0000000e+00
  -2.3485931e+02  -4.3403019e+02   1.0000000e+00
  -4.3742878e+02   1.5899293e+02   1.0000000e+00
  -3.7003222e+02  -3.2223954e+02   1.0000000e+00
   6.3030424e+00   3.1228755e+02   1.0000000e+00
   5.1055856e+01   1.5252545e+02   2.0000000e+00
  -7.4119770e+01   2.3959371e+02   1.0000000e+00
  -3.3210487e+02  -3.5074085e+02   1.0000000e+00
   1.4387616e+02   1.0876826e+02   1.0000000e+00
  -6.8266392e+01   2.3635308e+02   1.0000000e+00
   1.5785333e+02   1.9993112e+02   1.0000000e+00
  -1.2343199e+02  -1.7054215e+02   1.0000000e+00
  -3.0216856e+02   2.5905477e+02   1.0000000e+00
   1.7361497e+02  -2.1739976e+02   2.0000000e+00
  -4.4066254e+01   3.1495309e+02   1.0000000e+00
  -4.4685779e+02  -1.8115403e+02   1.0000000e+00
   4.0893767e+02   3.1925111e+02   2.0000000e+00
  -2.0857274e+02   2.6429643e+02   1.0000000e+00
  -2.7183183e+02   2.7699873e+02   1.0000000e+00
  -2.1266651e+02  -3.2193675e+02   1.0000000e+00
  -2.3806279e+02  -1.6500562e+02   1.0000000e+00
  -6.9080655e+01   1.4478388e+02   1.0000000e+00
   1.9678335e+02  -1.5683772e+02   1.0000000e+00
  -3.0518680e+00   1.1958194e+02   1.0000000e+00
   1.9049490e+02   4.7421551e+02   2.0000000e+00
  -1.9803391e+02   9.3227737e+01   1.0000000e+00
   4.0767436e+02  -3.8657881e+02   1.0000000e+00
   5.8620055e+01  -1.4827575e+02   1.0000000e+00
   2.9105420e+02   3.2924547e+01   2.0000000e+00
  -4.1674582e+02   3.5714971e+02   1.0000000e+00
   1.8995265e+02  -3.3940730e+02   1.0000000e+00
  -4.6412815e+02   3.2111259e+02   1.0000000e+00
   1.2332398e+02  -2.5506167e+02   1.0000000e+00
  -2.1895080e+02   8.2234330e+01   1.0000000e+00
  -6.1152872e+01  -4.4520899e+02   1.0000000e+00
   3.2515165e+02   3.2701692e+02   1.0000000e+00
   3.0685674e+02   2.4663182e+02   1.0000000e+00
   1.0388440e+02   3.1590300e+02   1.0000000e+00
   3.2908826e+02  -2.9434531e+02   1.0000000e+00
  -5.1770250e+01   3.7646153e+02   1.0000000e+00
  -2.3791455e+02   4.4909777e+02   1.0000000e+00
  -2.8910676e+02  -4.3408558e+02   1.0000000e+00
   2.2578016e+02   2.8710495e+02   1.0000000e+00
   6.2494442e+01   2.5698433e+02   1.0000000e+00
   1.4891811e+02   2.0417584e+02   1.0000000e+00
  -7.8563558e+01  -2.7407748e+02   1.0000000e+00
  -4.0661426e+02  -2.5162637e+02   1.0000000e+00
  -3.9596961e+02   4.2944299e+01   1.0000000e+00
  -3.4897429e+02  -1.9593210e+02   1.0000000e+00
  -9.3077307e+01  -3.4567182e+00   2.0000000e+00
  -2.4843693e+02   2.5729214e+02   1.0000000e+00
   1.5471690e+02  -1.1191911e+02   1.0000000e+00
  -1.5809819e+02   1.6298859e+02   1.0000000e+00
   4.4537683e+02   4.2628598e+02   2.0000000e+00
   2.9691550e+02  -9.0516159e+01   1.0000000e+00
  -9.4985698e+01   1.1872458e+01   2.0000000e+00
  -1.0140951e+02   3.2587461e+02   1.0000000e+00
  -3.1853841e+02  -2.4124578e+02   1.0000000e+00
   8.3399638e+01  -1.8902337e+02   2.0000000e+00
   1.5336461e+01   5.3686238e+01   1.0000000e+00
  -2.6363136e+02  -2.6276204e+02   2.0000000e+00
  -6.0882557e+01  -4.5384345e+02   2.0000000e+00
   1.5792490e+02  -3.8678498e+02   1.0000000e+00
  -2.2174177e+01   3.9600375e+02   2.0000000e+00
  -2.6309432e+02   2.8576934e+02   1.0000000e+00
  -3.8903531e+01  -5.7566982e+01   1.0000000e+00
   1.1577234e+00  -4.7278323e+02   1.0000000e+00
   4.4104427e+00   1.1342257e+02   1.0000000e+00
  -1.1134668e+02   1.1522378e+02   1.0000000e+00
   1.4124398e+02  -9.6640379e+01   1.0000000e+00
  -4.0797067e+02  -2.4845493e+02   1.0000000e+00
   6.3254143e+01  -1.2897867e+02   1.0000000e+00
  -1.0877802e+02   3.1796729e+02   1.0000000e+00
  -3.9248966e+02  -4.3955982e+02   2.0000000e+00
  -1.5464334e+02  -1.9471906e+02   1.0000000e+00
  -2.7203448e+02   2.1073434e+02   1.0000000e+00
  -4.5127368e+02   3.8563386e+02   2.0000000e+00
  -3.9463775e+02  -1.8830732e+01   2.0000000e+00
   4.0192582e+02  -9.4922301e+01   1.0000000e+00
   1.8797912e+02   3.3122187e+02   1.0000000e+00
   2.4392893e+02   2.2826488e+02   1.0000000e+00
  -1.5475705e+02  -3.7493917e+02   1.0000000e+00
   3.4043524e+02   1.4792750e+02   1.0000000e+00
   1.0187515e+02   4.5322386e+02   1.7000000e+00
  -2.2127397e+01  -6.3855300e+01   1.0000000e+00
  -2.5847336e+01   3.2688156e+02   1.0000000e+00
   6.1005264e+01   2.6834850e+02   1.0000000e+00
   2.2447932e+02   4.5485007e+01   1.0000000e+00
  -1.0617336e+02   3.9305532e+02   1.0000000e+00
  -8.7685381e+00  -2.0633549e+02   1.0000000e+00
   5.0373803e+01  -1.7209408e+02   1.0000000e+00
   9.5506602e+01  -1.4550123e+02   1.0000000e+00
  -5.2992232e+00  -2.7308712e+02   2.0000000e+00
   1.5595822e+02  -1.9764228e+02   1.0000000e+00
   1.0180546e+02  -6.0050965e+01   1.0000000e+00
   4.0163483e+02  -8.0934684e+00   2.0000000e+00
  -7.3556059e+01  -3.4772473e+02   1.0000000e+00
  -1.4393128e+01  -4.1058930e+02   1.0000000e+00
  -7.5942393e+01   1.9232037e+02   1.0000000e+00
  -8.5110270e+01  -4.1489879e+02   1.0000000e+00
  -1.8625299e+02  -3.8204205e+02   1.0000000e+00
   7.0013332e+01  -1.8623863e+02   1.0000000e+00
  -3.9269414e+02   1.6117166e+01   1.0000000e+00
   4.0139273e+02   4.1925697e+02   2.0000000e+00
  -4.3901673e+02  -3.9692091e+02   2.0000000e+00
  -6.2998081e+01   3.0385962e+02   1.0000000e+00
   1.0907480e+01   9.5211143e+01   2.0000000e+00
   3.9196677e+02   1.3643113e+01   2.0000000e+00
  -5.4207589e+01  -6.9904992e+01   1.0000000e+00
  -3.2436314e+01  -2.4563172e+02   1.0000000e+00
  -3.1093285e+02   1.2547639e+02   1.0000000e+00
  -1.6055082e+01   8.8782375e+01   2.0000000e+00
   6.5813169e+01  -1.7106137e+02   1.0000000e+00
   2.1157856e+02  -9.4206478e+01   1.0000000e+00
  -1.5213991e+02  -3.5357298e+02   1.0000000e+00
   8.5921393e+01   3.5928920e+02   1.0000000e+00
  -3.1993693e+02   3.8161721e+02   1.0000000e+00
  -4.0144204e+02  -3.1304854e+02   1.0000000e+00
  -2.8752833e+00   1.5591852e+02   1.0000000e+00
   3.8712554e+02  -2.6059809e+02   1.0000000e+00
  -1.0084040e+02  -1.9583895e+02   1.0000000e+00
   3.5804148e+02  -3.8519186e+02   2.0000000e+00
   2.1095221e+01   3.8547905e+02   1.0000000e+00
  -4.1170206e+02   1.5969867e+02   1.0000000e+00
   3.5843215e+02   3.6337204e+02   2.0000000e+00
  -2.1107961e+01   4.5182642e+02   2.0000000e+00
   5.0690486e+01  -3.4428781e+02   1.0000000e+00
   2.7041606e+02   2.2685090e+02   1.0000000e+00
  -3.1596904e+02   2.7143686e+02   2.0000000e+00
  -3.3063016e+02   4.1952434e+02   1.0000000e+00
  -1.6092384e+02   3.9289732e+02   1.0000000e+00
  -1.8386183e+02   2.8940067e+02   1.0000000e+00
   2.7788012e+02  -2.7024901e+01   1.0000000e+00
  -2.7327142e+02  -3.4911234e+02   1.0000000e+00
  -1.4892384e+02   4.2541370e+02   1.0000000e+00
  -1.5037465e+02   4.4459489e+02   1.0000000e+00
  -2.9007452e+02  -3.5516550e+01   1.0000000e+00
  -7.6550798e+01  -1.8723246e+02   1.0000000e+00
  -3.6525927e+02   1.5522066e+01   2.0000000e+00
   2.4812182e+02   1.0242071e+02   1.0000000e+00
  -2.7126267e+02  -4.0338708e+00   1.0000000e+00
  -9.8059033e+01  -2.7285508e+02   1.0000000e+00
   3.3667150e+02  -3.6841934e+02   2.0000000e+00
   3.4907920e+01  -3.9393239e+02   1.0000000e+00
  -1.2335571e+02   1.2784546e+02   1.0000000e+00
   2.1854602e+02   3.1910920e+02   1.0000000e+00
  -6.8594552e+01  -2.7301320e+02   1.0000000e+00
  -2.2147486e+02  -4.4751534e+02   1.0000000e+00
   8.2932263e+01   4.3857748e+02   1.0000000e+00
  -1.7517764e+02   2.3007410e+02   1.8000000e+00
   3.4958468e+02   4.5188575e+02   2.0000000e+00
  -3.7498233e+02  -1.6055883e+01   2.0000000e+00
  -1.6572519e+02   2.7030142e+02   1.0000000e+00
  -2.8652050e+02  -1.2325257e+02   1.0000000e+00
  -2.3773651e+00   2.7368177e+02   1.0000000e+00
  -5.5461171e+01   3.3217661e+02   1.0000000e+00
  -9.0598791e+01   4.0664670e+02   1.0000000e+00
  -5.2256949e+01   7.2629895e+01   1.0000000e+00
   1.1710238e+01   2.3328123e+02   1.0000000e+00
  -9.6982989e+01   2.1183386e+01   1.0000000e+00
   2.8368759e+02   2.8105257e+02   1.0000000e+00
  -3.9942346e+02   3.6446288e+02   1.0000000e+00
  -1.9749492e+02  -3.8033578e+01   1.0000000e+00
   1.5169284e+02   6.6055810e+01   1.0000000e+00
   3.5419660e+02  -1.3229802e+02   1.0000000e+00
   4.5887299e+02  -1.6035186e+02   1.0000000e+00
   1.8856438e+02  -8.4151300e+01   1.0000000e+00
   3.4349796e+01   4.3604236e+02   1.0000000e+00
   2.1656455e+02   3.9544037e+00   1.0000000e+00
  -1.0718555e+01   1.7292200e+02   1.0000000e+00
   2.7773747e+02  -9.8239165e+01   1.0000000e+00
  -2.6649395e+02  -3.5269767e+02   1.0000000e+00
   9.9884510e+01   3.6992309e+02   1.0000000e+00
   5.0315434e+01  -4.1059696e+02   1.0000000e+00
   9.1123170e-01   4.1836651e+02   2.0000000e+00
   1.0658415e+02  -3.9167292e+00   1.0000000e+00
   3.2832190e+02  -2.4109979e+02   1.0000000e+00
   6.4680436e+01  -1.8048689e+02   1.0000000e+00
   1.4188651e+02   8.5717784e+01   1.0000000e+00
  -1.8390879e+02  -1.4992675e+02   1.0000000e+00
   2.5473242e+02  -3.5547347e+02   1.0000000e+00
   5.9819206e+01  -2.6545519e+02   1.0000000e+00
   4.0761922e+02   4.3585038e+02   2.0000000e+00
  -4.9754512e+01   1.4006758e+02   1.0000000e+00
   2.6927635e+02   3.3031603e+01   1.0000000e+00
   3.5435164e+02  -8.4340222e+01   1.0000000e+00
   2.3917489e+01  -1.6694056e+01   1.0000000e+00
   9.1591670e+01   5.5767819e+00   1.0000000e+00
  -1.6092378e+02   2.4572076e+02   2.0000000e+00
   4.4049086e+02   2.9909972e+02   2.0000000e+00
   1.1490854e+02  -1.0822471e+02   1.0000000e+00
  -4.2508623e+01  -1.4508591e+02   1.0000000e+00
  -1.4440696e+02  -6.6077993e+01   1.0000000e+00
  -3.5392969e+02   4.3102647e+02   2.0000000e+00
   5.3892426e+01   7.0997865e+01   1.0000000e+00
   3.8426108e+02   4.1474914e+02   2.0000000e+00
   1.9335891e+02   2.4136054e+02   1.0000000e+00
   1.0106967e+02   3.8544018e+02   1.0000000e+00
  -2.4844105e+02   4.5301629e+02   1.0000000e+00
  -4.2765022e+02   3.8199854e+01   1.0000000e+00
  -1.4070059e+02  -1.7063850e+02   1.0000000e+00
  -1.6493159e+02  -1.2656089e+02   2.0000000e+00
  -2.7855808e+02  -3.0806818e+02   1.0000000e+00
   1.4713374e+01  -2.4447209e+02   1.0000000e+00
   1.2591637e+02  -2.7198997e+01   1.0000000e+00
   2.5816270e+02  -2.0704541e+02   1.0000000e+00
   7.6636370e+01   1.8941344e+02   2.0000000e+00
  -8.0799418e-01   2.6733783e+02   1.0000000e+00
   4.2531420e+02  -3.5413731e+02   1.0000000e+00
  -2.6393892e+02   4.0181497e+02   1.0000000e+00
   3.3421312e+02   3.4432448e+02   1.0000000e+00
   2.9894247e+02  -3.3182876e+02   1.0000000e+00
   1.0024682e+02   2.1329089e+02   1.0000000e+00
   3.5834090e+02   3.5051100e+01   2.0000000e+00
  -1.0150610e+02  -1.5226529e+02   1.0000000e+00
  -4.1533550e+02   4.6019755e+01   1.0000000e+00
   4.2867771e+02   4.3178873e+02   2.0000000e+00
  -2.3817907e+02   3.4203299e+02   1.0000000e+00
  -1.5380278e+02   1.0457999e+02   1.0000000e+00
   3.2117916e+02  -4.2496113e+02   1.0000000e+00
  -8.6339477e+01  -2.3470747e+02   1.0000000e+00
   3.5585073e+02  -3.9389268e+02   1.0000000e+00
   4.2329814e+02  -1.6556768e+02   1.0000000e+00
  -8.7590971e+01   1.8757268e+01   1.0000000e+00
   3.6471430e+01   5.2026679e+01   1.0000000e+00
   1.7222681e+02  -9.5820595e+01   1.0000000e+00
  -8.0238019e+01  -3.4324003e+02   1.0000000e+00
  -1.9676275e+02   3.7010846e+01   1.0000000e+00
  -2.5009372e+02   3.1608247e+02   1.0000000e+00
  -1.8090606e+01  -2.2508032e+02   1.0000000e+00
   8.8571139e+01  -1.0244181e+02   1.0000000e+00
   2.4569128e+02  -6.4875549e+01   1.0000000e+00
   2.5194541e+02   4.4626567e+02   2.0000000e+00
  -3.4553502e+02   3.2111368e+02   1.0000000e+00
   3.6706747e+02  -4.4285636e+02   1.0000000e+00
  -4.6910855e+02   4.2097764e+02   2.0000000e+00
   2.0747623e+02  -2.0860887e+02   1.0000000e+00
  -7.9793670e+01   4.2653659e+02   1.0000000e+00
  -4.3236574e+02   5.8568623e+01   1.0000000e+00
   2.5459199e+02   2.7447739e+02   1.0000000e+00
   3.3361073e+02  -4.3850803e+02   1.0000000e+00
   3.7601696e+02   2.4882682e+02   1.0000000e+00
  -6.3472742e+01   9.8052669e+01   1.6000000e+00
  -2.4259123e+02  -3.6600955e+02   1.0000000e+00
  -2.9746370e+02   3.8127453e+02   1.0000000e+00
   1.8808595e+02   1.6776220e+02   1.0000000e+00
  -4.4594793e+02   4.2798755e+02   1.0000000e+00
  -1.2876630e+02  -6.2329482e+01   1.0000000e+00
  -3.7563549e+02   3.5178159e+01   2.0000000e+00
   1.1716272e+02   5.7916432e+01   1.0000000e+00
   1.9178694e+02  -2.6303445e+02   1.0000000e+00
  -6.9003904e+01   2.5190701e+01   1.0000000e+00
   4.1823557e+02  -1.6407703e+02   1.0000000e+00
  -3.9886167e+01  -2.6756460e+02   1.0000000e+00
  -2.2825418e+02   3.8014954e+01   1.0000000e+00
  -3.7960099e+02   2.4677021e+02   2.0000000e+00
  -3.3791141e+02   2.9564506e+02   1.0000000e+00
  -3.9669225e+02  -3.6524060e+02   1.0000000e+00
  -2.1219812e+02  -2.2596477e+02   1.0000000e+00
   4.4057605e+02  -4.5150161e+02   1.0000000e+00
   1.1846858e+02  -1.9220682e+02   1.0000000e+00
   4.7540698e+01   7.4634135e+00   1.0000000e+00
   2.0492331e+02  -1.9097839e+02   1.0000000e+00
   2.5886070e+01  -4.0104612e+02   1.0000000e+00
   3.7599009e+02  -3.5717614e+02   1.0000000e+00
   1.2847846e+02   2.2624073e+02   1.0000000e+00
   3.4232682e+02  -4.4000173e+02   1.0000000e+00
   4.0394799e+02  -4.4010508e+02   1.0000000e+00
   1.4639896e+02  -4.2145021e+02   1.0000000e+00
   1.3629479e+02  -2.6252073e+02   1.0000000e+00
  -2.7738038e+02  -2.8907707e+02   1.0000000e+00
   1.4327443e+02   3.8048143e+01   1.0000000e+00
  -4.2925821e+02   3.5008909e+02   1.0000000e+00
  -2.7154820e+02  -1.3928973e+01   1.0000000e+00
   1.6664595e+02  -3.4926611e+02   1.0000000e+00
  -2.4815841e+01   3.7243694e+01   2.0000000e+00
   1.2600265e+02  -3.7578396e+02   1.0000000e+00
   4.4607617e+02   2.2253061e+02   2.0000000e+00
   2.1546811e+02  -3.0251479e+02   1.0000000e+00
  -4.3227152e+02   4.3099591e+02   1.0000000e+00
  -3.1644726e+02  -3.0509220e+02   1.0000000e+00
  -3.2330162e+02   1.9772086e+02   1.0000000e+00
  -2.8425194e+02  -8.5805680e+01   1.0000000e+00
  -3.5341792e+02  -3.0203556e+00   2.0000000e+00
   1.9917919e+01   1.0770890e+02   2.0000000e+00
  -3.1974406e+02  -8.2416353e+01   1.0000000e+00
   1.9519406e+02   1.0095184e+01   1.0000000e+00
  -3.8041629e+02   3.1542596e+02   1.0000000e+00
   6.3706075e+01   2.3025304e+02   1.0000000e+00
   2.3114137e+01   8.4033687e+01   1.0000000e+00
  -4.1229654e+02  -4.1918777e+02   2.0000000e+00
   1.1600873e+02   1.1376772e+02   1.0000000e+00
  -4.4038319e+02   2.7020262e+02   1.0000000e+00
  -6.6071484e+00   6.5921684e+01   2.0000000e+00
  -1.7626098e+02  -3.8719825e+02   1.0000000e+00
   2.7894464e+02   2.0924448e+02   1.0000000e+00
   9.8560433e+01   2.8038264e+02   1.0000000e+00
   4.0507286e+02   2.1942611e+02   1.0000000e+00
  -4.3902461e+02  -1.0010780e+02   1.0000000e+00
   1.2948705e+02  -4.2192182e+02   1.0000000e+00
  -1.5987612e+02   2.5642395e+01   1.0000000e+00
  -4.3660433e+02   3.5513861e+02   1.0000000e+00
   4.0278352e+02  -2.8848056e+02   1.0000000e+00
  -2.2948544e+01   3.7205969e+02   1.0000000e+00
   2.0454390e+02  -2.8933104e+02   1.0000000e+00
  -8.6281441e+01   8.2956692e+01   1.0000000e+00
   4.0947243e+02  -3.5317720e+02   1.0000000e+00
   3.9942703e+02  -2.6931452e+02   1.0000000e+00
  -4.4492423e+02   2.8372611e+02   1.0000000e+00
   3.1036514e+02   3.3874482e+02   1.0000000e+00
  -2.1087912e+01   1.6351048e+02   1.0000000e+00
  -8.6105717e+01  -3.1105934e+02   1.0000000e+00
  -2.0898300e+02   9.9283004e+01   1.0000000e+00
  -4.0402013e+02   3.5121877e+02   1.0000000e+00
   6.0605923e+01  -1.8585077e+02   1.0000000e+00
   1.9046651e+02   9.3759749e+01   1.0000000e+00
   1.9165503e+02   6.4184410e+00   1.0000000e+00
   1.8801072e+02  -9.9445567e+00   1.0000000e+00
  -3.5156653e+02  -1.9300921e+02   1.0000000e+00
  -3.1251216e+02  -2.1802014e+02   1.0000000e+00
  -4.6103458e+00   1.3181600e+02   1.0000000e+00
   3.1494958e+02  -8.6203186e+01   1.0000000e+00
   2.3347612e+02  -5.5126266e+01   1.0000000e+00
  -6.2592994e+01  -4.9292036e+01   1.0000000e+00
  -4.4910407e+02  -1.2637397e+02   2.0000000e+00
   1.9774689e+02  -2.8786244e+02   1.0000000e+00
   3.7333837e+02   2.9170126e+02   1.0000000e+00
   3.5096969e+02   9.5858648e+01   1.0000000e+00
  -3.5565506e+02  -3.1857184e+02   1.0000000e+00
   1.7377987e+02  -2.6181400e+02   1.0000000e+00
   1.5786907e+02  -4.7630532e+01   2.0000000e+00
   1.7207626e+02   5.4711923e-01   1.0000000e+00
  -1.3124520e+02   1.7433278e+02   1.0000000e+00
   3.8847572e+02  -4.2727004e+02   1.0000000e+00
   4.2551854e+02  -4.1525920e+02   1.0000000e+00
   7.3612807e+01  -1.8939983e+02   1.0000000e+00
  -2.3842989e+02   3.2764443e+02   1.0000000e+00
  -3.1304499e+02  -4.1047357e+02   1.0000000e+00
  -3.2535021e+02  -5.8856349e+01   1.0000000e+00
  -4.0957202e+02  -2.4515998e+02   1.0000000e+00
   3.8471012e+02   1.7341304e+01   2.0000000e+00
  -3.1413931e+02   9.0330918e+01   1.0000000e+00
   3.7223464e+02  -8.5844408e+01   1.0000000e+00
  -1.2410975e+02  -3.4649208e+02   1.0000000e+00
  -1.9126254e+02  -1.1233553e+02   1.0000000e+00
  -3.4117437e+02  -1.8500263e+02   1.0000000e+00
   5.1602709e+01   1.5445497e+01   1.0000000e+00
  -2.5458640e+02  -1.0632158e+02   1.0000000e+00
   2.2582041e+02   3.1784641e+01   1.0000000e+00
   2.2442863e+02  -3.9131215e+02   1.0000000e+00
  -4.4780167e+02   2.4291271e+02   1.0000000e+00
   2.2255998e+02   2.9319698e+02   1.0000000e+00
  -2.6195317e+02   2.5115288e+02   1.0000000e+00
   4.7956375e+02   4.3631651e+02   2.0000000e+00
  -3.6954265e+02   2.1426098e+02   2.0000000e+00
   3.0157727e+02   1.0677052e+02   1.0000000e+00
   2.7394369e+02  -3.8911984e+02   1.0000000e+00
   1.5713344e+02  -3.4968299e+02   1.0000000e+00
  -4.8203715e+01  -4.1158559e+02   1.0000000e+00
  -2.7695752e+02   2.1833073e+02   1.0000000e+00
  -1.4545449e+00   2.2519878e+02   1.0000000e+00
  -8.8816206e+01  -4.0499294e+02   1.0000000e+00
   4.2350529e+02  -4.1454565e+02   1.0000000e+00
  -3.9310820e+02  -7.1909644e+01   1.0000000e+00
   3.4135567e+02  -1.6706132e+02   1.0000000e+00
  -2.0851101e+02  -3.4158305e+01   1.0000000e+00
  -3.7047555e+02  -1.7101140e+02   1.0000000e+00
   1.6534221e+02  -6.4630512e+01   1.0000000e+00
   1.4708063e+02  -2.6913446e+02   1.0000000e+00
   1.8779065e+02   1.0208880e+02   1.0000000e+00
  -2.1124098e+02   3.0272208e+02   1.0000000e+00
  -4.1312064e+02  -1.2972124e+02   1.0000000e+00
  -7.2400109e+01  -3.7336190e+02   1.0000000e+00
   2.0474300e+02  -1.6880700e+02   1.0000000e+00
   2.3599295e+01  -4.6113975e+02   2.0000000e+00
   3.1949137e+02   3.8407007e+02   1.0000000e+00
  -4.1131500e+02   3.0495246e+02   1.0000000e+00
  -3.0974069e+02   4.4373613e+02   1.0000000e+00
  -4.2545074e+01  -3.5041258e+02   1.0000000e+00
   9.8200848e+01  -1.0536703e+02   1.0000000e+00
   1.4621107e+02   4.4910370e+02   2.0000000e+00
  -3.5634396e+02   9.7241801e+01   1.0000000e+00
   2.3352364e+02  -2.6455944e+02   2.0000000e+00
  -2.8797505e+02   3.3490975e+02   1.0000000e+00
  -1.0849380e+00   1.4409500e+02   1.0000000e+00
  -2.4093984e+02   4.2528512e+01   1.0000000e+00
  -1.2888534e+02  -1.5037572e+02   1.0000000e+00
   7.8109427e+01  -4.6733095e+02   2.0000000e+00
   2.6826656e+02  -3.3557588e+02   1.0000000e+00
   2.1048622e+02  -5.6905569e+01   1.0000000e+00
   3.9613314e+01  -1.1200212e+02   1.0000000e+00
  -1.0232970e+02  -1.8319194e+02   1.0000000e+00
   4.5021682e+02  -3.4407422e+02   1.0000000e+00
  -2.5302904e+02   1.3663276e+02   1.0000000e+00
  -1.2526661e+02  -2.9266782e+02   1.0000000e+00
   2.5658272e+02   4.2259305e+01   1.0000000e+00
  -2.1135676e+02   3.8584223e+01   1.0000000e+00
  -2.1584533e+02   2.2592120e+02   1.0000000e+00
   3.6708681e+02   3.1661920e+02   1.0000000e+00
   2.4617799e+02   3.8378573e+02   1.0000000e+00
  -4.2873953e+02  -1.2587766e+02   1.0000000e+00
   6.3616917e+01   8.0474003e+01   1.0000000e+00
  -4.2121432e+02   4.0937377e+02   1.0000000e+00
  -1.5072947e+02   1.4282716e+02   1.0000000e+00
  -3.9785953e+02   4.6114071e+02   1.0000000e+00
  -3.7845993e+02   3.1779606e+02   1.0000000e+00
  -2.7205928e+02  -3.2924161e+02   1.0000000e+00
  -1.6504696e+02   3.7553962e+02   1.0000000e+00
  -3.5405588e+02  -1.7649566e+02   1.0000000e+00
  -8.2864999e+00  -2.8681336e+01   1.0000000e+00
   2.8254769e+02   5.3040690e+01   1.0000000e+00
   2.7457970e+02   3.3564954e+02   1.0000000e+00
  -2.5181678e+02   7.8596606e+01   1.0000000e+00
   6.3870222e+01  -1.4655630e+02   1.0000000e+00
   1.2360696e+02  -3.1463441e+02   1.0000000e+00
  -2.8077282e+02  -1.1754556e+02   1.0000000e+00
  -2.8152148e+01   1.5128803e+02   1.0000000e+00
   3.4591394e+01   1.0046445e+02   1.0000000e+00
   3.2886923e+02  -6.4984000e+01   1.0000000e+00
   4.6050854e+02  -8.5391846e+01   2.0000000e+00
   3.1802315e+02   3.3968048e+02   1.0000000e+00
  -1.6211680e+02   7.5850744e+01   1.0000000e+00
   4.1623091e+02  -2.4252152e+00   2.0000000e+00
   3.0212613e+01   9.6340171e+01   1.0000000e+00
  -2.7463692e+02  -2.3103394e+02   1.0000000e+00
   3.3767007e+02   3.4797998e+02   1.0000000e+00
  -2.9874320e+02  -3.5767968e+02   1.0000000e+00
  -4.0582181e+02  -2.5465292e+01   2.0000000e+00
  -3.0451821e+02   2.1935993e+02   2.0000000e+00
   3.5860274e+01   3.9752224e+02   1.0000000e+00
  -2.1922695e+02   4.5109217e+02   1.0000000e+00
   3.4324501e+02   4.7687938e+02   2.0000000e+00
  -1.2697270e+02  -1.3137693e+02   1.0000000e+00
  -3.2822951e+02   2.6433340e+02   2.0000000e+00
   2.7374634e+02   3.6272145e+02   1.0000000e+00
   3.1541649e+02   2.5500850e+02   1.0000000e+00
   1.3314628e+02   8.5875608e+01   1.0000000e+00
  -2.8526442e+02   2.9943299e+02   1.0000000e+00
  -3.0307180e+02   6.5554541e+01   1.0000000e+00
  -4.3544738e+02  -1.9857359e+02   2.0000000e+00
  -3.6211094e+02  -4.3758167e+02   1.0000000e+00
  -2.4034627e+02  -2.2393203e+02   1.0000000e+00
  -1.1864265e+01  -5.9952014e+01   1.0000000e+00
  -2.3145256e+02   3.6574099e+01   1.0000000e+00
  -4.1652893e+02   9.4184772e+01   1.0000000e+00
  -7.8001435e+01  -1.2814479e+02   1.0000000e+00
  -1.2565369e+02   3.3240028e+02   1.0000000e+00
   4.3385118e+02   2.6118207e+02   2.0000000e+00
  -5.6351019e+00   4.0403770e+02   2.0000000e+00
   1.5610907e+02  -3.1756848e+02   1.0000000e+00
  -2.0414952e+02  -4.0135571e+02   1.0000000e+00
   2.5090402e+02  -7.1971250e+01   1.0000000e+00
  -4.5315318e+02   3.0110753e+02   1.0000000e+00
  -3.6817309e+02  -5.5880136e+01   1.0000000e+00
   1.6693777e+02   2.0123723e+02   1.0000000e+00
   2.4891283e+02  -3.5404413e+02   1.0000000e+00
  -2.3629074e+02   1.9050650e+02   1.0000000e+00
   7.5451970e+00   2.9269552e+02   1.0000000e+00
   4.2581105e+02   4.1275535e+02   2.0000000e+00
   2.1103696e+02  -3.3061760e+01   2.0000000e+00
  -1.8121494e+02  -3.6355978e+02   1.0000000e+00
   4.1770977e+02   3.4019957e+02   2.0000000e+00
  -3.4765753e+02   3.5481527e+01   1.0000000e+00
   2.0458693e+01  -3.3261435e+02   1.0000000e+00
  -1.5044010e+02  -3.9715376e+02   1.0000000e+00
  -2.5802816e+02  -1.6362796e+02   1.0000000e+00
   2.2059152e+02   1.0545881e+02   1.0000000e+00
   1.7449797e+02   4.2697614e+02   1.0000000e+00
   1.2420215e+02  -2.1536990e+02   1.0000000e+00
  -9.8674207e+01   4.2397384e+02   1.0000000e+00
  -4.2882306e+02  -2.6485437e+02   1.0000000e+00
  -1.1158172e+02   1.4222525e+02   1.0000000e+00
  -2.1178340e+02  -1.7860935e+02   1.0000000e+00
   4.1957580e+02  -9.5623629e+01   1.0000000e+00
  -4.3874406e+02   1.9783662e+02   1.0000000e+00
  -3.5770585e+01   3.5022664e+02   1.0000000e+00
  -1.1437320e+02  -6.1851354e+01   1.0000000e+00
  -2.8371619e+02  -2.8365032e+02   1.0000000e+00
   3.4452462e+02   2.7413861e+01   2.0000000e+00
   1.5275206e+02  -4.3735780e+02   1.0000000e+00
   1.6852754e+02   9.3960946e+01   1.0000000e+00
   2.3194279e+02   4.5752668e+02   2.0000000e+00
   1.6733959e+02  -3.5613129e+02   1.0000000e+00
   3.1305455e+02   4.6910240e+01   1.0000000e+00
   2.3520142e+02   4.3551729e+02   2.0000000e+00
  -6.8201014e+01  -4.2263642e+02   1.0000000e+00
   2.0193677e+02   7.6283308e+00   1.0000000e+00
  -1.5007567e+02  -9.4832068e+01   2.0000000e+00
  -4.1494718e+02   3.0898252e+02   1.0000000e+00
   2.5193031e+02  -4.5180169e+02   1.0000000e+00
  -4.1916301e+02   1.1456933e+02   1.0000000e+00
  -1.9583057e+02  -4.2634367e+02   1.0000000e+00
   4.4608692e+02  -4.5578819e+02   1.0000000e+00
   1.3695864e+02  -8.7139468e+01   1.0000000e+00
  -2.8119455e+02  -2.8704613e+02   1.0000000e+00
   8.1685601e+01  -3.7372885e+02   1.0000000e+00
   7.1965032e+01   3.6986536e+02   1.0000000e+00
  -3.3524913e+02   2.0788492e+02   1.0000000e+00
  -3.8890309e+02   1.0044800e+02   1.0000000e+00
   4.4417988e+02   3.2626649e+02   2.0000000e+00
  -2.0677199e+02   4.5520237e+02   1.0000000e+00
  -4.2949811e+02   3.6164559e+02   1.0000000e+00
   3.7084995e+02  -8.0736414e+01   1.0000000e+00
  -6.1042365e+01  -3.5604431e+02   1.0000000e+00
  -1.2968540e+02  -4.4226266e+02   2.0000000e+00
  -2.3165181e+02   2.6728544e+01   1.0000000e+00
   2.6536543e+02   2.2960377e+01   2.0000000e+00
  -3.1129935e+02  -5.5340004e+01   1.0000000e+00
  -3.1528737e+02  -5.6411486e+01   1.0000000e+00
   1.2153308e+02   1.4197184e+02   1.0000000e+00
  -2.8381379e+02   6.0868173e+01   1.0000000e+00
  -3.8201140e+02   1.8363409e+02   1.0000000e+00
   3.2987131e+02  -3.6457925e+02   2.0000000e+00
  -3.7154570e+02  -3.1619126e+02   1.0000000e+00
  -3.4349229e+02   3.1524858e+02   1.0000000e+00
  -4.1988009e+02   3.5969248e+02   1.0000000e+00
   1.3233290e+02   4.3657688e+02   2.0000000e+00
   5.3502233e+01  -2.7738474e+02   1.0000000e+00
   1.1701860e+02  -1.1145700e+02   1.0000000e+00
  -1.7176650e+02   2.7359225e+02   1.0000000e+00
  -3.5527330e+02   2.2998977e+02   1.0000000e+00
  -2.4111860e+02  -3.2091593e+02   1.0000000e+00
   1.6453187e+02   1.5149205e+02   1.0000000e+00
  -3.7632238e+02  -1.8118398e+02   1.0000000e+00
   1.5699617e+02  -9.0465130e+01   1.0000000e+00
   6.2924959e+01   1.0537165e+02   1.0000000e+00
  -3.2449653e+02  -1.5031773e+02   1.0000000e+00
   2.4584749e+02   3.7492323e+02   1.0000000e+00
   1.5164594e+02   4.2996375e+02   1.1000000e+00
  -2.7792796e+02   4.2495676e+02   1.0000000e+00
   4.5893901e+02   3.1957126e+02   2.0000000e+00
   4.7935993e+02   2.7375780e+02   2.0000000e+00
   2.5957242e+02   1.5863555e+02   1.0000000e+00
   1.6653102e+02   8.6368455e+00   1.0000000e+00
  -8.9936421e+01   3.5402927e+02   1.0000000e+00
  -8.6197350e+01  -4.3749742e+01   1.0000000e+00
   2.0306241e+01  -4.6403047e+02   1.0000000e+00
   2.7694430e+02   3.1479442e+02   1.0000000e+00
  -3.1741446e+02  -4.7261321e+01   1.0000000e+00
  -4.1184958e+01   1.2389079e+02   1.0000000e+00
   2.6144178e+02  -1.5481706e+02   1.0000000e+00
  -4.0749763e+02   2.0495281e+02   1.0000000e+00
  -1.9165792e+02  -3.9300406e+02   1.0000000e+00
  -4.4246501e+02   1.9960025e+02   1.0000000e+00
   1.9907653e+02   3.4165853e+02   1.0000000e+00
  -7.5802485e+01  -4.4642218e+02   1.0000000e+00
   3.5503982e+02  -3.0697832e+02   1.0000000e+00
  -1.6262948e+02   2.0619722e+02   1.0000000e+00
  -2.7392792e+02  -2.1047429e+02   1.0000000e+00
  -1.9109239e+02   2.5091913e+02   1.0000000e+00
  -4.9656790e+01   3.7587118e+02   2.0000000e+00
  -3.5888334e+02   4.1674761e+02   2.0000000e+00
  -7.8884569e+01  -3.1152738e+02   1.0000000e+00
  -2.9053938e+02  -3.5788616e+02   1.0000000e+00
  -2.6355825e+02  -1.4236654e+02   1.0000000e+00
  -7.2087315e+01   3.3865583e+02   1.0000000e+00
   2.0294540e+02   4.5888082e+02   2.0000000e+00
   7.7162900e+01   3.8846802e+02   1.0000000e+00
  -3.2662455e+01  -3.9135916e+02   1.0000000e+00
  -4.4180256e+02  -1.5109403e+02   1.0000000e+00
   2.4047072e+02  -2.5355501e+01   1.0000000e+00
   3.7474445e+02  -1.8243595e+02   1.0000000e+00
   1.8917390e+02  -1.2344948e+02   1.0000000e+00
   1.3357067e+02   3.2660222e+02   1.0000000e+00
  -4.5491128e+02   3.7998224e+02   1.0000000e+00
   1.6377543e+02  -3.8045446e+02   1.0000000e+00
  -3.5430282e+02   3.5521873e+02   1.0000000e+00
   2.1198687e+02  -2.0817108e+02   1.0000000e+00
  -3.5469505e+02  -2.2010908e+02   1.0000000e+00
   1.3986996e+01   1.7654953e+02   1.0000000e+00
   1.3383777e+02   4.0178565e+02   1.0000000e+00
   3.6810622e+02   1.7459682e+02   1.0000000e+00
   3.4300137e+02   1.5775515e+02   1.0000000e+00
  -2.8795819e+02  -3.5770893e+01   1.0000000e+00
  -6.2759926e+01  -2.7815258e+02   1.0000000e+00
   5.4439830e+01   3.4290967e+02   1.0000000e+00
  -2.4187258e+01  -2.5335281e+02   1.0000000e+00
   4.3757997e+02   3.0319417e+02   2.0000000e+00
   1.8271093e+02   7.7227223e+00   1.0000000e+00
  -1.0352484e+02   2.0992844e+01   1.0000000e+00
   1.2868298e+02   3.5826768e+02   1.0000000e+00
  -1.6575013e+02   8.6629492e+01   1.0000000e+00
  -1.2891373e+02  -3.6297400e+02   1.0000000e+00
   4.0167345e+02   2.6346555e+02   1.0000000e+00
  -2.3985179e+02  -3.1410731e+02   1.0000000e+00
   1.0094939e+01   2.4273183e+02   1.0000000e+00
  -4.4364461e+02  -3.1545990e+02   1.0000000e+00
   1.3023404e+02   4.3708062e+01   1.0000000e+00
   6.7037834e+01  -4.0130144e+01   1.0000000e+00
  -4.7918340e+01  -4.2886899e+02   1.0000000e+00
  -2.9109655e+02  -2.9027689e+01   1.0000000e+00
   4.8319066e+01  -3.0763116e+02   1.0000000e+00
   2.6874888e+02  -4.5291539e+02   1.0000000e+00
   1.6445713e+01  -3.4184380e+02   1.0000000e+00
  -3.6261816e+02   2.4267018e+02   2.0000000e+00
  -7.3673872e+01   3.5831576e+02   1.0000000e+00
   4.7957215e+02   4.0618016e+02   2.0000000e+00
  -1.3883014e+02  -3.4445622e+02   1.0000000e+00
   2.5304288e+02  -3.6436968e+02   1.0000000e+00
  -3.0362062e+02   2.3610409e+01   2.0000000e+00
   1.2274609e+02  -1.7102355e+02   1.0000000e+00
  -2.8854938e+02   1.3269579e+02   1.0000000e+00
  -3.1623858e+02   4.6485814e+01   1.0000000e+00
   3.3441112e+02   3.7724645e+02   1.0000000e+00
  -5.1635224e+01  -2.3214599e+02   1.0000000e+00
   2.4146756e+02   4.5390936e+02   2.0000000e+00
   4.3820089e+02   4.6194502e+02   2.0000000e+00
  -3.8936124e+02  -1.1989423e+02   1.0000000e+00
   1.8657280e+02  -1.2012734e+02   1.0000000e+00
  -2.3558565e+02   2.0250945e+02   1.0000000e+00
   3.7185294e+02   3.0576719e+02   1.0000000e+00
   1.1000012e+02   3.5086566e+02   1.0000000e+00
  -7.8311651e+01   4.4980309e+02   1.0000000e+00
   1.6110160e+02   8.6605328e+01   1.0000000e+00
   4.5560647e+02   2.0806436e+02   2.0000000e+00
  -9.4620758e+01   5.0713094e+01   1.0000000e+00
  -2.5104198e+02  -3.8544132e+02   1.0000000e+00
  -1.5720226e+02   1.3982387e+02   1.0000000e+00
  -1.1937642e+02   5.0245321e+01   1.0000000e+00
  -3.5803094e+02   1.3064258e+01   2.0000000e+00
   2.0968226e+02   2.0320019e+02   1.0000000e+00
  -3.2480648e+02  -2.6838354e+02   1.0000000e+00
   1.6783541e+02  -2.6970525e+02   1.0000000e+00
  -4.3614294e+02  -1.4497061e+02   1.0000000e+00
  -3.0475447e+02   6.5008988e+01   1.0000000e+00
   1.5665823e+02  -1.1560341e+02   1.0000000e+00
  -2.9206791e+02  -3.4599088e+02   1.0000000e+00
  -3.4382286e+02   2.5904886e+02   2.0000000e+00
   3.9778799e+01   1.1224172e+02   2.0000000e+00
   4.8063816e+01  -1.4282294e+02   1.0000000e+00
   2.2796821e+02  -3.4896368e+02   1.0000000e+00
  -3.9763184e+02  -4.7007481e+02   2.0000000e+00
   6.4377788e+01   1.1513951e+02   2.0000000e+00
   6.2523239e+01  -3.0919679e+02   1.0000000e+00
  -2.3489729e+02   3.3374907e+02   1.0000000e+00
  -9.1945889e+01   3.1654553e+02   1.0000000e+00
  -8.0750028e+01  -1.7911881e+02   1.0000000e+00
   2.7342839e+02   1.0339140e+02   1.0000000e+00
  -3.0460581e+02   3.8809167e+02   1.0000000e+00
  -2.8352981e+02   2.9887331e+02   1.0000000e+00
   1.1698464e+02   3.3518063e+02   1.0000000e+00
   1.0465247e+01  -8.6035214e-01   1.0000000e+00
  -4.0807347e+02  -1.2140686e+02   1.0000000e+00
  -2.6560172e+02  -3.3475565e+02   1.0000000e+00
   5.7216825e+01   2.4163464e+02   1.0000000e+00
  -1.9761708e+02   1.0950543e+02   1.0000000e+00
  -1.2345024e+02   1.0644185e+02   1.0000000e+00
   2.7713823e+02   1.4766831e+02   1.0000000e+00
  -3.7513923e+02   2.4645488e+01   1.0000000e+00
   4.4502396e+02  -2.7851647e+02   1.0000000e+00
  -4.0928996e+01   3.5639684e+01   2.0000000e+00
  -2.0582510e+02  -2.5393670e+02   1.0000000e+00
  -1.9709871e+02  -2.6535066e+02   1.0000000e+00
   1.9658305e+02  -1.9332504e+01   2.0000000e+00
   2.8960723e+02   1.1878562e+02   1.0000000e+00
   3.0343118e+02  -1.7384222e+01   1.0000000e+00
  -5.0739358e+01   3.6571448e+01   2.0000000e+00
   9.2695062e+01   4.3849136e+02   1.6000000e+00
   3.9284767e+02  -3.8574364e+02   1.0000000e+00
   1.9416608e+01   3.3900990e+02   1.0000000e+00
   3.2903511e+02   2.6230872e+02   1.0000000e+00
   1.2775958e+02  -4.1198754e+02   1.0000000e+00
  -2.3958388e+01   3.9445336e+01   2.0000000e+00
  -3.0639379e+02   2.7305737e+02   1.0000000e+00
   2.8445430e+02   3.1551437e+02   1.0000000e+00
   2.0901553e+02  -2.5699255e+02   1.0000000e+00
   3.0691172e+02  -1.8785390e+02   1.0000000e+00
   4.2949869e+02  -1.3525402e+02   1.0000000e+00
   4.3097397e+02  -4.0922538e+02   1.0000000e+00
   3.9080873e+02   4.0064897e+02   2.0000000e+00
   4.3820489e+01   3.5772600e+02   1.0000000e+00
  -1.1144541e+02   3.3357758e+02   1.0000000e+00
  -3.2452874e+02  -4.3541542e+02   1.0000000e+00
   3.9648712e+02  -3.6929205e+01   1.0000000e+00
  -1.5639726e+02  -1.6958475e+02   1.0000000e+00
   2.1633665e+02   2.4516374e+02   1.0000000e+00
   5.2557733e+01  -2.1645321e+02   1.0000000e+00
  -2.3581386e+02   4.2781380e+02   1.0000000e+00
  -6.8035142e+01   3.2940176e+02   1.0000000e+00
   2.3444840e+01   3.5000059e+02   1.0000000e+00
  -2.1071876e+02  -4.3718695e+02   1.0000000e+00
  -6.3959774e+01   3.7805460e+02   1.0000000e+00
  -2.2250577e+02   3.7606523e+01   1.0000000e+00
  -2.9125637e+02   7.9623142e+00   2.0000000e+00
  -2.7028595e+02  -3.3615219e+02   1.0000000e+00
  -3.5411048e+02   6.1254087e+01   1.0000000e+00
   4.2996220e+02   4.3254866e+01   1.0000000e+00
  -1.1961202e+02   2.7545664e+02   1.0000000e+00
  -3.8013058e+02  -1.6643183e+02   1.0000000e+00
  -1.5904332e+02   1.5815052e+02   1.0000000e+00
  -6.4140954e+01   3.9529460e+02   1.0000000e+00
  -3.8396682e+01   1.8110247e+02   1.0000000e+00
   5.5167916e+01   2.6260586e+01   1.0000000e+00
   1.7196859e+00  -9.1374610e+01   1.0000000e+00
  -3.6293931e+02   3.9747430e+02   1.0000000e+00
   1.7278323e+02   1.2488662e+02   1.0000000e+00
   2.9627949e+02  -4.0649746e+02   1.0000000e+00
  -3.6925366e+02   3.2088379e+02   1.0000000e+00
   3.6258077e+02  -6.1176687e+01   1.0000000e+00
   9.3947283e+00   7.9321501e+00   1.0000000e+00
   1.8269187e+02   5.9490962e+00   1.0000000e+00
   4.2482492e+02   2.7972516e+02   2.0000000e+00
   1.7157978e+02  -3.3321203e+02   1.0000000e+00
  -1.5355540e+02   4.2043913e+02   1.0000000e+00
   4.6325355e+02   2.4076052e+02   2.0000000e+00
   5.7040734e+00   2.3259417e+02   1.0000000e+00
  -4.4583801e+02  -4.1094674e+02   2.0000000e+00
   2.2791352e+02  -2.6150029e+02   1.0000000e+00
   2.2107466e+02   1.6839182e+02   1.0000000e+00
  -2.1559601e+01   3.2404100e+02   1.0000000e+00
   2.6949239e+02  -2.7525530e+02   2.0000000e+00
   1.1376480e+02   1.1696479e+02   1.0000000e+00
  -1.3730969e+02  -3.9089568e+02   1.0000000e+00
  -3.5326967e+02   2.3323246e+02   1.0000000e+00
   3.9103850e+02  -4.3874342e+02   1.0000000e+00
   4.4488261e+01  -4.2872144e+02   1.0000000e+00
  -3.1390055e+02  -1.7575847e+02   1.0000000e+00
   2.0384061e+02  -4.5465688e+02   1.0000000e+00
  -1.4500793e+02  -3.4879356e+02   1.0000000e+00
  -2.3043703e+00   1.4980998e+02   1.0000000e+00
  -1.7446822e+01  -3.3602200e+01   1.0000000e+00
   4.9151857e+01  -3.5087518e+02   1.0000000e+00
   8.0653571e+01  -8.4420944e+01   1.0000000e+00
  -3.5477456e+02   8.1662662e+01   1.0000000e+00
   1.5919032e+02  -3.5381448e+01   2.0000000e+00
   9.5964950e+01   3.5733676e+02   1.0000000e+00
  -3.9483518e+02  -1.8243260e+02   1.0000000e+00
   4.1256158e+02   3.3314092e+01   1.0000000e+00
  -3.0745016e+02  -3.3758214e+02   1.0000000e+00
  -2.9085351e+02  -3.8407450e+02   1.0000000e+00
   3.8552386e+01  -4.1221170e+02   1.0000000e+00
  -4.5532874e+02  -1.5045980e+02   2.0000000e+00
   4.8712199e+00   1.1428886e+01   1.0000000e+00
   3.1192555e+02   1.6019397e+02   1.0000000e+00
  -1.4569476e+02  -2.7436689e+02   1.0000000e+00
   2.5959014e+02  -1.9009966e+01   1.0000000e+00
  -7.1094494e+00  -3.5256093e+02   1.0000000e+00
  -2.9425422e+02  -3.4890180e+02   1.0000000e+00
  -2.8378622e+02  -4.2845156e+02   1.0000000e+00
  -2.3179660e+02   1.8336141e+02   1.0000000e+00
   3.9691012e+02  -2.8795865e+02   1.0000000e+00
  -2.7782560e+01   5.0246015e+01   2.0000000e+00
  -4.1412123e+01   2.7696089e+02   1.0000000e+00
  -1.6965829e+02   2.6179919e+02   1.0000000e+00
  -2.3603513e+02   4.2350470e+02   1.0000000e+00
  -3.5856534e+02  -9.4152223e+01   1.0000000e+00
  -9.4665779e+01  -3.2518554e+02   1.0000000e+00
  -1.0272427e+02  -4.1638680e+02   1.0000000e+00
   1.6009580e+01   4.3328228e+02   1.0000000e+00
  -2.7300212e+02   4.2165821e+01   1.0000000e+00
   2.7817353e+02  -4.5078638e+02   1.0000000e+00
   3.3668688e+02  -3.9059259e+02   1.0000000e+00
   1.2168082e+02   2.6071100e+02   1.0000000e+00
  -9.5341407e+01   2.7066558e+02   1.0000000e+00
   1.4738014e+02   3.6977322e+02   1.0000000e+00
   2.3170548e+02   3.2307204e+02   1.0000000e+00
   1.2594667e+02  -9.7835143e+01   1.0000000e+00
   3.8787903e+02  -4.2366221e+02   1.0000000e+00
   7.0646006e+00  -3.2019545e+02   2.0000000e+00
  -5.6166944e+01   1.7049728e+02   1.0000000e+00
   1.6577496e+02   2.0760494e+02   1.0000000e+00
  -2.1409681e+02   1.9752030e+02   1.0000000e+00
   2.7508675e+02  -3.5361094e+02   1.0000000e+00
   2.0392341e+02   1.1258965e+02   1.0000000e+00
   7.7623124e+01  -8.5694300e+01   1.0000000e+00
  -1.5259580e+02   2.6597395e+02   1.0000000e+00
  -4.0544527e+02   1.6837094e+02   1.0000000e+00
   2.6751867e+02   3.8340530e+02   1.0000000e+00
   1.6701988e+02  -2.7729445e+02   1.0000000e+00
  -2.6522586e+02  -3.2742550e+02   1.0000000e+00
  -2.9331682e+02   1.5184042e+02   1.0000000e+00
   2.0548188e+02   1.4226340e+01   1.0000000e+00
   3.7114000e+02   3.2518097e+02   1.0000000e+00
  -5.2079562e+01   1.7732100e+02   1.0000000e+00
   3.1824297e+02  -2.9735733e+02   1.0000000e+00
  -4.0864607e+02  -1.1467244e+02   1.0000000e+00
  -4.3151088e+02  -3.5702884e+02   1.0000000e+00
   2.8285079e+02   3.2613290e+02   1.0000000e+00
  -2.9779954e+02   4.2135615e+01   2.0000000e+00
  -7.2431079e+01  -3.2473432e+02   1.0000000e+00
   2.0391365e+02  -2.0075312e+01   2.0000000e+00
  -4.3377616e+02   2.2137668e+02   2.0000000e+00
   2.2506351e+02  -4.5873176e+02   1.0000000e+00
  -8.9784080e+01   3.0880065e+02   1.0000000e+00
   1.8584109e+02  -1.8080025e+02   1.0000000e+00
   4.8788356e+01  -2.6531052e+02   1.0000000e+00
   2.5451911e+02   1.3759262e+02   1.0000000e+00
  -3.2289667e+02  -7.9539318e+01   1.0000000e+00
   4.0615454e+02  -1.8365823e+02   1.0000000e+00
   1.1284148e+02   2.7014570e+02   1.0000000e+00
  -4.5912219e+02  -3.5267309e+02   1.0000000e+00
   2.7647421e+02  -3.5425896e+02   1.0000000e+00
   1.5328958e+02  -2.3929552e+01   1.0000000e+00
   4.3321961e+01   4.5763992e+02   2.0000000e+00
   3.2853877e+02  -3.5435717e+02   1.0000000e+00
  -1.8581443e+02  -3.4237009e+02   1.0000000e+00
  -1.8663542e+02  -4.1517737e+02   1.0000000e+00
  -2.3000015e+02  -2.3994112e+02   1.0000000e+00
   3.0850628e+02   1.0890670e+02   1.0000000e+00
  -2.3017660e+02   2.4959077e+02   1.0000000e+00
   9.2695203e+01   3.8994654e+01   1.0000000e+00
  -7.5669659e+01  -1.7573267e+02   1.0000000e+00
   2.3969993e+02  -2.6961465e+02   2.0000000e+00
   2.1684848e+02  -2.3002474e+02   1.0000000e+00
   4.5455025e+02  -9.0885155e+01   2.0000000e+00
   2.4402557e+01  -2.1981836e+02   1.0000000e+00
  -1.8802257e+02  -3.0623345e+02   1.0000000e+00
   3.3152530e+02   1.6967923e+01   1.0000000e+00
   1.0173026e+02  -1.7568045e+02   1.0000000e+00
   1.8313361e+02   2.2224732e+02   1.0000000e+00
  -7.0328138e+01  -2.2872260e+00   1.0000000e+00
  -4.1303807e+02  -4.0940018e+02   2.0000000e+00
  -3.2100278e+01  -2.2401772e+02   1.0000000e+00
   4.3477411e+02  -3.2538549e+02   1.0000000e+00
   1.2774794e+02   2.4242593e+02   1.0000000e+00
   1.1291307e+02   2.6793005e+02   1.0000000e+00
  -2.4806245e+02  -1.4965809e+02   1.0000000e+00
  -2.0751461e+02   1.0863613e+02   1.0000000e+00
  -2.8023471e+02   3.5308356e+02   1.0000000e+00
  -3.1911504e+01   1.0381706e+02   1.0000000e+00
  -9.5097058e+01   6.6697771e+01   1.0000000e+00
   4.4127346e+02  -4.1893844e+02   1.0000000e+00
   4.8325531e+02   4.3129155e+02   2.0000000e+00
  -4.4660005e+02   2.7019555e+02   1.0000000e+00
  -3.4307465e+02  -1.5013417e+02   1.0000000e+00
  -2.8604579e+02   1.8993587e+02   1.0000000e+00
  -1.5436874e+02   2.1706011e+02   1.0000000e+00
  -1.6356035e+01   1.8072852e+02   1.0000000e+00
   8.7188028e+01  -1.7850599e+02   1.0000000e+00
  -2.0386278e+02   1.3944725e+02   1.0000000e+00
  -2.5913103e+02  -3.6714736e+02   1.0000000e+00
   1.8414000e+02   3.6691603e+02   1.0000000e+00
   4.1265759e+02  -4.6633534e+02   2.0000000e+00
  -3.9807669e+02  -1.8851129e+02   1.0000000e+00
   6.1864242e+01   4.0511205e+02   1.0000000e+00
   2.0368738e+02   1.8351706e+02   1.0000000e+00
   2.6421567e+02  -4.1225833e+02   1.0000000e+00
   2.7113479e+02  -2.5789648e+02   2.0000000e+00
  -4.5999105e+02   3.6298978e+02   1.0000000e+00
   2.2772474e+02   4.2868842e+01   1.0000000e+00
  -1.1618737e+02   2.5776796e+02   1.0000000e+00
  -3.5154621e+01  -3.0473906e+02   2.0000000e+00
  -2.7966702e+02  -3.0414639e+02   1.0000000e+00
   6.2076378e+01  -3.9410569e+02   1.0000000e+00
   1.5508156e+02  -2.4793045e+02   1.0000000e+00
  -2.4232292e+02  -3.0889491e+02   1.0000000e+00
  -1.2951047e+02  -5.7541100e+01   1.0000000e+00
   3.4693689e+02   1.6611750e+02   1.0000000e+00
   4.6426646e+02   1.3903156e+01   2.0000000e+00
  -5.7353673e+01   1.3754713e+02   1.0000000e+00
  -2.1398368e+00  -1.5005929e+02   1.0000000e+00
  -2.6745418e+02   3.3097220e+01   1.0000000e+00
   3.8246531e+02   2.1820291e+01   2.0000000e+00
   3.8013022e+02   3.9491149e+02   2.0000000e+00
  -4.1068551e+02   4.3882995e+02   1.0000000e+00
   3.7689502e+02   2.8233339e+02   1.0000000e+00
  -5.3162606e+01  -4.0921503e+02   1.0000000e+00
  -3.6588575e+02  -8.0546105e+01   1.0000000e+00
  -1.7311965e+02  -3.4956439e+02   1.0000000e+00
  -3.4354279e+02   6.8401629e+01   1.0000000e+00
   3.2405338e+02   6.7468759e+00   2.0000000e+00
  -2.1705467e+02   4.5366231e+02   1.0000000e+00
   4.0873612e+02  -1.2714739e+02   1.0000000e+00
  -2.9608621e+02   2.9013709e+02   1.0000000e+00
  -9.0441987e+01   1.9010632e+01   2.0000000e+00
   9.1847962e+00  -5.9089995e+01   1.0000000e+00
  -2.7391978e+02  -2.1295708e+01   1.0000000e+00
  -3.1952273e+02   2.9240688e+02   1.0000000e+00
  -2.2036288e+02  -1.2256887e+02   1.0000000e+00
  -2.2316875e+02  -8.7462816e+01   1.0000000e+00
   2.4154613e+02  -1.4024981e+02   1.0000000e+00
   2.1477001e+02  -3.4235645e+02   1.0000000e+00
   4.6211647e+02  -7.8017377e+01   2.0000000e+00
  -2.7521914e+02  -2.1050710e+02   1.0000000e+00
  -2.0808567e+02  -2.7352960e+01   1.0000000e+00
  -7.0445723e+01  -5.4621381e+01   1.0000000e+00
  -1.7986967e+02   1.9403109e+01   1.0000000e+00
   3.5037066e+02  -3.8944065e+02   2.0000000e+00
   3.5909690e+02  -2.3330293e+02   2.0000000e+00
  -6.1661356e+01  -2.6770626e+02   1.0000000e+00
   3.8742791e+01  -7.6774747e+01   1.0000000e+00
  -3.4893668e+01   1.0591273e+02   1.0000000e+00
  -4.3550095e+02  -1.4805636e+01   2.0000000e+00
   5.7773112e+01  -1.9697577e+01   1.0000000e+00
  -1.0004416e+02   4.1761551e+02   1.0000000e+00
  -3.6638565e+02  -3.2587609e+02   1.0000000e+00
  -4.5741049e+01  -3.5742827e+02   1.0000000e+00
   2.0707637e+02   2.3779300e+02   1.0000000e+00
  -2.9760915e+02   2.8410696e+02   1.0000000e+00
   2.7932288e+02   8.5166157e+01   1.0000000e+00
   3.6042715e+02  -4.1628268e+02   1.0000000e+00
  -4.2086658e+02  -3.8630457e+02   2.0000000e+00
  -2.0891016e+02   6.2815810e+01   1.0000000e+00
  -1.6514053e+02  -3.2734010e+02   1.0000000e+00
  -3.6830439e+02   5.0523658e+00   2.0000000e+00
  -3.1373987e+02   2.2853931e+02   1.0000000e+00
   3.4165470e+01  -3.1188191e+02   1.0000000e+00
   2.0328026e+02  -2.3102466e+02   1.0000000e+00
  -9.0143197e+01  -2.0130311e+02   1.0000000e+00
   1.5422807e+02   1.0752280e+02   1.0000000e+00
   1.3800965e+02   1.1334907e+02   1.0000000e+00
   5.6058795e+01   1.8060183e+02   2.0000000e+00
   3.0125136e+02   3.8778347e+02   1.0000000e+00
  -3.0862227e+02  -1.2404514e+02   1.0000000e+00
   4.6796085e+02   1.8897312e+02   2.0000000e+00
   3.7052454e+02   6.6160343e-01   2.0000000e+00
   1.5303681e+02  -4.4066775e+02   1.0000000e+00
   6.6714329e+01   1.5076721e+01   1.0000000e+00
  -4.2519152e+02  -1.1996494e+02   1.0000000e+00
   3.7297832e+02   6.9337870e+01   1.0000000e+00
   2.5523233e+02  -4.1652913e+02   1.0000000e+00
   9.1636788e+01   4.2555059e+02   1.0000000e+00
  -2.9891830e+02   2.3181507e+02   1.0000000e+00
  -2.3426887e+02  -3.5161717e+02   1.0000000e+00
   1.1317295e+01   5.7877463e+01   1.0000000e+00
   3.8761550e+02   3.9720192e+02   2.0000000e+00
  -3.4766269e+01   2.7731082e+02   1.0000000e+00
  -2.7974646e+02  -3.3933645e+02   1.0000000e+00
   1.0523310e+02   1.3526725e+02   1.0000000e+00
   1.9834885e+02  -1.5565277e+02   1.0000000e+00
  -3.5172301e+02   4.5229071e+02   2.0000000e+00
   3.0231764e+02  -2.0111773e+02   1.0000000e+00
   8.9053557e+01  -1.6066164e+02   2.0000000e+00
   3.1354801e+02   1.0997608e+02   1.0000000e+00
  -3.5034972e+02   3.4707847e+00   2.0000000e+00
   4.7099557e+02   4.1347336e+02   2.0000000e+00
  -1.9186990e+01  -2.2186962e+02   1.0000000e+00
  -1.4475749e+02   2.4237892e+02   1.0000000e+00
  -1.8837151e+02   3.7487617e+02   1.0000000e+00
   3.7335077e+02  -1.8172826e+02   1.0000000e+00
  -3.6135314e+02   2.9178313e+02   2.0000000e+00
   1.5000441e+02  -9.8523676e+01   1.0000000e+00
   4.1714066e+02  -3.4609668e+02   1.0000000e+00
   2.9761812e+02   2.8809225e+02   1.0000000e+00
   2.5110380e+02   4.0500905e+02   1.0000000e+00
  -2.8333809e+02   2.7706034e+02   1.0000000e+00
   1.1850832e+02  -4.3466854e+02   1.0000000e+00
   3.3084860e+00   5.8526864e+00   1.0000000e+00
  -2.1313269e+02  -4.6252931e+02   1.0000000e+00
  -3.3435456e+02  -3.9637162e+02   1.0000000e+00
  -2.5660724e+02  -8.5653659e+01   1.0000000e+00
  -3.3061338e+01  -1.0493450e+02   1.0000000e+00
  -2.5879534e+02  -4.4785570e+02   1.0000000e+00
  -2.5928122e+02  -4.0539139e+02   1.0000000e+00
   2.2085906e+02   4.0144258e+02   1.0000000e+00
  -3.2013042e+02   2.5450334e+02   2.0000000e+00
   3.1213162e+02  -3.6555508e+02   1.0000000e+00
  -3.4705234e+01   3.0324190e+02   1.0000000e+00
   2.7901179e+02  -2.1372465e+01   1.0000000e+00
  -7.8976263e+01  -4.1244915e+02   1.0000000e+00
   4.4489052e+02   4.1080754e+02   2.0000000e+00
   4.0726091e+02   8.1860709e+01   1.0000000e+00
   4.6376377e+02   2.8761114e+02   2.0000000e+00
  -2.7131284e+02   4.1114369e+02   1.0000000e+00
  -1.4681767e+02  -8.7924651e-01   1.0000000e+00
  -7.9928127e+01   1.3351862e+02   1.0000000e+00
   3.2506827e+02   1.0082430e+02   1.0000000e+00
  -2.8472639e+02  -1.1618648e+02   1.0000000e+00
   4.4169290e+02   4.6849940e+02   2.0000000e+00
   1.2796581e+02   3.2470025e+01   1.0000000e+00
   9.7781883e+00  -3.5843702e+02   1.0000000e+00
  -2.8389804e+01   2.9960520e+02   1.0000000e+00
   1.8003697e+02   5.3906077e+01   1.0000000e+00
  -4.8363429e+01  -9.6857651e+01   1.0000000e+00
   1.1729144e+02   3.4993824e+01   1.0000000e+00
   2.4222446e+02   2.1917629e+02   1.0000000e+00
   3.9020729e+02   1.0151148e+02   1.0000000e+00
  -3.9716538e+02  -2.3358416e+02   2.0000000e+00
  -9.7275420e+01  -2.9913654e+01   2.0000000e+00
   3.1701279e+02  -2.8392471e+02   2.0000000e+00
   2.3601579e+02  -3.1832510e+02   1.0000000e+00
   4.4431955e+02  -1.7938393e+02   1.0000000e+00
   4.3667252e+01  -2.6804427e+02   1.0000000e+00
  -3.2092230e+02  -6.0442358e+01   1.0000000e+00
  -1.9666357e+02   4.2870535e+02   1.0000000e+00
   4.5421218e+02  -3.1535932e+02   1.0000000e+00
  -8.0720111e+01   4.2909648e+02   1.0000000e+00
   9.9900425e+01  -1.8000795e+02   1.0000000e+00
   2.6578085e+02   3.1442073e+01   1.0000000e+00
   1.5925681e+02  -2.5903084e+02   1.0000000e+00
  -1.8021552e+01  -1.7126815e+02   1.0000000e+00
   4.2412057e+02  -2.4377236e+01   2.0000000e+00
  -3.3833759e+02  -3.7467958e+02   1.0000000e+00
   3.6762660e+02   3.7080625e+02   2.0000000e+00
  -4.1976391e+02   1.7251243e+02   1.0000000e+00
   4.2521766e+02  -4.3754745e+02   1.0000000e+00
   2.7179243e+02   3.6842535e+02   1.0000000e+00
  -2.0253845e+02   3.8323167e+02   1.0000000e+00
   2.1501356e+02  -3.5332408e+02   1.0000000e+00
  -3.8867611e+01   7.7003352e+01   2.0000000e+00
   2.0232929e+02  -1.7315688e+02   1.0000000e+00
   1.1034785e+02  -1.4265433e+02   1.0000000e+00
  -9.8462219e+01   8.7420858e+00   2.0000000e+00
   4.5156426e+02  -1.6987444e+02   1.0000000e+00
   3.7788745e+02  -5.4243063e+01   1.0000000e+00
   2.7203913e+02  -1.1229325e+02   1.0000000e+00
   4.0210475e+02   1.2040997e+02   1.0000000e+00
  -2.8626557e+02  -1.5463302e+02   1.0000000e+00
  -4.5264183e+02   5.5931923e+01   1.0000000e+00
   2.1202105e+01   2.2558055e+02   1.0000000e+00
   3.5077186e+02   3.0399802e+02   1.0000000e+00
   2.9839923e+02   2.8323295e+02   1.0000000e+00
  -3.9816069e+02  -2.0944298e+02   2.0000000e+00
   2.7141569e+02   2.1215898e+02   1.0000000e+00
   3.7185092e+02  -1.2090101e+02   1.0000000e+00
   1.0188239e+02  -2.0849871e+02   1.0000000e+00
   3.4665594e+01   2.7142659e+02   1.0000000e+00
   3.5181930e+02   4.0296122e+01   1.0000000e+00
  -1.6865173e+02  -1.1499379e+02   2.0000000e+00
  -2.9150253e+02   1.8769356e+01   1.0000000e+00
   9.6357675e+01   1.5340574e+02   1.0000000e+00
  -1.9687898e+01  -1.5993077e+02   1.0000000e+00
   4.0996076e+02  -4.0846734e+02   1.0000000e+00
   3.6470904e+02  -1.5347513e+02   1.0000000e+00
  -5.3549922e+01   2.0419640e+02   1.0000000e+00
   1.5814678e+02  -1.7378991e+02   1.0000000e+00
  -3.7601575e+02   8.6753236e+01   1.0000000e+00
   1.3483321e+02   2.1007459e+02   1.0000000e+00
   1.5383575e+02   3.4147387e+02   1.0000000e+00
   1.4495454e+02  -4.5687385e+02   1.0000000e+00
   3.1013338e+02  -3.6383171e+02   1.0000000e+00
   6.0547068e+01   1.9385684e+02   2.0000000e+00
   3.5662374e+02  -2.8196454e+02   1.0000000e+00
   3.9754810e+02   1.3590033e+01   2.0000000e+00
   6.9745363e+01   7.7308492e+01   1.0000000e+00
  -2.5832810e+00  -4.3209006e+02   1.0000000e+00
  -2.2160797e+02  -2.7179203e+02   1.0000000e+00
   1.7984033e+02   3.6097744e+02   1.0000000e+00
  -3.1586805e+02   2.6623638e+02   1.0000000e+00
  -5.5057379e+01  -3.8073853e+02   1.0000000e+00
   2.1045849e+02  -1.5909628e+02   1.0000000e+00
  -3.3198640e+02  -1.1436027e+00   1.0000000e+00
   1.3702485e+02   2.8569159e+02   1.0000000e+00
   3.7845840e+02   1.5428461e+02   1.0000000e+00
  -4.0371396e+02  -2.1477111e+02   1.0000000e+00
   2.9829691e+02  -2.2539914e+02   1.0000000e+00
  -1.7763783e+01  -4.0864412e+02   1.0000000e+00
   1.5078325e+02   1.8962636e+02   1.0000000e+00
   3.3491550e+02  -2.1361611e+02   1.0000000e+00
  -3.3973031e+02   1.8320009e+02   1.0000000e+00
  -9.6832549e+01   2.3377953e-01   2.0000000e+00
  -2.8708471e+02   1.7163851e+02   1.0000000e+00
   7.5089813e+01   1.2926245e+02   2.0000000e+00
  -1.1450642e+02  -3.5448226e+02   1.0000000e+00
   7.1429246e+01  -2.1364799e+02   1.0000000e+00
  -2.3760127e+02  -1.0409373e+02   1.0000000e+00
  -7.1834307e+01   3.0080416e+02   1.0000000e+00
  -3.7355630e+02  -6.0236937e+01   1.0000000e+00
  -6.3205263e+01   1.5083989e+02   1.0000000e+00
   3.4221783e+02  -3.9762038e+02   2.0000000e+00
   2.1763603e+02  -2.2994470e+02   1.0000000e+00
  -4.4940253e+02  -1.4564134e+02   2.0000000e+00
  -8.4843149e+01   2.9264055e+02   1.0000000e+00
   2.2533639e+02  -3.4163378e+02   1.0000000e+00
  -1.7692203e+02  -3.5138004e+02   1.0000000e+00
  -3.2088352e+02  -4.4076029e+02   1.0000000e+00
   3.2725647e+02  -1.1494695e+02   1.0000000e+00
   4.0923956e+01   4.0411562e+02   1.0000000e+00
   1.4785064e+02   3.4223798e+01   1.0000000e+00
  -4.0666542e+02  -4.0920136e+02   2.0000000e+00
   2.0360428e+02  -3.1568785e+02   1.0000000e+00
   3.9911467e+02   3.3013986e+01   1.0000000e+00
   4.6467046e+02   3.5294104e+02   2.0000000e+00
   9.6314537e+00  -2.9374666e+02   2.0000000e+00
  -1.3653624e+02  -1.6909583e+01   1.0000000e+00
   4.2038455e+02   3.7153817e+02   2.0000000e+00
  -3.6052060e+02   3.1651182e+02   1.0000000e+00
   7.4873992e+01   4.5403569e+02   2.0000000e+00
   4.5349048e+02  -3.4432985e+02   1.0000000e+00
  -1.1218994e+02  -6.2577582e+01   1.0000000e+00
   3.2611101e+02   3.8806343e+02   1.0000000e+00
   9.7964684e+01  -4.3282110e+02   1.0000000e+00
   2.9709004e+02  -2.9566291e+02   1.0000000e+00
   3.1250735e+02  -3.7937626e+02   1.0000000e+00
   1.8825176e+02  -3.0478213e+02   1.0000000e+00
  -2.8854612e+02   4.3952286e+02   1.0000000e+00
  -1.1830431e+02  -3.1164441e+02   1.0000000e+00
  -2.6015403e+02  -8.7528244e+00   1.0000000e+00
   3.8696262e+02  -1.9293034e+02   1.0000000e+00
   3.9385679e+01   1.9455587e+02   2.0000000e+00
  -3.4782641e+02  -4.6381698e+02   2.0000000e+00
   2.9679907e+02  -3.3060486e+02   1.0000000e+00
  -4.0235726e+02  -4.4091936e+02   2.0000000e+00
  -1.6235316e+01   2.9866796e+02   1.0000000e+00
   2.3471403e+02  -8.1851321e+01   1.0000000e+00
   1.3780088e+02  -3.1015552e+02   1.0000000e+00
   4.5873588e+01  -2.2775440e+02   1.0000000e+00
   3.3355302e+02   3.3074975e+01   2.0000000e+00
   1.8483666e+02  -3.1055343e+02   1.0000000e+00
  -2.8933566e+02  -6.4895147e+01   1.0000000e+00
  -2.2645229e+02  -1.7584304e+02   1.0000000e+00
   4.0174931e+02   1.2724368e+01   2.0000000e+00
   3.5948016e+02   1.0286077e+02   1.0000000e+00
   3.2380971e+02   2.1346871e+02   1.0000000e+00
  -3.9742591e+02  -3.3228086e+02   1.0000000e+00
  -2.7795171e+02   6.6250383e+01   1.0000000e+00
   8.3954093e+00  -5.0429078e+01   1.0000000e+00
  -1.6409829e+02   1.2454266e+02   1.0000000e+00
  -2.2566013e+02  -2.0266988e+02   1.0000000e+00
   4.2982206e+02  -3.7219675e+02   1.0000000e+00
   4.2343499e+02   3.0352653e+02   2.0000000e+00
   1.3341940e+02   1.8671948e+02   1.0000000e+00
  -8.7222150e+01  -4.4868700e+02   2.0000000e+00
   9.8152765e+01   2.1739614e+02   1.0000000e+00
  -2.6031896e+02  -2.7665423e+02   2.0000000e+00
  -3.8880407e+02   3.4287571e+02   1.0000000e+00
   1.7683194e+02  -3.5902552e+02   1.0000000e+00
   1.1258297e+02   3.1303938e+02   1.0000000e+00
  -1.4891743e+02  -4.1220038e+02   1.0000000e+00
  -3.4234465e+02  -2.2168462e+02   1.0000000e+00
   3.5112441e+02  -2.2849911e+02   1.0000000e+00
  -4.0699770e+02  -4.4069257e+02   2.0000000e+00
   2.4361365e+02  -2.0466539e+02   1.0000000e+00
   4.1972467e+02   4.3818085e+02   2.0000000e+00
   1.3263546e+02   8.3728036e+01   1.0000000e+00
  -1.6416226e+02  -1.6448679e+02   1.0000000e+00
   3.8845752e+02  -4.3384248e+02   1.0000000e+00
   6.9885430e+01   4.4950513e+02   2.0000000e+00
  -3.5357117e+02  -2.6122252e+01   1.0000000e+00
   3.7861318e+01  -2.0642758e+02   1.0000000e+00
   1.9642966e+00  -2.9313277e+02   2.0000000e+00
  -2.0070090e+01  -4.4968370e+01   1.0000000e+00
   3.2678884e+01  -4.0265581e+02   1.0000000e+00
   3.5008976e+02  -1.1139074e+01   1.0000000e+00
   4.3766108e+02  -6.7078746e+01   2.0000000e+00
  -1.1623540e+01   1.9773190e+02   1.0000000e+00
   1.6541841e+02   8.4353372e+01   1.0000000e+00
   3.0360555e+02   2.5802136e+02   1.0000000e+00
  -2.8182161e+02  -1.9695296e+02   1.0000000e+00
   2.1504124e+01   4.5488450e+02   2.0000000e+00
   4.0824380e+02   9.5831641e+01   1.0000000e+00
  -1.4151516e+02  -4.0168394e+02   1.0000000e+00
   3.3170812e+02   4.5096137e+02   2.0000000e+00
   2.0308852e+02   4.1576429e+02   1.0000000e+00
  -3.4347396e+00   5.3453002e+01   2.0000000e+00
  -2.9205160e+02  -2.1153368e+01   1.0000000e+00
   7.6615383e+01  -3.1159122e+02   1.0000000e+00
   1.2715310e+02   3.3860056e+02   1.0000000e+00
  -2.2633747e+02  -6.6798615e-01   1.0000000e+00
  -2.1041181e+02  -1.3249953e+02   1.0000000e+00
  -6.1074162e+01  -2.5531783e+02   1.0000000e+00
   1.9926016e+02   3.1297105e+02   1.0000000e+00
