   2.1807010e+02   3.2526063e+02   1.0000000e+00
  -5.0069006e+01  -2.9187771e+02   1.0000000e+00
  -3.7660085e+02   1.0995679e+02   1.0000000e+00
  -1.6136049e+02   1.6768908e+01   1.0000000e+00
   1.6469534e+02   3.3654891e+02   1.0000000e+00
  -5.2281712e+01  -6.9050292e+01   1.0000000e+00
  -2.8172335e+02  -2.8559265e+02   1.0000000e+00
   3.7981921e+02  -1.5165660e+02   2.0000000e+00
  -3.3237859e+02   3.7230940e+02   2.0000000e+00
  -2.0023949e+02  -1.7406267e+02   1.0000000e+00
   1.7161535e+02  -1.5367863e+02   1.0000000e+00
  -9.9714682e+01  -1.7309130e+02   1.0000000e+00
  -4.0719480e+01   2.0351210e+02   1.0000000e+00
   3.1772762e+02   3.1820002e+02   1.0000000e+00
   1.6924787e+02  -3.0969895e+02   1.0000000e+00
  -2.1667636e+02   3.4256551e+02   2.0000000e+00
   1.0491133e+02  -2.0211493e+02   1.0000000e+00
  -1.1633708e+02  -1.4868566e+02   1.3000000e+00
  -3.4038808e+02   1.7214524e+02   1.0000000e+00
   1.5957284e+02  -2.0943926e+02   1.0000000e+00
   1.6833376e+01   1.9338860e+02   1.0000000e+00
  -3.4852171e+02   2.8636609e+02   2.0000000e+00
   2.7741106e+02   1.8285544e+02   1.0000000e+00
   1.3614897e+01   2.5301028e+01   1.0000000e+00
  -3.9657247e+02  -5.9544999e+01   2.0000000e+00
   1.4268082e+02   1.8672881e+02   1.0000000e+00
   1.4823943e+02  -3.7381079e+02   1.0000000e+00
  -2.3135918e+02  -1.4735772e+01   1.0000000e+00
   3.1506567e+02  -2.2450033e+02   1.0000000e+00
   2.2095385e+02   9.9754976e+01   1.0000000e+00
   2.9107790e+02   1.6986024e+02   1.0000000e+00
   6.0368742e+01  -1.1522272e+02   1.0000000e+00
   3.6920645e+02  -3.0895591e+02   1.0000000e+00
  -3.4484691e+02   3.4510045e+02   2.0000000e+00
   2.4795944e+02   2.0422209e+02   1.0000000e+00
   1.6199567e+02  -2.0431204e+02   1.0000000e+00
  -2.2898092e+02   1.5436887e+02   1.0000000e+00
  -1.4336775e+01   1.0905044e+02   1.0000000e+00
   1.7048498e+02   3.9100455e+02   1.0000000e+00
  -1.5924927e+02   2.6962217e+02   1.0000000e+00
   8.7283275e+00  -2.3317051e+02   1.0000000e+00
   1.2784131e+02  -1.3743909e+02   1.0000000e+00
   4.1375689e+02  -1.4055739e+02   2.0000000e+00
  -3.6715310e+02  -1.2198756e+02   1.0000000e+00
   1.8678620e+02  -2.9123157e+02   1.0000000e+00
  -3.6449985e+02   5.7614037e+01   1.0000000e+00
  -2.6444625e+02  -1.3934506e+02   1.0000000e+00
   4.0743114e+01  -2.5384319e+02   1.0000000e+00
  -1.7981698e+02  -6.3128361e+01   1.0000000e+00
  -2.8153916e+02   3.7672287e+02   2.0000000e+00
  -5.9106474e+01  -3.3895434e+02   1.0000000e+00
  -3.4328185e+02  -3.3759909e+02   1.0000000e+00
  -1.3359999e+02  -3.8041556e+02   1.0000000e+00
  -1.5215767e+02   1.6768715e+02   1.0000000e+00
  -4.2331011e+02   3.9352309e+02   2.0000000e+00
   1.0060025e+01   4.3393480e+01   1.0000000e+00
   1.1704715e+02  -3.7449605e+02   1.0000000e+00
   3.7095703e+02   2.1889728e+02   2.0000000e+00
   6.3585550e+01  -6.7191684e+01   1.0000000e+00
   1.6129837e+02  -3.4353943e+02   1.0000000e+00
  -3.8561040e+02   2.7580033e+02   1.0000000e+00
   2.4110979e+02  -2.3200781e+02   1.0000000e+00
   3.5049932e+01  -3.7492501e+02   2.0000000e+00
  -1.4218580e+02   3.5074817e+02   1.0000000e+00
   2.5471818e+02  -3.9504777e+02   1.0000000e+00
  -3.6939506e+02   2.6641208e+02   1.0000000e+00
  -4.0968515e+02   3.7363554e+02   2.0000000e+00
   3.0592365e+01  -4.6825768e+01   1.0000000e+00
   3.1129135e+01  -2.0405087e+02   1.0000000e+00
   3.0042289e+02  -2.8167274e+02   1.0000000e+00
   2.4511984e+02  -3.8762435e+02   1.0000000e+00
   2.7796611e+02  -2.9839580e+02   1.0000000e+00
  -2.7800175e+02  -3.8477041e+02   1.0000000e+00
   1.8017424e+02   1.6635080e+02   1.0000000e+00
   1.8117810e+02  -5.2571169e+00   1.0000000e+00
   1.4320671e+02   3.1733106e+02   1.0000000e+00
   3.0159352e+02   1.1814035e+02   1.0000000e+00
   1.1736064e+02   3.5061874e+02   1.0000000e+00
   3.6423763e+02   3.7927332e+02   2.0000000e+00
  -1.7260211e+02  -4.1806115e+02   2.0000000e+00
  -3.3669549e+02   4.0237399e+02   2.0000000e+00
   3.1867933e+02   1.1868530e+02   2.0000000e+00
   7.5553279e+01   7.0791990e+01   1.0000000e+00
  -2.5988416e+02   1.7058689e+02   1.0000000e+00
  -1.0656229e+02  -4.1490154e+01   1.0000000e+00
  -3.4855359e+02   3.6314870e+02   2.0000000e+00
   2.7740472e+02  -2.9865365e+02   1.0000000e+00
  -3.1022680e+02  -1.9350413e+02   1.0000000e+00
  -3.7669645e+02  -3.7030329e+02   1.0000000e+00
   3.7165929e+02  -7.2786233e+01   2.0000000e+00
   4.3081410e+02   2.5422039e+02   2.0000000e+00
   1.0219457e+02  -6.6183998e+01   1.0000000e+00
  -4.0616107e+02   1.3533832e+02   1.0000000e+00
   2.7494767e+02   3.8553597e+02   1.0000000e+00
   1.3054320e+02  -3.1178904e+02   1.0000000e+00
   1.9732342e+02  -2.8626079e+02   1.0000000e+00
   1.4302301e+02   2.2425069e+02   2.0000000e+00
   3.0343355e+02   3.1155480e+02   1.0000000e+00
   2.2893442e+02   8.8072928e+01   1.0000000e+00
  -3.9060661e+01  -4.0112297e+02   1.0000000e+00
  -1.7208809e+02   3.1513052e+02   1.0000000e+00
   3.0628164e+02  -3.1159418e+02   1.0000000e+00
   3.1460629e+02  -7.1818357e+01   2.0000000e+00
  -3.4133288e+02   1.3929626e+02   1.0000000e+00
   3.8146621e+02  -2.5303316e+02   1.0000000e+00
   4.0251371e+02  -9.6220061e+01   2.0000000e+00
   2.1506891e+02   2.1314307e+02   1.0000000e+00
  -1.7590787e+02  -2.9826946e+01   1.0000000e+00
  -2.8156030e+02   6.8590031e+01   1.0000000e+00
   2.3981993e+02   4.0513211e+02   1.0000000e+00
   3.7066370e+02  -2.3465755e+02   1.0000000e+00
  -1.1717854e+02  -8.7813421e+00   1.0000000e+00
  -1.1667461e+02  -2.2995756e+02   1.0000000e+00
   4.1565316e+02   1.6887955e+02   2.0000000e+00
  -6.3454319e+01  -1.2673156e+02   1.0000000e+00
  -1.0771176e+02  -1.2174429e+02   2.0000000e+00
   3.6288305e+02  -3.9109382e+02   1.0000000e+00
   1.7885298e+02   2.6508835e+02   1.0000000e+00
  -2.6063944e+02  -6.0054727e+01   1.0000000e+00
  -2.9500923e+02  -3.4628138e+02   1.0000000e+00
   2.2986173e+02   2.6125095e+02   1.0000000e+00
  -2.6669325e+02  -3.6704244e+02   1.0000000e+00
   1.9111073e+02   3.7232621e+02   1.0000000e+00
   2.8860285e+02  -3.9400521e+02   2.0000000e+00
   1.0010625e+02   3.0559626e+01   1.0000000e+00
  -2.2164659e+02   2.7281921e+02   1.0000000e+00
   6.5082013e+01  -1.6460488e+01   1.0000000e+00
  -2.7131561e+02  -2.0268921e+02   1.0000000e+00
   7.8893949e+01  -1.0226968e+02   1.0000000e+00
  -3.3911782e+02  -1.4025391e+02   1.0000000e+00
  -1.0672614e+02  -2.5103074e+02   1.0000000e+00
  -2.0402009e+02   8.2201544e+01   1.0000000e+00
   2.1440206e+02  -2.5738322e+02   1.0000000e+00
  -2.9293272e+02  -2.6893002e+02   1.0000000e+00
   1.3619306e+02  -7.3977376e+01   1.0000000e+00
   2.4694514e+02  -6.6777157e+01   1.0000000e+00
   2.6258033e+02   1.6938188e+02   1.0000000e+00
  -1.6199682e+02   2.7937949e+01   1.0000000e+00
  -4.2355614e+02   3.9672272e+02   2.0000000e+00
  -6.8099132e+01   1.4850572e+02   1.0000000e+00
   1.5423032e+02  -1.5815758e+02   1.0000000e+00
   2.1081745e+02   1.1042259e+02   1.0000000e+00
   2.4076093e+02  -6.2772320e+01   1.0000000e+00
   2.5249404e+02  -3.7271045e+02   2.0000000e+00
  -2.1373007e+02  -1.3239958e+02   1.0000000e+00
   2.3181725e+01   1.6357636e+02   1.0000000e+00
  -7.5252516e+00  -3.8809639e+02   2.0000000e+00
  -7.7970868e+01  -1.6580614e+02   1.0000000e+00
   3.5558279e+02   1.5674311e+02   2.0000000e+00
  -4.1506176e+02  -3.8246442e+02   2.0000000e+00
   2.0948712e+02   3.9194326e+02   1.0000000e+00
   3.5988631e+02   1.3815097e+02   2.0000000e+00
   1.5736096e+02   4.9283367e+01   1.0000000e+00
   2.2999681e+01   3.1369625e+02   1.0000000e+00
   4.0032974e+02  -7.5993384e+01   2.0000000e+00
   1.5749797e+02  -3.1619549e+02   1.0000000e+00
   3.4605152e+02   2.6474084e+02   1.0000000e+00
  -1.1722275e+02   2.9754196e+02   1.0000000e+00
   4.0617681e+02   8.4220899e+01   2.0000000e+00
   2.3400093e+02   1.7390462e+02   1.0000000e+00
  -1.5066678e+01   2.0812585e+02   1.0000000e+00
   1.3734700e+01   3.4847325e+01   1.0000000e+00
  -1.7177694e+02  -3.6016780e+01   1.0000000e+00
  -3.8277433e+01   8.9123087e+00   1.0000000e+00
  -2.2571273e+02  -3.6508177e+02   1.0000000e+00
  -1.8587621e+02  -1.2504989e+02   1.0000000e+00
   3.9178925e+01   2.5079913e+02   1.0000000e+00
  -3.1248502e+02   2.2973927e+02   1.0000000e+00
  -1.8871741e+02   5.2605818e+01   1.0000000e+00
   3.3868249e+02  -1.0662578e+02   2.0000000e+00
   7.1168834e+01   2.6547307e+02   1.0000000e+00
   3.2709654e+02  -2.2965552e+02   2.0000000e+00
   3.8224576e+02   1.0136873e+02   2.0000000e+00
  -2.3941709e+02   2.7802865e+01   1.0000000e+00
  -7.0296440e+01  -2.4832140e+02   2.0000000e+00
   1.2105319e+02   2.2066118e+01   1.0000000e+00
  -2.6455681e+02  -3.7931951e+02   1.0000000e+00
  -5.7252872e+01  -9.8752892e+01   1.0000000e+00
   1.3301785e+02  -2.2419927e+02   1.0000000e+00
  -1.1287180e+02   3.6697581e+02   1.0000000e+00
   2.5352898e+02  -7.5695702e+01   2.0000000e+00
   6.2881911e+01   2.2261512e+02   1.0000000e+00
   3.7251348e+02   1.7112208e+02   2.0000000e+00
  -1.0097987e+02   1.2698655e+02   1.0000000e+00
   2.7431026e+02   1.6016648e+02   1.0000000e+00
   3.3453189e+02   2.9216513e+02   1.0000000e+00
   8.5650172e+01  -3.8588475e+02   2.0000000e+00
  -3.8283343e+02  -1.5614758e+02   1.0000000e+00
   2.1000287e+02  -1.6488953e+02   1.0000000e+00
   3.6582804e+02  -2.6759421e+02   1.0000000e+00
  -1.3784813e+01   2.2833986e+02   2.0000000e+00
   5.3571720e+01  -7.4469819e+01   1.0000000e+00
   6.2148579e+01  -2.1742522e+02   1.0000000e+00
   8.3418211e+01  -2.4530724e+02   1.0000000e+00
  -1.3813209e+02   4.0332648e+02   2.0000000e+00
  -1.2178030e+02  -1.7425045e+02   1.0000000e+00
   3.2968441e+02   3.2664776e+02   1.1000000e+00
  -2.2694276e+02  -3.1486985e+02   1.0000000e+00
  -3.7428566e+02  -1.9121709e+02   1.0000000e+00
   4.0209386e+02  -3.7223609e+02   1.0000000e+00
   1.7517946e+02  -2.2905131e+02   1.0000000e+00
  -3.6074547e+02   1.8792209e+02   1.0000000e+00
  -2.3119546e+02  -6.7116997e+01   1.0000000e+00
   2.1115100e+02   1.2169476e+02   1.0000000e+00
   1.0361192e+02  -4.1181003e+01   1.0000000e+00
  -2.6895127e+02  -1.7450249e+02   1.0000000e+00
  -3.0076787e+02   4.1438615e+02   2.0000000e+00
  -3.9201007e+02   4.0319508e+02   2.0000000e+00
  -2.4667434e+02  -3.6551327e+01   1.0000000e+00
   4.1330720e+02  -1.0595677e+02   2.0000000e+00
   1.4795984e+02   3.5271559e+01   1.0000000e+00
  -4.0137532e+02   1.3341485e+02   1.0000000e+00
   1.6723292e+02   1.2553837e+01   1.0000000e+00
  -2.4710782e+02   3.1937997e+02   1.0000000e+00
   3.3270846e+02  -1.6026669e+02   1.0000000e+00
  -2.0773691e+02   1.6435244e+02   1.0000000e+00
  -2.3134913e+02  -2.7989819e+02   1.0000000e+00
  -3.5104733e+02  -2.7251827e+02   1.0000000e+00
  -1.3423660e+02  -1.8990494e+02   1.0000000e+00
  -2.5065155e+02   1.2338133e+02   1.0000000e+00
  -2.1224025e+01   3.4447257e+02   1.0000000e+00
   2.3988269e+01  -1.0522136e+01   1.0000000e+00
  -3.6839367e+02   2.0615611e+02   1.0000000e+00
  -1.3300520e+02   3.4842883e+02   1.0000000e+00
  -3.2980068e+02   4.1611701e+02   2.0000000e+00
   1.2192161e+02   3.9071739e+02   2.0000000e+00
  -1.4583471e+02  -1.9461374e+02   1.0000000e+00
  -1.0203199e+02  -2.0917136e+02   2.0000000e+00
  -4.1341109e+02   7.1598294e+01   2.0000000e+00
  -2.5600554e+02  -2.1939691e+02   1.0000000e+00
   9.2126283e+01  -3.8748332e+02   2.0000000e+00
  -2.5176921e+02  -2.4835247e+02   1.0000000e+00
   5.9503508e+01  -1.6576633e+02   1.0000000e+00
   3.9649328e+02  -7.8291080e+01   2.0000000e+00
   2.6727063e+02   1.6908148e+02   1.0000000e+00
   2.5409836e+02  -2.8522660e+02   1.0000000e+00
   1.1894226e+02   4.1471985e+02   2.0000000e+00
  -1.7211813e+02  -4.0901034e+02   2.0000000e+00
   2.5792755e+01  -3.8607582e+01   1.0000000e+00
   2.0951590e+02  -3.7640541e+02   1.0000000e+00
   3.1243991e+02   2.1482276e+02   1.0000000e+00
   4.5258493e+01   1.6261213e+02   1.0000000e+00
   3.0380180e+02   5.0201115e+01   1.0000000e+00
   2.9076300e+02  -2.9625633e+02   1.0000000e+00
  -8.1646875e+01   6.7425799e+01   1.0000000e+00
   1.4564513e+02  -3.0269005e+02   1.0000000e+00
   2.9199458e+02  -7.9186478e+01   2.0000000e+00
  -2.5947979e+02  -1.6615142e+02   1.0000000e+00
   3.2630769e+02  -3.3286316e+02   1.0000000e+00
   3.4329469e+02  -2.2643764e+02   2.0000000e+00
  -3.5122364e+02  -3.1591811e+02   1.0000000e+00
  -1.0024363e+02  -3.3233110e+02   1.0000000e+00
   6.9876038e+01  -1.0172565e+02   1.0000000e+00
   3.2312168e+02   2.7351811e+02   1.0000000e+00
   2.8193832e+01  -2.7761367e+02   1.0000000e+00
  -9.6410456e+01  -3.4381265e+02   1.0000000e+00
   3.0583961e+02   3.1160853e+02   1.0000000e+00
  -1.1500799e+02  -2.9053746e+02   1.0000000e+00
   1.3573076e+02  -4.3899142e+01   1.0000000e+00
   1.0570098e+02   1.1339265e+01   1.0000000e+00
  -2.2507910e+02   3.3067050e+02   2.0000000e+00
  -3.3113373e+02  -1.2067954e+02   1.0000000e+00
  -3.5353908e+02   8.1172869e+00   1.0000000e+00
   6.3478411e+01  -1.6809147e+02   1.0000000e+00
   4.5070991e+01  -3.1523050e+02   1.0000000e+00
   2.0810305e+02  -3.2214811e+02   1.0000000e+00
  -2.8365657e+02  -3.6031346e+02   1.0000000e+00
  -2.7681261e+01  -7.7452861e+01   1.0000000e+00
  -3.1687128e+02  -2.5241574e+02   1.0000000e+00
   1.4516915e+02   3.9680994e+02   1.0000000e+00
  -2.0452751e+02   1.7612675e+01   1.0000000e+00
  -2.7160242e+02   1.1942990e+02   1.0000000e+00
   1.8330323e+02  -3.1666634e+02   1.0000000e+00
   9.2771032e+00  -3.4581346e+02   1.0000000e+00
  -1.8138676e+02  -5.6429039e+01   1.0000000e+00
  -4.0439245e+02   3.2726248e+01   2.0000000e+00
   1.6897838e+02   1.0266822e+02   1.0000000e+00
  -3.8159929e+02  -2.5191946e+01   2.0000000e+00
  -2.2313470e+02   1.3505984e+02   1.0000000e+00
  -5.0560662e+01   1.9159697e+02   1.0000000e+00
   7.6273372e+01  -1.3787641e+02   1.0000000e+00
   2.0554620e+02  -2.9833922e+01   1.0000000e+00
   3.1679114e+02  -1.6081070e+02   1.0000000e+00
  -3.8740788e+02   2.4170066e+02   1.0000000e+00
  -3.1272108e+02  -2.8514094e+01   1.0000000e+00
  -2.7742838e+01  -3.7060843e+02   1.0000000e+00
   1.7806959e+02   1.9130827e+02   1.0000000e+00
   3.6545406e+02   1.2269806e+02   1.0000000e+00
  -3.3609347e+02  -1.7903477e+02   1.0000000e+00
   2.6776045e+01  -1.1439163e+02   1.0000000e+00
  -1.3978413e+02  -2.5056400e+02   1.0000000e+00
  -3.3944530e+02  -2.3828884e+02   1.0000000e+00
  -4.0420617e+01  -3.8682980e+02   1.0000000e+00
  -7.3928914e+01  -3.2118530e+02   1.0000000e+00
   9.3159229e+01   2.1149407e+02   1.0000000e+00
  -4.1781748e+00   3.1165491e+02   1.0000000e+00
   2.3729218e+02   1.2774640e+02   1.0000000e+00
  -4.0322602e+02   2.9489738e+02   1.0000000e+00
   3.7961429e+02   2.6574532e+02   2.0000000e+00
   6.3157075e+01  -3.1819525e+02   1.0000000e+00
  -2.9493535e+02  -2.4398690e+02   1.0000000e+00
   6.8373922e+01  -4.1699181e+02   2.0000000e+00
  -1.1346620e+02  -1.8028383e+02   1.0000000e+00
   1.9129368e+02  -5.7043432e+01   1.0000000e+00
  -3.8030471e+01   2.5371549e+01   1.0000000e+00
  -1.4976968e+02  -3.8940190e+02   1.0000000e+00
  -1.9306081e+02   2.0498680e+02   1.0000000e+00
   1.7307717e+02   3.3094284e+02   1.0000000e+00
  -2.9842566e+02   2.2123232e+02   1.0000000e+00
   3.2563270e+02   3.6945502e+02   1.0000000e+00
  -3.2414676e+02  -2.4341149e+02   1.0000000e+00
  -3.6303641e+02   1.0230671e+02   1.0000000e+00
  -9.3705778e+01  -2.6588845e+02   1.0000000e+00
   1.1367059e+02   3.2882497e+02   1.0000000e+00
  -1.8515859e+02  -3.2305697e+02   1.0000000e+00
  -2.3044804e+02  -2.0149637e+02   1.0000000e+00
   8.4856429e+01  -1.3637891e+02   1.0000000e+00
   3.1750022e+02  -1.7272354e+02   1.0000000e+00
   3.9436798e+02  -2.4149641e+02   2.0000000e+00
  -2.9395624e+02  -3.6110783e+02   1.0000000e+00
  -2.6643809e+02  -2.6540503e+02   1.0000000e+00
  -3.5839087e+02   1.0324988e+02   1.0000000e+00
  -7.8072939e+01   4.0531757e+02   2.0000000e+00
  -3.4244536e+02   2.8883026e+02   2.0000000e+00
   2.1099404e+02   2.0837769e+00   1.0000000e+00
   2.2910202e+02   1.2421445e+01   1.0000000e+00
   2.7489552e+02   2.4766580e+02   1.0000000e+00
   3.5753946e+02   2.4339125e+02   1.0000000e+00
   3.9172261e+02   2.1810447e+02   2.0000000e+00
   4.1671521e+02   3.9084958e+02   2.0000000e+00
   7.2096247e+01  -2.4033471e+02   1.0000000e+00
  -1.4843375e+02   3.0562545e+02   1.0000000e+00
  -2.7193536e+02  -4.1849519e+02   2.0000000e+00
   2.9711200e+02   2.4883820e+02   1.0000000e+00
  -3.6796113e+02   2.4781071e+02   1.0000000e+00
   1.1307695e+02  -3.0344649e+02   1.0000000e+00
  -3.8677224e+02   2.0335856e+02   1.0000000e+00
   3.8171129e+02   3.7644041e+02   2.0000000e+00
   7.0494119e+01  -2.6058492e+02   1.0000000e+00
   2.2787608e+01  -2.4754049e+02   1.0000000e+00
  -2.6653443e+02  -3.8019823e+00   2.0000000e+00
  -2.0598775e+02   3.9661505e+02   2.0000000e+00
   4.2407900e+02   1.3442680e+02   2.0000000e+00
  -4.2200179e+02  -4.1401241e+01   2.0000000e+00
  -2.2701775e+02  -1.5212279e+02   1.0000000e+00
  -1.2469723e+02  -3.6022621e+02   1.0000000e+00
  -4.1600635e+02   2.9121675e+02   1.9000000e+00
   1.1677687e+02   2.9346344e+02   1.0000000e+00
   2.4404928e+02   4.0924458e+02   1.0000000e+00
   2.5092127e+02  -4.0066141e+02   1.0000000e+00
   3.6321305e+02   1.4318066e+02   2.0000000e+00
   1.3516239e+02  -2.0887050e+02   1.0000000e+00
  -7.8835752e+01   3.6780116e+02   1.0000000e+00
  -3.7221178e+02  -3.1028515e+02   1.0000000e+00
   1.1693955e+02   1.5540233e+01   1.0000000e+00
  -1.4614260e+02  -1.1341533e+02   1.0000000e+00
  -3.9225952e+02  -4.7728112e+00   2.0000000e+00
  -4.0040667e+02  -2.7546640e+02   1.0000000e+00
  -1.6740176e+01   1.2103760e+02   1.0000000e+00
   1.1877483e+02   1.4739561e+02   1.0000000e+00
   1.2277647e+02   3.6280434e+02   1.0000000e+00
  -3.4799903e+01   5.8534342e+01   1.0000000e+00
  -3.2896889e+02   2.2611804e+02   1.0000000e+00
  -1.1802472e+02   9.9943721e+01   1.0000000e+00
   2.1362326e+02  -7.0725453e+01   1.0000000e+00
   4.0930775e+02   1.9480706e+02   2.0000000e+00
   2.8594190e+02  -4.3256699e+01   1.0000000e+00
   2.7451078e+02   2.4578550e+02   1.0000000e+00
   2.4084292e+02   2.8126629e+02   1.0000000e+00
   1.9203086e+02   2.6420717e+02   1.0000000e+00
  -2.4945548e+02  -8.9761723e+01   1.0000000e+00
  -1.8858190e+02   3.1730924e+02   1.0000000e+00
  -1.2853487e+02   1.7692885e+01   1.0000000e+00
   2.0741951e+02   1.0141422e+02   1.0000000e+00
  -1.2374367e+02   2.1142766e+02   1.0000000e+00
   4.2328777e+02  -9.2854813e+01   2.0000000e+00
   1.3670806e+02   3.4871408e+02   1.0000000e+00
   3.0433642e+02   1.0146450e+02   1.0000000e+00
   2.6602308e+02   8.1247861e+01   1.0000000e+00
  -2.1950479e+02  -3.4396677e+02   1.0000000e+00
  -4.1355186e+02  -1.7226339e+02   1.0000000e+00
   4.1475083e+01   3.8874190e+02   1.0000000e+00
  -3.6091159e+02  -1.8451467e+02   1.0000000e+00
  -1.3997335e+02  -2.7632553e+02   1.0000000e+00
   3.0669235e+02   1.1899883e+02   1.0000000e+00
  -3.5686533e+02  -4.9771104e+01   1.7000000e+00
   9.3825529e+00  -2.5280212e+02   1.0000000e+00
  -3.0159570e+01  -3.2664034e+02   1.0000000e+00
  -3.4779968e+02  -2.4954062e+02   1.0000000e+00
  -2.9995995e+02  -3.1266920e+02   1.0000000e+00
  -1.8484769e+02   1.6325611e+02   1.0000000e+00
  -2.7863775e+02   3.1941957e+02   2.0000000e+00
  -2.8175612e+01  -2.4183231e+02   1.0000000e+00
   1.1647141e+02   2.6282544e+02   1.0000000e+00
  -3.7026259e+02   2.4165123e+02   1.0000000e+00
  -2.6427651e+02  -2.7298990e+02   1.0000000e+00
   1.1900736e+02   2.6864335e+01   1.0000000e+00
  -3.3931075e+01   2.3214546e+02   1.0000000e+00
  -1.4777465e+02  -1.7445750e+02   1.0000000e+00
  -6.6979789e-01   9.9829557e+01   1.0000000e+00
   6.5366468e+01   2.7264044e+02   1.0000000e+00
  -2.7212263e+02  -1.4207064e+02   1.0000000e+00
  -2.7725191e+02   1.0217921e+02   1.0000000e+00
   3.4887827e+02  -4.0834928e+02   1.0000000e+00
  -4.1707554e+02   2.5139953e+02   1.0000000e+00
  -1.9976624e+02   1.6642412e+02   1.0000000e+00
   1.9800106e+02   2.9765536e+02   1.0000000e+00
   2.7239984e+02   3.2334014e+02   1.0000000e+00
   2.6593877e+01  -6.8740177e+01   1.0000000e+00
   6.2120020e+01   2.0733144e+02   1.0000000e+00
   1.7333284e+02   1.1370710e+02   1.0000000e+00
   1.2351313e+02  -6.1080050e+01   1.0000000e+00
  -9.6259656e+01  -1.2510621e+02   1.9000000e+00
  -6.3321815e+00  -1.4554342e+02   1.0000000e+00
   3.8455539e+02   3.5226936e+02   2.0000000e+00
   1.0963976e+01  -1.5402213e+02   1.0000000e+00
   3.5522585e+02   2.9047729e+02   1.0000000e+00
  -3.9298503e+02  -3.5233600e+02   1.0000000e+00
  -7.5840448e+01   2.5146916e+02   1.0000000e+00
  -1.5540730e+02   2.7419263e+02   1.0000000e+00
  -2.3684629e+02   1.5674644e+02   1.0000000e+00
  -2.0122845e+02   5.7709621e+01   2.0000000e+00
  -4.2298014e+02   4.1816915e+02   2.0000000e+00
  -2.1277513e+02  -1.0344197e+02   1.0000000e+00
   5.4082863e+01  -1.3202832e+02   1.0000000e+00
  -5.4177108e+01   2.1917872e+00   1.0000000e+00
   2.3345070e+02  -1.8420754e+02   1.0000000e+00
  -2.4804526e+00  -3.7317004e+02   2.0000000e+00
   5.5991487e+01   6.5756225e-01   1.0000000e+00
   2.1012938e+02  -6.7790081e+01   1.0000000e+00
   4.6015161e+01  -3.3895954e+02   1.0000000e+00
  -2.9856124e+02  -1.0620387e+02   1.0000000e+00
  -9.1915788e+01   3.7108082e+02   1.0000000e+00
   3.4746943e+02  -3.2975338e+02   1.0000000e+00
   4.1011620e+01   3.2145449e+01   1.0000000e+00
   3.2501862e+02  -1.5885226e+02   1.0000000e+00
  -3.9199477e+02   3.6767248e+02   2.0000000e+00
  -6.9006761e+01   1.7851185e+01   1.0000000e+00
   1.1722679e+02  -3.8175471e+02   1.0000000e+00
   1.4464542e+02   7.5291424e+01   1.0000000e+00
  -3.9526293e+02  -6.4646371e+01   2.0000000e+00
   3.3774463e+02   1.3914354e+02   2.0000000e+00
  -3.8911910e+02  -1.8150145e+02   1.0000000e+00
  -4.7639202e+01   1.3338252e+02   1.0000000e+00
  -3.9290819e+02  -2.8935874e+02   1.0000000e+00
   4.0830849e+02   3.4597943e+02   2.0000000e+00
   3.3562576e+02  -5.1807639e+01   1.0000000e+00
  -1.1525739e+02   1.0490650e+02   1.0000000e+00
   7.7949546e+01  -1.1930166e+02   1.0000000e+00
   1.7008342e+02   2.2449163e+02   2.0000000e+00
  -2.4671642e+02  -1.4145213e+01   1.0000000e+00
   1.3985517e+02   3.5341034e+02   1.0000000e+00
   2.4547502e+02   3.4586843e+02   1.0000000e+00
   3.0324293e+02  -9.3336830e+00   1.0000000e+00
  -3.3630876e+01  -7.7206016e+01   1.0000000e+00
   3.5190052e+02  -5.7881843e+01   1.0000000e+00
  -2.7068433e+02  -1.8948108e+02   1.0000000e+00
   3.9021848e+02   3.4916181e+02   2.0000000e+00
  -9.8571949e+01  -8.7818935e+01   1.0000000e+00
  -2.0204135e+02   2.4964144e+02   1.0000000e+00
   1.5341397e+02   2.4779110e+02   2.0000000e+00
  -1.3250983e+02   3.7280214e+02   1.0000000e+00
   3.4597377e+02   3.8173775e+02   2.0000000e+00
   1.3847230e+02  -2.5520095e+02   1.0000000e+00
   6.0311332e+01   2.9685974e+02   1.0000000e+00
  -2.7781352e+00  -7.6607035e+01   1.0000000e+00
   1.5110211e+02  -8.3158222e+01   1.0000000e+00
  -3.7933901e+02  -3.3996394e+02   1.0000000e+00
   4.7198882e+01  -3.2081824e+02   1.0000000e+00
  -1.6452342e+02   5.9670986e+01   1.0000000e+00
  -3.4175366e+02  -1.2867605e+02   1.0000000e+00
  -6.6767234e+00   7.5151402e+00   1.0000000e+00
  -3.6608869e+02   1.4899179e+02   1.0000000e+00
  -3.6604288e+02  -3.2294474e+02   1.0000000e+00
  -2.2602565e+02   1.4099315e+02   1.0000000e+00
  -4.1084976e+02   2.1149634e+02   1.0000000e+00
  -2.0619475e+01  -4.2639684e+02   2.0000000e+00
  -1.1686998e+02   1.0556670e+02   1.0000000e+00
  -3.1249719e+02   1.8893411e+02   1.0000000e+00
   4.1763795e+02   3.5684600e+02   2.0000000e+00
   3.6400212e+02   3.6032633e+02   2.0000000e+00
   2.3614775e+02   2.3179805e+02   1.0000000e+00
  -1.2547194e+01  -1.3684169e+02   1.0000000e+00
  -1.0219720e+02  -3.9805678e+02   1.0000000e+00
   1.8445210e+02   1.9344499e+02   1.0000000e+00
  -1.9657861e+02   5.6534720e+01   2.0000000e+00
  -1.0944174e+01  -7.3722357e+01   1.0000000e+00
   2.3666700e+02  -4.3677740e+01   1.0000000e+00
   4.0321479e+02   2.5735688e+02   2.0000000e+00
   3.8911790e-01  -2.8278212e+02   1.0000000e+00
   1.3411284e+02   1.5587743e+02   1.0000000e+00
   5.5083622e+01  -2.2488287e+02   1.0000000e+00
  -3.4715295e+02   3.9616187e+02   2.0000000e+00
   1.3191291e+02   7.6372968e+01   1.0000000e+00
  -1.3066160e+02  -3.6634239e+02   1.0000000e+00
  -2.1823679e+02  -1.2506344e+02   1.0000000e+00
   1.3724576e+02   2.4909174e+02   2.0000000e+00
  -1.1670822e+02   5.1383547e+01   1.0000000e+00
   1.4285126e+02  -3.1118904e+02   1.0000000e+00
  -2.1435317e+02   3.2618508e+02   2.0000000e+00
  -5.7833092e+01  -3.4901942e+02   1.0000000e+00
  -2.8990641e+02   2.7070834e+02   1.0000000e+00
  -1.9157917e+02  -2.7146357e+02   1.0000000e+00
  -1.4199922e+02  -7.6240703e+01   1.0000000e+00
   3.6799112e+00   1.1066409e+02   1.0000000e+00
  -8.4423214e+01  -1.9350086e+02   1.0000000e+00
   3.5237473e+02   1.5969896e+02   2.0000000e+00
  -1.3009022e+02   3.6581629e+02   1.0000000e+00
   2.6472370e+02  -3.5118030e+02   1.0000000e+00
  -2.2816553e+02  -1.1127671e+00   2.0000000e+00
  -2.7919154e+02   2.7149333e+02   1.0000000e+00
   3.7458436e+02  -1.3473145e+02   2.0000000e+00
  -1.6329785e+01  -2.6011667e+02   1.0000000e+00
   1.0854844e+02   1.9426389e+02   1.0000000e+00
  -7.6777439e+01  -2.5566135e+02   2.0000000e+00
  -5.3008361e+01  -2.5277492e+02   1.0000000e+00
  -4.3273530e+01   2.4939722e+02   1.0000000e+00
  -3.2444502e+02  -1.1359961e+02   1.0000000e+00
   1.8617838e+02  -1.4988597e+02   1.0000000e+00
   3.7271577e+02  -2.4669039e+02   1.0000000e+00
   3.5841581e+02   1.6078366e+02   2.0000000e+00
  -4.0522118e+01  -2.3264171e+02   1.0000000e+00
   4.0188273e+02   4.3990765e+01   1.0000000e+00
   2.3394420e+02   4.0922658e+02   1.0000000e+00
   3.4159729e+02  -1.1381742e+02   2.0000000e+00
   3.7541064e+02  -9.1008141e+01   2.0000000e+00
  -1.0311104e+02  -2.1007141e+02   2.0000000e+00
  -1.9246623e+02   5.3994615e+01   1.0000000e+00
   4.6323821e+01   3.1100056e+02   1.0000000e+00
  -1.8268320e+02   3.5371987e+02   2.0000000e+00
   3.0135909e+02   4.2092953e+02   2.0000000e+00
  -1.7667079e+02   3.1183317e+02   1.0000000e+00
   2.5887731e+02  -3.2068786e+02   1.0000000e+00
  -1.9099021e+02  -2.9141686e+02   1.0000000e+00
   2.5410997e+02  -1.4412078e+02   1.0000000e+00
   1.7260755e+02   1.0673303e+02   1.0000000e+00
   1.0174094e+02   2.6939955e+02   1.0000000e+00
  -3.2841456e+01   3.9051367e+02   2.0000000e+00
  -2.9305164e+02  -1.5147070e+02   1.0000000e+00
  -7.1744374e+01   1.6519440e+02   1.0000000e+00
   1.1355045e+02  -2.7195789e+02   1.0000000e+00
  -6.9594559e+01  -2.5902548e+02   2.0000000e+00
   1.9724321e+02  -2.8181463e+02   1.0000000e+00
  -3.8332096e+02  -8.5590470e+01   1.0000000e+00
  -6.9525047e+01  -2.3779585e+02   2.0000000e+00
  -1.7381897e+01  -1.9473290e+02   1.0000000e+00
  -3.7599094e+02  -4.2239782e+02   2.0000000e+00
   3.0872964e+02  -4.6433096e+01   1.0000000e+00
  -8.1074391e+00  -1.7185202e+02   1.0000000e+00
   2.6737798e+02  -3.4702126e+01   1.0000000e+00
   2.8793876e+02   2.3880130e+02   1.0000000e+00
  -9.6765835e+00   1.6729044e+02   1.0000000e+00
  -3.4869730e+02  -2.2816081e+02   1.0000000e+00
  -7.2115677e+01   9.7590774e+01   1.0000000e+00
   2.1965874e+02   2.6790616e+02   1.0000000e+00
   9.5863801e+01   3.3331003e+02   1.0000000e+00
  -3.6340909e+02   3.0525596e+02   1.3000000e+00
  -2.6039243e+02   2.3193994e+02   1.0000000e+00
   9.2921422e+01   1.3882707e+02   1.0000000e+00
  -1.6077182e+02  -1.6355923e+02   1.0000000e+00
  -1.3319854e+02  -1.6144516e+02   1.0000000e+00
   3.1142498e+02   1.5781870e+02   1.0000000e+00
   1.8773454e+02  -1.5072199e+01   1.0000000e+00
  -2.8539872e+02   3.2448572e+02   2.0000000e+00
   3.3472764e+02  -3.0281411e+02   1.0000000e+00
  -1.7303153e+02   3.6367474e+02   2.0000000e+00
  -2.9659014e+02   1.4508567e+01   1.0000000e+00
   1.6544027e+02  -1.4887205e+02   1.0000000e+00
   5.4475203e+01  -4.3181233e+01   1.0000000e+00
  -3.4475055e+02   2.3164200e+02   1.0000000e+00
  -7.6980848e+01   2.6770770e+01   1.0000000e+00
   1.8228678e+02   2.9855153e+02   2.0000000e+00
  -3.2879073e+02  -1.9640859e+02   1.0000000e+00
  -1.9880555e+00  -3.3746355e+02   1.0000000e+00
  -4.3028876e+02   3.8775374e+02   2.0000000e+00
   2.1431199e+02   1.9491444e+02   1.0000000e+00
   3.5618641e+02  -2.8949803e+02   1.0000000e+00
  -1.2269270e+02   2.5753998e+02   1.0000000e+00
   2.2565680e+02  -1.2887127e+02   2.0000000e+00
  -1.6838932e+02   2.1520859e+02   1.0000000e+00
  -4.0459549e+02  -1.3195469e+02   1.0000000e+00
   1.2926048e+02  -1.9639670e+02   1.0000000e+00
  -1.3629229e+02   7.5025420e+01   1.0000000e+00
  -1.1987251e+02   3.9420690e+02   1.0000000e+00
  -8.5865295e+01   9.8732730e+01   2.0000000e+00
   2.1986266e-01   3.8597635e+02   1.0000000e+00
   1.3891611e+02   8.0656408e+01   1.0000000e+00
   1.0853494e+02   6.3785055e+01   1.0000000e+00
  -1.0260773e+02  -1.2601341e+02   2.0000000e+00
  -8.8727081e+01  -9.5513943e+01   1.0000000e+00
   4.0528513e+02  -1.8422682e+02   2.0000000e+00
   1.5519763e+02  -3.1564517e+02   1.0000000e+00
  -3.6969099e+02  -1.7230149e+02   1.0000000e+00
   8.8064652e+01  -1.8319493e+02   1.0000000e+00
   9.6129526e+01   3.3416737e+02   1.0000000e+00
  -7.1245960e+01  -1.8557250e+01   2.0000000e+00
   1.2003007e+02   3.2028066e+02   1.0000000e+00
   1.2424147e+02  -1.0554035e+02   1.0000000e+00
  -3.5663740e+02  -1.5511308e+02   1.0000000e+00
   1.0873854e+02   7.7614450e+01   1.0000000e+00
  -1.7852758e+02  -2.1795807e+02   1.0000000e+00
  -5.6551888e+01   1.8982415e+02   1.0000000e+00
   2.0450334e+01   1.5141966e+02   1.0000000e+00
  -2.2087790e+02   2.7435595e+02   2.0000000e+00
   9.8405686e+01  -3.8847281e+02   2.0000000e+00
  -3.5690628e+02   3.3515252e+02   2.0000000e+00
  -1.9976359e+02   2.5585474e+02   1.0000000e+00
   3.6105834e+02  -4.1265287e+02   1.0000000e+00
   3.2684383e+02  -6.5609320e+01   2.0000000e+00
  -5.4375112e+01  -1.8007354e+02   1.0000000e+00
   1.8311429e+02   2.0426275e+02   1.0000000e+00
   3.7341448e+01  -3.2118819e+02   1.0000000e+00
   1.2621174e+02  -3.3901317e+02   1.0000000e+00
  -4.0075536e+02  -1.4078700e+02   1.0000000e+00
   5.0073706e+01   2.6981016e+02   1.8000000e+00
   4.2590432e+02  -2.0876941e+01   2.0000000e+00
   5.0560822e+01  -5.8616116e+01   1.0000000e+00
  -1.2892729e+02  -4.4882434e+00   1.0000000e+00
  -4.1536631e+02   2.8931345e+01   2.0000000e+00
  -3.4488015e+02   2.9261228e+02   2.0000000e+00
  -3.1468956e+02  -4.2231943e+02   2.0000000e+00
   1.4467653e+02  -1.0285836e+02   1.0000000e+00
  -3.9519963e+00   5.9414608e+01   1.0000000e+00
  -1.2748712e+02   2.1745512e+02   1.0000000e+00
  -2.6707412e+02  -3.9564863e+02   1.0000000e+00
  -3.7732364e+02   3.2213666e+02   2.0000000e+00
   3.7846300e+02   1.3277878e+02   2.0000000e+00
   4.1438282e+02  -2.3295562e+00   2.0000000e+00
  -1.0918970e+02  -2.5094803e+02   2.0000000e+00
  -3.1204950e+02  -2.0410008e+02   1.0000000e+00
   2.1021150e+02  -3.6984937e+02   1.0000000e+00
  -1.9168994e+01  -3.5219305e+02   1.0000000e+00
   2.4877903e+02  -2.9046320e+02   1.0000000e+00
  -2.5902533e+02   2.8001553e+02   1.0000000e+00
   2.2499455e+01   2.9791244e+02   1.0000000e+00
   8.1964612e+01   2.2294814e+02   1.0000000e+00
   1.8164640e+02  -2.8688773e+02   1.0000000e+00
  -2.7783808e+02   4.0170080e+02   2.0000000e+00
   2.9318576e+02  -1.4022907e+02   1.0000000e+00
   1.3527371e+02   3.2551943e+01   1.0000000e+00
  -1.6252279e+01   4.1301215e+02   2.0000000e+00
   3.9393687e+02  -1.7997141e+02   2.0000000e+00
  -9.3499344e+01   3.5704945e+02   1.0000000e+00
  -5.5669072e+01  -2.6662423e+02   1.0000000e+00
   2.6805450e+02   2.8637620e+02   1.0000000e+00
   2.0260633e+02  -3.1190374e+02   1.0000000e+00
   2.5813258e+02  -6.8412719e+01   1.0000000e+00
   1.4362752e+02   4.8117330e+00   1.0000000e+00
  -2.2851538e+02   2.4144375e+02   1.0000000e+00
  -1.8692907e+02  -6.2756743e+01   1.0000000e+00
   2.8670639e+02  -3.8102102e+02   2.0000000e+00
   3.4647273e+02   2.8249342e+02   1.0000000e+00
  -3.6922006e+02  -3.6192588e+02   1.0000000e+00
  -1.4108685e+02   1.0244738e+02   1.0000000e+00
  -5.8736619e+01   7.9675722e+01   1.0000000e+00
   2.9309390e+02  -2.8701895e+02   1.0000000e+00
   2.7743054e+02   3.0664909e+02   1.0000000e+00
  -3.6585247e+02  -2.7504862e+02   1.0000000e+00
  -7.1661542e+01  -1.4994407e+02   1.0000000e+00
  -3.2579373e+02  -1.4060612e+02   1.0000000e+00
  -1.9106507e+02   1.9106240e+01   1.0000000e+00
   3.2575685e+02  -8.5660092e+01   2.0000000e+00
  -3.2895682e+02  -2.4956004e+02   1.0000000e+00
   2.2267773e+02  -3.5088886e+02   1.0000000e+00
  -9.6475791e+01  -7.4301748e+01   1.0000000e+00
  -3.4158952e+02  -3.0789325e+02   1.0000000e+00
   3.2585129e+02   1.5374748e+02   1.0000000e+00
   6.0841569e+01  -1.9163919e+02   1.0000000e+00
   2.2905213e+02  -2.1623157e+02   1.0000000e+00
   1.9993206e+02   7.5893792e+01   1.0000000e+00
  -2.7825719e+01   2.4407844e+02   1.0000000e+00
  -4.9719894e+01   1.5611764e+02   1.0000000e+00
   2.8402303e+02  -1.2209812e+01   1.0000000e+00
  -3.5623124e+02  -3.1644823e+02   1.0000000e+00
   2.7770930e+02  -1.7894721e+01   1.0000000e+00
   2.9079293e+02  -3.1316059e+02   1.0000000e+00
   3.0271582e+02   4.2229796e+02   2.0000000e+00
   2.8330794e+02   4.0468719e+02   2.0000000e+00
  -1.3336468e+02  -1.7667880e+02   1.0000000e+00
  -5.8854037e+01   6.4338511e+01   2.0000000e+00
  -3.1887987e+02   2.3631688e+02   1.0000000e+00
   6.1797225e+01  -2.0724581e+02   1.0000000e+00
  -1.3821423e+02  -3.0482307e+02   1.0000000e+00
  -3.3086575e+02   3.8915408e+02   2.0000000e+00
   1.5419755e+02   1.9472708e+02   1.0000000e+00
   1.1250833e+02   1.2973625e+02   1.0000000e+00
  -2.6445637e+02   1.7645700e+02   1.0000000e+00
   3.2849941e+02   2.4308787e+02   1.0000000e+00
   2.3857652e+02  -2.0395119e+02   1.0000000e+00
  -2.3041327e+02   2.8294532e+02   1.0000000e+00
  -2.8586410e+02   1.1223263e+02   1.0000000e+00
  -2.6563710e+02  -1.9872157e+02   1.0000000e+00
   4.0481972e+02   5.8934271e+00   2.0000000e+00
   1.1468317e+02  -3.7243610e+02   1.0000000e+00
   1.3554398e+02   1.2558010e+02   1.0000000e+00
   1.0693328e+02   3.0862184e+02   1.0000000e+00
   1.4729819e+02  -6.3753402e+01   1.0000000e+00
  -2.1421559e+01   2.4748802e+02   1.0000000e+00
   2.3295905e+02  -2.4104093e+02   1.0000000e+00
   2.8886211e+02   3.2184885e+01   1.0000000e+00
   3.5618145e+02  -3.6736395e+02   1.0000000e+00
   3.5703989e+02  -3.1047184e+02   1.0000000e+00
   6.5442680e+01   1.3051115e+00   1.0000000e+00
   3.8570100e+02   1.4543252e+02   2.0000000e+00
  -1.2539585e+02  -5.9553816e+01   1.0000000e+00
  -2.5983947e+02   2.0568267e+02   1.0000000e+00
   1.0940164e+02  -1.6616983e+02   1.0000000e+00
  -4.0283910e+02   3.3156607e+02   2.0000000e+00
  -1.0823727e+02   2.1096151e+02   1.0000000e+00
   3.8284115e+02  -2.2245153e+02   2.0000000e+00
   9.8781649e+01  -1.8596615e+02   1.0000000e+00
   7.1330953e+01  -3.2362701e+02   1.0000000e+00
  -3.2464435e+02  -6.6273388e+01   1.0000000e+00
   1.8835796e+02   7.6192409e+01   1.0000000e+00
  -2.7488376e+02  -4.2970246e+02   2.0000000e+00
   3.6800122e+02   3.9227664e+02   2.0000000e+00
  -1.7080990e+02   2.2111461e+02   1.0000000e+00
  -7.1435919e+01   3.8795299e+01   1.0000000e+00
  -3.6903391e+02   4.0234330e+02   2.0000000e+00
  -1.8936898e+02   2.4036447e+02   1.0000000e+00
  -2.9955144e+02   1.3549925e+02   1.0000000e+00
   8.9226463e+01  -2.4427993e+02   1.0000000e+00
   1.0601072e+02   2.0063940e+02   1.0000000e+00
   1.6780510e+02  -2.2134948e+02   1.0000000e+00
   3.6258284e+02   1.1688771e+02   2.0000000e+00
  -2.0515161e+02   3.8097920e+02   2.0000000e+00
   2.7522537e+02  -1.4354531e+02   1.0000000e+00
   3.4665641e+02   8.5755709e+01   2.0000000e+00
   1.9781389e+02  -3.2426501e+01   1.0000000e+00
   2.0624643e+02  -1.0682501e+02   1.0000000e+00
  -4.0104253e+02   4.2483825e+02   2.0000000e+00
   2.9450571e+02   1.9199523e+02   1.0000000e+00
  -6.5656857e+01   1.6122426e+02   1.0000000e+00
  -1.7895120e+02  -2.3208896e+01   1.0000000e+00
   1.0646330e+02  -5.0287904e+01   1.0000000e+00
   2.7044535e+02   9.1998315e+01   1.0000000e+00
   1.6177358e+02  -1.5106737e+02   1.0000000e+00
  -1.6591705e+02   2.1194243e+01   1.0000000e+00
   3.9493749e+02  -2.4807986e+02   1.0000000e+00
   5.5519461e+01  -4.0912070e+02   2.0000000e+00
   3.1751002e+02   1.3753630e+02   2.0000000e+00
  -3.8243641e+01   3.0721842e+02   1.0000000e+00
   8.6783016e+01  -8.5153599e+01   1.0000000e+00
  -3.7307462e+02  -1.6657555e+02   1.0000000e+00
  -2.7325884e+02   2.8006434e+02   1.0000000e+00
   1.2478122e+02  -5.5310087e+01   1.0000000e+00
  -3.1840159e+01   1.1922940e+02   1.0000000e+00
  -1.8560994e+01  -2.4521770e+01   1.0000000e+00
   4.2627045e+01   2.8244814e+02   1.0000000e+00
  -1.9490665e+02  -1.7610442e+02   1.0000000e+00
   1.2019984e+02   6.8522002e+01   1.0000000e+00
  -1.0467260e+02   1.0477326e+02   1.0000000e+00
  -7.2540477e+01   1.8871680e+01   1.0000000e+00
   2.9042816e+02  -2.0937401e+02   1.0000000e+00
  -2.1393755e+02   6.5142630e+01   1.0000000e+00
  -1.5801107e+02   1.3796711e+02   1.0000000e+00
  -4.0834294e+02  -1.3524123e+02   1.0000000e+00
  -4.1461012e+02  -4.2921449e+02   2.0000000e+00
   2.6841821e+02  -2.3068251e+00   1.0000000e+00
   1.1259252e+02  -2.6919481e+02   1.0000000e+00
   4.0514653e+02  -1.6171823e+02   2.0000000e+00
  -2.5567837e+02   2.7674182e+02   1.0000000e+00
   2.9039178e+02   3.1100167e+02   1.0000000e+00
   1.8652103e+02  -2.3964417e+02   1.0000000e+00
   7.8235438e+01   1.0965397e+02   1.0000000e+00
   2.9029033e+02  -3.1547515e+02   1.0000000e+00
  -1.1221023e+02   1.9133451e+02   1.0000000e+00
  -4.0542642e+02   1.1611636e+02   1.0000000e+00
  -1.2467766e+02   3.9317998e+02   1.0000000e+00
   8.1417883e+01   1.8507757e+02   1.0000000e+00
   2.2841572e+02   1.1222018e+02   1.0000000e+00
  -1.7296719e+02  -3.7245858e+01   1.0000000e+00
   1.3916890e+02   1.4295560e+02   1.0000000e+00
  -2.3410437e+02   6.2665155e+01   1.0000000e+00
   2.8976763e+02   2.2871495e+02   1.0000000e+00
  -8.5029096e+01  -4.1690850e+01   1.0000000e+00
  -2.7996232e+02   2.7813423e+02   1.0000000e+00
  -1.9987371e+02  -5.8586535e+01   1.0000000e+00
  -4.0379507e+02  -3.5398962e+02   2.0000000e+00
  -2.1444768e+02  -2.0930379e+02   1.0000000e+00
  -3.9788143e+02  -3.1967618e+02   1.0000000e+00
  -5.8549641e+01   2.6422001e+02   1.0000000e+00
  -5.7763531e+01   4.1256898e+02   1.0000000e+00
   2.0336395e+02  -3.4434545e+02   1.0000000e+00
  -3.2115150e+02  -2.3656633e+02   1.0000000e+00
  -3.4194188e+01   8.0444853e+01   1.0000000e+00
  -3.0615030e+02   2.8040271e+02   1.1000000e+00
  -3.8216013e+02  -3.7745565e+02   2.0000000e+00
   3.7600560e+02  -1.7341809e+02   2.0000000e+00
   2.3246278e+02   1.1839514e+02   1.0000000e+00
   3.3941985e+02   3.9055479e+02   2.0000000e+00
   1.9922065e+02  -7.9038203e+01   1.0000000e+00
   1.9969935e+02   2.0459533e+02   1.0000000e+00
  -2.9808731e+02   2.1184691e+01   1.0000000e+00
  -4.1545377e+02  -3.6650280e+02   2.0000000e+00
   2.0420980e+02  -1.0454390e+02   1.0000000e+00
  -1.3725063e+02   3.3954806e+02   1.0000000e+00
   2.2986404e+02  -3.7822661e+02   1.0000000e+00
   1.3025839e+01  -1.8298134e+02   1.0000000e+00
   2.8303786e+02  -5.4760956e+01   1.0000000e+00
  -2.0705924e+02   2.5518653e+02   1.0000000e+00
   4.0453914e+02  -3.9821211e+02   1.0000000e+00
  -3.8471725e+02   3.6350542e+02   2.0000000e+00
   3.6408821e+01   2.0231447e+02   1.0000000e+00
   2.6904894e+02   8.1446807e+01   1.0000000e+00
   3.6450385e+01   2.6721583e+02   2.0000000e+00
   3.4838592e+02   2.7792516e+02   1.0000000e+00
  -4.5088069e+01  -2.1763193e+02   1.0000000e+00
   4.0641467e+02  -1.8066028e+02   2.0000000e+00
   1.7328903e+02  -3.3604926e+02   1.0000000e+00
  -1.0228566e+02   1.7839927e+02   1.0000000e+00
   2.7271405e+02  -3.2463714e+02   1.0000000e+00
   3.3884604e+02   5.4169985e+01   1.0000000e+00
   2.8967856e+02  -4.0534140e+02   2.0000000e+00
  -4.1512119e+02  -3.5534059e+01   2.0000000e+00
  -1.4229067e+02   1.7744920e+02   1.0000000e+00
  -1.8329041e+02   3.0151356e+02   2.0000000e+00
   2.3256222e+02  -3.5849301e+02   1.0000000e+00
   3.9771250e+02  -2.6847183e+02   1.0000000e+00
  -2.3597457e+02   7.0358175e+01   1.0000000e+00
   2.4112157e+02  -3.4421585e+02   1.0000000e+00
  -3.9290219e+02   4.0330220e+02   2.0000000e+00
   2.6167403e+02   3.5006644e+02   1.0000000e+00
  -1.5474352e+02  -7.7278686e+01   1.0000000e+00
  -1.3357982e+02  -2.3911597e+02   1.0000000e+00
  -3.9393076e+02   3.1498724e+02   1.0000000e+00
  -2.5076159e+02   4.0105666e+02   2.0000000e+00
  -2.5384585e+02  -2.7469863e+02   1.0000000e+00
  -6.7800481e+01  -9.2931126e+01   1.0000000e+00
  -3.2202292e+02   2.3925916e+02   1.0000000e+00
  -2.2542645e+02   2.4985253e+02   1.0000000e+00
  -3.7696700e+02  -1.8749111e+02   1.0000000e+00
  -9.2638551e+01  -3.4250617e+02   1.0000000e+00
   1.3312488e+02   4.0504832e+02   1.0000000e+00
   3.6386001e+02   1.8848275e+02   2.0000000e+00
   2.0850537e+02  -1.9402246e+02   1.0000000e+00
   2.3202158e+02  -1.6417583e+02   1.0000000e+00
  -6.8766331e+01  -1.5273184e+02   1.0000000e+00
  -2.9161687e+02  -3.5413976e+02   1.0000000e+00
   9.6153211e+01  -7.6033153e+01   1.0000000e+00
  -3.1462209e+02   9.7758309e+01   1.0000000e+00
  -3.5436190e+02  -9.0889477e+01   1.0000000e+00
  -3.9710213e+02   4.0163983e+02   2.0000000e+00
  -3.8189906e+02   1.2077072e+02   1.0000000e+00
   4.2831136e+02   3.4779704e+02   2.0000000e+00
   3.0407521e+02   3.2291912e+02   1.0000000e+00
  -1.7886068e+02   2.2878833e+02   1.0000000e+00
  -4.0049812e+02   2.3444171e+02   1.0000000e+00
  -1.5730919e+02   1.7876129e+02   1.0000000e+00
   3.0321853e+02  -2.9378953e+01   1.0000000e+00
  -1.1924465e+02   3.2425765e+02   1.0000000e+00
  -1.9824085e+02  -1.7861045e+02   1.0000000e+00
  -2.4454888e+02   4.6703340e+01   1.0000000e+00
   3.4906090e+02  -4.0383597e+02   1.0000000e+00
  -2.3723221e+02   1.8605980e+02   1.0000000e+00
  -3.6152470e+02  -1.8027468e+01   1.0000000e+00
   3.4118591e+02   3.7192226e+02   2.0000000e+00
   2.8924571e+02   2.0415389e+01   1.0000000e+00
   2.0440632e+02  -3.3489777e+02   1.0000000e+00
  -3.5623635e+02  -2.9987237e+02   1.0000000e+00
   3.1355578e+02   3.1382625e+02   1.0000000e+00
   3.7754318e+02  -1.6362437e+02   2.0000000e+00
   6.3327269e+01  -1.0245063e+01   1.0000000e+00
  -1.4647102e+02  -1.4188625e+02   1.0000000e+00
   2.3728929e+02   9.2356769e+01   1.0000000e+00
   1.2950950e+02   4.0474984e+02   2.0000000e+00
  -8.6123586e+01   1.2573723e+02   1.0000000e+00
  -1.1853777e+02  -3.6645037e+02   1.0000000e+00
   1.3757718e+02   3.8860234e+02   1.0000000e+00
  -2.2411019e+02   4.1127352e+02   2.0000000e+00
   2.1827018e+02  -1.0118185e+02   1.0000000e+00
  -1.3164353e+01   2.3297699e+02   1.0000000e+00
  -2.1615332e+02  -1.7916696e+02   1.0000000e+00
   5.3284369e+01   2.9935466e+02   1.0000000e+00
  -1.3193599e+02   1.1677879e+02   1.0000000e+00
  -9.4485463e+01  -2.7019924e+02   1.0000000e+00
  -1.5115299e+02  -2.4997120e+02   1.0000000e+00
   1.2132809e+02   3.0794910e+02   1.0000000e+00
   2.7549536e+02  -3.9860192e+02   2.0000000e+00
   2.7098118e+02   1.4445126e+02   1.0000000e+00
   1.1058914e+02   6.9328201e+01   1.0000000e+00
  -9.3769439e+01   1.8475391e+02   1.0000000e+00
   2.8546645e+02   4.1932270e+02   2.0000000e+00
   3.9332387e+02   2.7302047e+02   2.0000000e+00
   2.0794375e+02  -3.4749360e+02   1.0000000e+00
   2.2278174e+02   2.4868222e+02   1.0000000e+00
  -3.7680571e+02  -1.5767424e+02   1.0000000e+00
   2.1191174e+01  -4.5009103e+01   1.0000000e+00
   4.2571667e+02   3.3463612e+02   2.0000000e+00
  -1.6677805e+02   3.7240007e+01   1.0000000e+00
   7.4856107e+01  -1.2420534e+00   1.0000000e+00
   1.3543157e+02  -1.9622647e+02   1.0000000e+00
   1.2093140e+02  -4.0685477e+02   2.0000000e+00
   1.6542196e+02   2.9029412e+02   1.0000000e+00
  -2.1026957e+02   1.0435202e+02   1.0000000e+00
   2.4823602e+02   2.8936469e+02   1.0000000e+00
  -1.8044604e+02  -1.6610012e+02   1.0000000e+00
   3.8877445e+02  -3.1926244e+02   1.0000000e+00
  -2.0973600e+02  -2.1925299e+02   1.0000000e+00
   1.4125335e+02   9.5958900e+01   1.0000000e+00
   3.9482688e+02  -2.4301460e+02   1.0000000e+00
  -3.0712973e+02  -2.5163539e+01   1.0000000e+00
  -1.6929489e+02  -5.3346368e+01   1.0000000e+00
  -3.4694835e+02  -3.0613058e+02   1.0000000e+00
   3.7608288e+02   3.5850770e+01   1.0000000e+00
  -1.4429345e+02  -2.4133551e+02   1.0000000e+00
   1.8367231e+02  -2.7675885e+02   1.0000000e+00
  -4.0462003e+02   7.3048462e+01   1.0000000e+00
  -3.4361991e+02   6.6825945e+01   1.0000000e+00
   9.9151417e+01   4.0025305e+02   2.0000000e+00
  -3.6802196e+02  -3.0411378e+02   1.0000000e+00
  -3.8695722e+02   2.0851740e+02   1.0000000e+00
   1.4014613e+02  -1.1572107e+01   1.0000000e+00
  -2.0035372e+01   3.5468813e+02   1.0000000e+00
  -8.7442167e+01  -5.4601925e+01   1.0000000e+00
   2.7102686e+02   1.2722900e+01   1.0000000e+00
  -1.2181723e+02  -2.6331314e+01   1.0000000e+00
  -4.0975571e+01   2.3759059e+01   1.0000000e+00
   6.7640334e+01   9.9856832e+01   1.0000000e+00
   6.4865466e+01   1.3947381e+02   1.0000000e+00
  -3.9157060e+02   9.4128505e+01   1.0000000e+00
   7.4618769e+01  -3.4784239e+02   2.0000000e+00
  -3.0734479e+01   2.4542269e+02   1.0000000e+00
  -7.9973202e+01   2.4422730e+02   1.0000000e+00
  -2.0861548e+02   4.1378753e+02   2.0000000e+00
  -3.7162149e+02   6.5482233e+01   1.0000000e+00
   4.1111715e+02  -1.0866474e+02   2.0000000e+00
  -3.9961308e+01   2.4361609e+02   1.0000000e+00
   6.4211851e+01   2.2566799e+02   1.0000000e+00
  -3.0130925e+01  -5.8104494e+01   1.0000000e+00
   3.6161027e+02  -1.1935863e+02   2.0000000e+00
  -1.1179711e+02  -7.3390881e+01   1.0000000e+00
   3.1010944e+02   3.1706257e+02   1.0000000e+00
  -1.9736539e+02   8.8113621e+01   1.0000000e+00
  -1.8556777e+01  -2.1335903e+02   1.0000000e+00
  -1.2255076e+02  -3.1096793e+02   1.0000000e+00
   1.7117902e+02   3.4209430e+02   1.0000000e+00
  -9.9311991e+01   5.0455305e+00   1.0000000e+00
  -2.6646663e+02  -3.8857048e+01   1.0000000e+00
   4.8770659e+00  -1.9175834e+02   1.0000000e+00
   2.6441384e+02  -2.6092154e+02   2.0000000e+00
   5.9173638e+01   1.7592734e+02   1.0000000e+00
  -3.8934877e+02   1.9989744e+02   1.0000000e+00
  -1.6097431e+02  -4.0045771e+02   2.0000000e+00
   1.2955259e+02  -3.0162019e+02   1.0000000e+00
  -3.2015439e+02  -3.9344674e+02   1.0000000e+00
   3.3687459e+02   1.5931999e+02   1.0000000e+00
   3.4314956e+02   1.0787661e+02   2.0000000e+00
  -1.6515784e+02   2.4144366e+02   1.0000000e+00
  -3.9752244e+01  -3.4665618e+02   2.0000000e+00
  -3.8575258e+02   4.0291127e+02   2.0000000e+00
   3.5582639e+02   1.5580497e+02   2.0000000e+00
  -4.6507885e+01   2.6611353e+02   1.0000000e+00
  -6.3414714e+01  -1.0166234e+02   1.0000000e+00
  -8.8835440e+01  -1.8452747e+02   1.0000000e+00
   3.4690440e+02  -3.8736698e+02   1.0000000e+00
   2.3819188e+02   3.5550134e+02   1.0000000e+00
   9.5795272e+01   1.0319487e+02   1.0000000e+00
   2.5368449e+02   3.8956279e+02   1.0000000e+00
   2.4049346e+02   6.7983277e+00   1.0000000e+00
   2.7457674e+02   1.7095795e+02   1.0000000e+00
   4.1850172e+01  -1.3034416e+02   1.0000000e+00
   4.0305956e+02   2.1692118e+01   1.0000000e+00
   7.2061211e+01  -3.8068080e+02   2.0000000e+00
  -2.2259261e+02  -3.0970406e+02   1.0000000e+00
  -2.8283909e+02  -3.4164693e+01   1.0000000e+00
  -2.3168191e+01  -2.9935011e+02   1.0000000e+00
   4.0352414e+02  -1.6694985e+02   2.0000000e+00
  -2.2314304e+02   1.6760248e+02   1.0000000e+00
  -8.4825560e+01  -8.8606345e+01   1.0000000e+00
   2.3481468e+02   1.4964919e+02   1.0000000e+00
  -2.0914563e+01   8.7931585e+01   1.0000000e+00
  -7.9975168e+01   3.3488975e+02   1.0000000e+00
   1.5421587e+02  -2.4554924e+02   1.0000000e+00
   1.1474789e+02  -2.4224032e+02   1.0000000e+00
  -1.6635563e+02  -2.3222092e+02   1.0000000e+00
  -2.9049183e+02  -3.6774842e+02   1.0000000e+00
  -1.8157570e+02   2.5438915e+02   2.0000000e+00
  -8.5916917e-01   1.3695967e+02   1.0000000e+00
  -2.6827246e+01  -3.7626754e+02   1.0000000e+00
   1.8645147e+02   3.7364638e+02   1.0000000e+00
   2.2340794e+02   2.7065947e+02   1.0000000e+00
   3.9485623e+02  -7.6002296e+01   1.0000000e+00
   6.7498274e+01   1.2664237e+02   1.0000000e+00
  -1.8123981e+02  -4.2083828e+02   2.0000000e+00
  -3.4651687e+02  -2.4368992e+02   1.0000000e+00
  -1.6494712e+02   1.0406432e+02   1.0000000e+00
  -5.5334355e+01  -3.7454370e+02   1.0000000e+00
  -3.2439029e+02   6.6112745e+01   1.0000000e+00
   5.6544369e+01   2.9502928e+02   1.0000000e+00
   2.4558951e+02  -2.0137285e+02   1.0000000e+00
  -8.8313812e+01   2.4306334e+02   1.0000000e+00
   3.8057910e+02  -1.6595939e+02   2.0000000e+00
   2.3921178e+01   2.5546193e+02   1.0000000e+00
   3.5448733e+02  -4.8531796e+01   2.0000000e+00
  -1.1571983e+01  -2.9327676e+02   1.0000000e+00
   3.0750373e+02  -1.5830721e+02   1.0000000e+00
  -2.1868213e+02   1.1113372e+02   1.0000000e+00
  -2.6776743e+02  -1.4428996e+02   1.0000000e+00
  -2.6620477e+02   3.7682782e+02   2.0000000e+00
  -1.9361114e+02  -1.5761691e+02   1.0000000e+00
  -2.2474138e+02   4.1160511e+02   2.0000000e+00
   1.6463243e+02  -2.2315609e+02   1.0000000e+00
  -1.2473523e+02   1.4740980e+02   1.0000000e+00
  -3.7094273e+02   3.2413348e+02   1.2000000e+00
  -2.5633051e+02  -3.3310967e+02   1.0000000e+00
   1.2960921e+02   7.4497430e+01   1.0000000e+00
   4.3212515e+02   1.5326340e+02   2.0000000e+00
   7.3764726e+01  -1.4377892e+02   1.0000000e+00
  -2.8562506e+02   3.0995228e+02   2.0000000e+00
  -1.1301922e+02   2.3859982e+02   1.0000000e+00
  -2.3682149e+02  -1.0626589e+02   1.0000000e+00
  -4.0016757e+02   1.6124007e+02   1.0000000e+00
   2.1407312e+02   1.4769607e+02   1.0000000e+00
  -1.3834873e+02  -2.9893103e+01   1.0000000e+00
  -4.1619488e+02   4.3396371e+01   2.0000000e+00
   9.4292992e+01   1.4224286e+00   1.0000000e+00
   1.0355858e+02   3.1430855e+02   1.0000000e+00
  -2.8155348e+02   3.3217443e+02   2.0000000e+00
  -3.5512160e+02  -1.2377751e+02   1.0000000e+00
  -4.1266764e+02   1.1995944e+02   1.0000000e+00
   1.3996834e+02  -2.3705057e+02   1.0000000e+00
  -2.8641006e+02   1.0703771e+02   1.0000000e+00
   5.5399953e+01   8.4300167e+01   1.0000000e+00
  -1.0340005e+02  -3.8233744e+02   1.0000000e+00
  -4.1466822e+02  -1.0666204e+02   1.0000000e+00
  -4.1060280e+02   2.0589061e+02   1.0000000e+00
  -1.4018602e+02  -2.6332543e+01   1.0000000e+00
   4.1984531e+02   2.4656099e+02   2.0000000e+00
  -4.9119720e+01   2.2152582e+02   1.0000000e+00
   3.9334664e+02  -2.5858035e+02   1.0000000e+00
  -1.9620100e+02   2.0700900e+02   1.0000000e+00
  -5.6316513e+01   1.1717940e+02   1.0000000e+00
   1.4971526e+02  -3.8582316e+02   1.0000000e+00
   1.3165972e+02   3.0593721e+01   1.0000000e+00
   3.3973997e+02  -6.2544430e+01   2.0000000e+00
   1.7374290e+02   2.5758032e+02   2.0000000e+00
  -1.4390857e+02  -1.6461012e+02   1.0000000e+00
  -1.3978403e+02   5.4819530e+01   1.0000000e+00
  -2.1627034e+02   3.5433709e+02   2.0000000e+00
   4.0037864e+02   1.9060304e+02   2.0000000e+00
   1.6755943e+02  -7.4247500e+01   1.0000000e+00
   9.2908623e+01  -3.5619447e+02   2.0000000e+00
  -3.4950539e+02   2.1305004e+02   1.0000000e+00
   1.4112729e+02   3.4956495e+02   1.0000000e+00
   3.4418634e+01  -2.3303156e+02   1.0000000e+00
  -1.7311253e+01   3.7838859e+02   1.0000000e+00
   8.3369196e+01   3.1051736e+02   2.0000000e+00
   3.9250376e+02   3.5684714e+02   2.0000000e+00
   4.5711356e+00   3.2253140e+02   1.0000000e+00
  -5.7955138e+01  -2.3782535e+02   2.0000000e+00
   1.6350704e+02   1.2877169e+02   1.0000000e+00
  -4.6090525e+01   5.3564003e+01   1.0000000e+00
   3.6567031e+02  -1.5801854e+02   2.0000000e+00
   3.6371730e+02  -2.0399059e+02   1.0000000e+00
   3.1945683e+02  -1.8246812e+02   1.0000000e+00
   1.8133879e+02  -2.8026811e+02   1.0000000e+00
  -9.8909066e+01  -6.4619471e+01   1.0000000e+00
   1.5889668e+02   2.6049123e+02   1.0000000e+00
   3.2773642e+02   1.3836177e+02   2.0000000e+00
   3.8208196e+02  -1.5900539e+02   2.0000000e+00
  -1.6940036e+02   9.4696527e+01   1.0000000e+00
  -9.0056953e+01   3.5251308e+02   1.0000000e+00
  -3.1010448e+02  -1.9352994e+02   1.0000000e+00
   7.3570673e+01   1.4684808e+02   2.0000000e+00
   3.6409905e+02   3.2503592e+01   1.0000000e+00
   2.8222186e+01   1.4875479e+02   1.0000000e+00
   1.0839767e+02   1.5574364e+02   1.0000000e+00
  -1.2087964e+02   1.5194780e+02   1.0000000e+00
  -1.9388742e+02   3.6287549e+02   2.0000000e+00
  -3.6460115e+02  -3.1350235e+02   1.0000000e+00
   1.4100782e+02  -9.2281290e+00   1.0000000e+00
  -5.2149580e+01   2.1805143e+02   1.0000000e+00
  -1.3910929e+02   3.7748031e+02   1.0000000e+00
   2.6229347e+02   2.4215801e+02   1.0000000e+00
  -2.9857058e+01  -1.9269864e+02   1.0000000e+00
  -1.3424574e+02   1.0770878e+02   1.0000000e+00
   1.3594943e+02   2.3169231e+02   2.0000000e+00
  -2.2007316e+02  -2.5147508e+02   1.0000000e+00
  -3.0871849e+02   2.3366903e+02   1.0000000e+00
   1.2549185e+02   1.9449194e+02   1.0000000e+00
   2.8579460e+02  -1.5450468e+02   1.0000000e+00
   3.1095499e+02  -2.5346375e+02   1.0000000e+00
  -3.1069602e+02  -7.6983116e+01   1.0000000e+00
   8.5593220e+01  -2.9385188e+02   1.0000000e+00
   2.4066819e+02   1.7999081e+02   1.0000000e+00
  -1.1612148e+02   2.6396814e+01   1.0000000e+00
  -3.6518558e+02  -1.2182831e+02   1.0000000e+00
  -3.6938639e+02   2.5094353e+02   1.0000000e+00
   2.0942525e+02   3.5504884e+01   1.0000000e+00
   1.2012184e+02  -8.1889419e+01   1.0000000e+00
   2.1164982e+02   2.3183987e+02   1.0000000e+00
   9.0809335e+01  -2.4924764e+02   1.0000000e+00
  -2.0059522e+02  -7.7755191e+01   1.0000000e+00
  -2.1931447e+02   1.4819372e+02   1.0000000e+00
  -1.9421951e+02  -4.0001217e+01   1.0000000e+00
  -4.8184135e+01   1.1340515e+01   1.0000000e+00
   3.4001736e+00   1.2010487e+02   1.0000000e+00
  -1.9741784e+02  -2.5031448e+02   1.0000000e+00
   1.5352299e+02  -1.5544548e+02   1.0000000e+00
  -1.6743510e+02  -2.2973280e+02   1.0000000e+00
   1.8760932e+01   3.6628932e+02   1.0000000e+00
  -3.1860553e+01   1.3209346e+02   1.0000000e+00
   9.4812053e+01   1.1521360e+01   1.0000000e+00
  -1.6578049e+02   2.5355048e+02   2.0000000e+00
   3.1469461e+02   3.9487452e+02   2.0000000e+00
  -1.8008555e+02   2.3076453e+02   1.0000000e+00
   3.7454523e+02  -7.5431951e+01   1.0000000e+00
  -1.4753572e+02  -4.0187862e+02   1.0000000e+00
   3.5173588e+02   4.9793432e+01   1.0000000e+00
   3.5097851e+02   1.0128644e+02   2.0000000e+00
  -4.5127756e+01  -4.1769331e+01   2.0000000e+00
   1.7460117e+02   2.8726596e+02   1.0000000e+00
  -7.9741738e+01  -1.8706268e+02   1.0000000e+00
   3.3991535e+02   8.8204979e+00   1.0000000e+00
   9.5203561e+01   2.4244089e+02   1.0000000e+00
   1.6201298e+02  -1.7478166e+02   1.0000000e+00
  -4.1156384e+01  -3.8745360e+02   1.0000000e+00
   2.7702089e+02  -8.6127584e+01   1.0000000e+00
   1.7201369e+02   3.3219344e+02   2.0000000e+00
   3.5228257e+02  -5.6706333e+00   1.0000000e+00
   8.2764598e+01  -3.8781069e+02   2.0000000e+00
  -7.7189063e+01  -1.8788367e+02   1.0000000e+00
   9.9417219e+01  -3.3620682e+02   1.0000000e+00
  -1.6358184e+02  -1.5407005e+02   1.0000000e+00
   4.3556388e+02   2.7508750e+02   2.0000000e+00
   1.0338509e+02  -1.8023190e+02   1.0000000e+00
   6.4236935e+01   1.2626069e+02   1.0000000e+00
   2.2877270e+02   7.0352458e+01   1.0000000e+00
   3.5598213e+02   2.3337338e+02   1.0000000e+00
   3.2425199e+01  -2.3370996e+02   1.0000000e+00
   1.8617533e+02   3.0263228e+02   2.0000000e+00
   1.1858622e+02   4.6368118e+01   1.0000000e+00
  -1.6555934e+02   1.6460991e+02   1.0000000e+00
  -3.7828850e+02  -1.5742155e+02   1.0000000e+00
   2.8852980e+02   2.0096257e+02   1.0000000e+00
   1.8231391e+02  -1.0029462e+02   1.0000000e+00
  -1.4121023e+02   9.4994030e+01   1.0000000e+00
  -1.2775147e+02  -2.9027047e+02   1.0000000e+00
  -2.8210090e+02   2.0995689e+02   1.0000000e+00
  -3.0355496e+02  -3.0021994e+02   1.0000000e+00
   9.7656263e+01  -2.7619086e+02   1.0000000e+00
   1.8560921e+02   2.9916341e+02   1.0000000e+00
  -2.9542635e+02  -3.2102540e+01   1.0000000e+00
  -2.2857439e+02   1.6388900e+02   1.0000000e+00
  -8.9182309e-01   1.9958848e+02   1.0000000e+00
  -1.0591750e+02  -3.2381878e+02   1.0000000e+00
  -1.2645861e+02  -9.6319337e+01   1.0000000e+00
  -2.2640734e+02   3.6936923e+02   2.0000000e+00
  -1.2123025e+02  -3.1113665e+02   1.0000000e+00
  -1.4001177e+01  -1.4750500e+02   1.0000000e+00
   5.6535791e+01  -2.9532694e+02   1.0000000e+00
   8.5256875e+01  -1.0988814e+02   1.0000000e+00
  -3.3634794e+02   1.3305204e+02   1.0000000e+00
  -7.7356530e+00  -2.1676888e+02   1.0000000e+00
  -2.7616138e+02   2.8565132e+01   1.0000000e+00
  -1.5380225e+01   3.6917827e+02   1.0000000e+00
  -1.5515761e+02  -1.0954417e+02   1.0000000e+00
  -1.1945296e+02   1.3343355e+02   1.0000000e+00
  -5.4274855e+01  -2.8256604e+02   1.0000000e+00
  -5.2268907e+01  -2.4097372e+02   1.0000000e+00
   1.7143046e+02   8.1146940e+01   1.0000000e+00
  -2.7688474e+02   3.5668146e+02   2.0000000e+00
  -3.5930810e+02  -1.4750984e+02   1.0000000e+00
  -1.0947391e+02  -1.8475275e+02   1.0000000e+00
   3.4259417e+02  -4.1607625e+02   2.0000000e+00
  -3.0435887e+02   2.7514324e+02   1.0000000e+00
  -1.0791810e+02  -1.7983458e+02   1.0000000e+00
  -2.3504029e+01   2.1062103e+02   1.0000000e+00
   1.7987335e+01  -2.9481712e+02   1.0000000e+00
  -2.8857461e+01  -2.5067433e+02   1.0000000e+00
  -1.8034020e+02   3.1179266e+02   1.0000000e+00
  -2.1043175e+02   2.8516022e+01   1.0000000e+00
   6.8891770e+01   2.4906674e+02   1.0000000e+00
  -2.0313788e+02  -2.5434548e+02   1.0000000e+00
  -5.7405215e+00   2.7145501e+02   1.0000000e+00
   2.4317996e+02   3.3224559e+02   1.0000000e+00
  -2.2482803e+02   7.5317881e+01   1.0000000e+00
   2.3992160e+02  -2.5578188e+02   1.0000000e+00
   2.9502142e+02   1.8586688e+02   2.0000000e+00
   2.0572748e+02  -2.2977733e+02   1.0000000e+00
   1.8166397e+02   1.8504340e+02   1.0000000e+00
   3.9677502e+02   1.4405660e+02   2.0000000e+00
   3.2645287e+02   8.7835617e+01   1.0000000e+00
   7.5842275e+00  -2.0167942e+02   1.0000000e+00
  -1.6079893e+01   1.3878465e+02   1.0000000e+00
  -2.1699646e+02  -1.0802418e+02   1.0000000e+00
   5.1252377e+01   3.4626303e+00   1.0000000e+00
  -1.0283408e+02  -1.8694613e+02   1.0000000e+00
   1.8068915e+02  -9.0647257e+01   1.0000000e+00
  -3.6405166e+02  -8.9192478e+01   1.0000000e+00
  -2.5730660e+01  -3.1738880e+02   1.0000000e+00
   3.9645517e+02  -2.1987266e+02   1.0000000e+00
   2.5342494e+01  -6.8569209e+01   1.0000000e+00
   1.0521213e+02  -9.2024472e+01   1.0000000e+00
   2.2645142e+02   1.8390100e+02   1.0000000e+00
  -1.4463818e+02  -3.5570723e+02   1.0000000e+00
  -2.5748682e+02  -2.5627420e+02   1.0000000e+00
  -6.3924225e+01  -2.7554646e+02   1.0000000e+00
   3.7406218e+02  -1.3740244e+02   2.0000000e+00
  -1.8987878e+02   3.9568555e+02   2.0000000e+00
   1.8566138e+01   3.0859504e+02   1.0000000e+00
   1.5123760e+02  -1.2419219e+02   1.0000000e+00
   2.9607400e+02   1.2869907e+02   1.0000000e+00
   3.8523703e+02   7.1381718e+01   2.0000000e+00
  -5.6393627e+01   1.6514997e+02   1.0000000e+00
   3.5413301e+01  -4.1761268e+01   1.0000000e+00
  -1.4180560e+02  -1.2170081e+02   2.0000000e+00
  -2.7964368e+02   3.8439056e+02   2.0000000e+00
  -5.4756612e+01  -1.2508543e+02   1.0000000e+00
  -3.1679018e+02  -2.9401457e+02   1.0000000e+00
   5.1622540e+01  -3.4969507e+02   1.0000000e+00
  -1.5493102e+02   7.0942745e+01   1.0000000e+00
   1.4702340e+02  -1.8804828e+02   1.0000000e+00
  -2.5382523e+02  -2.1522316e+02   1.0000000e+00
   2.8383462e+02   2.7139494e+02   1.0000000e+00
  -3.4912705e+02  -1.0337544e+02   2.0000000e+00
  -1.5821948e+02   2.3402708e+02   1.0000000e+00
   1.2164835e+02   1.9719484e+02   1.0000000e+00
  -1.7529413e+02   7.5590787e+01   1.0000000e+00
   1.0219919e+01   1.6238836e+02   1.0000000e+00
   1.3557966e+02  -1.9157429e+02   1.0000000e+00
  -4.0917157e+02   3.9735236e+02   2.0000000e+00
   1.9145306e+02   3.3177358e+02   1.0000000e+00
  -2.1904439e+02   3.4483949e+02   2.0000000e+00
   2.4977102e+02   8.8526843e+01   1.0000000e+00
   3.6258691e+02  -3.3865261e+01   1.0000000e+00
  -1.5606419e+02  -8.3032350e+01   1.0000000e+00
   3.6372051e+02  -3.3181424e+02   1.0000000e+00
  -1.4993671e+02  -7.4166099e+01   1.0000000e+00
   5.3215195e+01   2.3252472e+02   1.0000000e+00
   1.7357740e+02  -2.2236137e+02   1.0000000e+00
  -1.9619585e+01  -1.5738908e+01   1.0000000e+00
   1.8709471e+02  -3.9849915e+02   1.0000000e+00
   3.1029449e+02  -1.0093458e+02   2.0000000e+00
  -1.8224704e+02   1.7570324e+02   1.0000000e+00
   4.2119121e+00   2.6521657e+02   1.0000000e+00
  -2.8452087e+01  -9.4715833e+01   1.0000000e+00
  -5.9381040e+01  -1.4310541e+02   1.0000000e+00
   1.8645257e+02  -3.4002745e+02   1.0000000e+00
  -4.2340014e+02  -5.5062969e+01   1.0000000e+00
   2.3299252e+02   3.0000138e+02   1.0000000e+00
  -3.7318645e+02  -1.6066533e+02   1.0000000e+00
  -3.3578636e+01   1.6577879e+02   1.0000000e+00
   1.7903219e+02  -3.9684886e+02   1.0000000e+00
  -3.9733263e+02   2.0314201e+02   1.0000000e+00
   2.9733498e+02  -1.4742211e+02   1.0000000e+00
  -1.6215922e+02  -9.2351310e+01   1.0000000e+00
  -3.2721909e+02   3.4371542e+02   2.0000000e+00
   2.6267630e+02   3.1934847e+02   1.0000000e+00
  -2.4619245e+02  -2.6387016e+02   1.0000000e+00
   7.1172395e+01   3.4767238e+02   1.0000000e+00
   2.0268544e+02  -7.1776865e+01   1.0000000e+00
   2.5788739e+01   2.3541624e+02   1.0000000e+00
   3.8255773e+01   2.3296822e+02   1.0000000e+00
   3.3060773e+02   2.9111442e+02   1.0000000e+00
  -8.6402171e+01  -3.1869989e+02   1.0000000e+00
   1.6321821e+02   4.6925014e+01   1.0000000e+00
  -1.0811956e+02   2.9053307e+02   1.0000000e+00
   1.9528289e+02  -1.4817761e+02   1.0000000e+00
   1.4337309e+02  -2.5711510e+02   1.0000000e+00
   1.3180031e+01  -6.0714523e+01   1.0000000e+00
  -1.9632395e+02  -1.6920097e+02   1.0000000e+00
   9.4108364e+01   1.3487084e+02   1.0000000e+00
   2.7728416e+02   3.0904452e+02   1.0000000e+00
  -3.6442113e+01   4.0253411e+02   2.0000000e+00
  -3.0734509e+02  -3.5130062e+02   1.0000000e+00
   2.5750949e+02  -2.0330699e+01   1.0000000e+00
  -2.2488030e+02   1.9599445e+02   1.0000000e+00
  -4.1709695e+02   3.2957142e+02   2.0000000e+00
   3.2731304e+02  -5.9743633e+01   1.0000000e+00
  -2.3775754e+01   1.3126511e+02   1.0000000e+00
   1.3513034e+02   3.3821916e+02   1.0000000e+00
   3.7087097e+02  -6.1548046e+01   2.0000000e+00
   3.8393280e+02   3.1769935e+02   2.0000000e+00
  -3.9436183e+02   3.6616824e+02   2.0000000e+00
   1.3541910e+02  -1.5395892e+01   1.0000000e+00
   3.4852347e+02  -1.2589109e+02   2.0000000e+00
  -1.4721900e+02  -3.6473595e+02   1.0000000e+00
   2.0106516e+02   4.1131842e+01   1.0000000e+00
   7.2002081e+00  -1.1777437e+02   1.0000000e+00
   4.1261888e+01   5.8203602e+01   1.0000000e+00
   2.4326532e+02  -2.9290754e+02   1.0000000e+00
  -5.6950730e+01  -3.3549419e+00   1.0000000e+00
   5.6849032e+01   2.2176015e+02   1.0000000e+00
   2.5405139e+00   1.8906731e+02   1.0000000e+00
  -1.4544846e+02   1.1044086e+02   1.0000000e+00
  -9.0812083e+01   3.6023528e+02   1.0000000e+00
  -3.4182544e+02  -1.9342240e+02   1.0000000e+00
   2.2563077e+02   7.1955422e+01   1.0000000e+00
  -2.5503755e+02  -1.4983021e+02   1.0000000e+00
   4.6313136e+01   4.4765055e+01   1.0000000e+00
   2.6541738e+01   2.5525309e+02   1.0000000e+00
  -1.2212748e+02  -1.4360670e+02   2.0000000e+00
  -1.9118475e+02  -4.0627235e+02   2.0000000e+00
  -3.7764111e+02   3.9931268e+02   2.0000000e+00
   3.1362884e+02  -2.3095178e+02   1.0000000e+00
   1.8476844e+02  -1.3658928e+02   1.0000000e+00
   9.3407977e+01  -4.1259694e+02   2.0000000e+00
   2.3031044e+02   2.9446920e+02   1.0000000e+00
