  -1.0157176e+02   1.4042977e+02   1.0000000e+00
  -9.4064627e+01   2.5679304e+00   2.0000000e+00
  -6.8346891e+01  -6.7895223e+01   1.0000000e+00
   1.1155295e+02  -4.6487122e+01   1.0000000e+00
  -3.2016571e+02  -4.3006119e+02   2.0000000e+00
  -1.8243468e+02   6.9901708e+01   1.0000000e+00
  -2.1291400e+02  -7.9656315e+01   1.0000000e+00
   8.2272422e+01   1.4107298e+02   1.0000000e+00
   3.1613915e+02  -1.3663860e+02   1.0000000e+00
   5.2206794e+01  -1.5870759e+02   2.0000000e+00
   4.6677066e+02  -1.4444484e+02   2.0000000e+00
   2.3481421e+01  -9.8007084e+00   1.0000000e+00
   1.9248412e+02  -4.8231126e+02   2.0000000e+00
   1.3841124e+01  -4.5703203e+01   1.0000000e+00
  -5.2966810e+01   4.0757557e+02   2.0000000e+00
   2.5108329e+01  -3.3553024e+02   2.0000000e+00
  -7.7429089e+01  -9.3423395e+01   1.0000000e+00
   1.5146436e+02   3.7124430e+02   2.0000000e+00
  -1.4411438e+02   1.7542220e+02   1.0000000e+00
  -8.7118824e+01  -4.9361570e+01   1.0000000e+00
   2.8668125e+01   1.8680773e+02   1.0000000e+00
   4.0886880e+02   4.2072576e+00   2.0000000e+00
  -2.6922340e+02  -2.7501572e+02   2.0000000e+00
  -6.1657378e+00  -8.3907575e+00   1.0000000e+00
   2.5117682e+02  -8.5530762e+01   1.0000000e+00
   3.4843743e+01  -4.0900365e+02   2.0000000e+00
   2.6620830e+02  -2.6800412e+02   2.0000000e+00
   1.4419934e+02  -8.2448662e+01   1.0000000e+00
  -2.7643270e+02   6.3066928e+01   2.0000000e+00
   8.4094749e+01   3.8433950e+02   2.0000000e+00
   3.8665653e+02   5.9379471e+01   2.0000000e+00
   1.7908346e+02  -5.6039757e+01   1.0000000e+00
   3.9162937e+01   4.0134274e+02   2.0000000e+00
  -3.2190105e+02  -3.3967617e+02   2.0000000e+00
   5.1745637e+01   8.6117637e+01   1.0000000e+00
  -4.9620310e+01   2.4167990e+02   1.0000000e+00
   3.4707928e+02  -4.3801654e+02   2.0000000e+00
  -3.5562615e+02  -2.8581305e+02   2.0000000e+00
  -6.1976517e+01  -4.0830510e+02   2.0000000e+00
  -3.2241429e+02   5.7305642e+01   2.0000000e+00
  -5.1737548e+01  -4.2939598e+02   2.0000000e+00
  -3.9705719e+02  -3.3026493e+02   2.0000000e+00
   8.0687935e+01   3.2160791e+02   2.0000000e+00
  -3.9052454e+01  -2.2144498e+02   1.0000000e+00
  -1.7273823e+01  -2.2849387e+01   1.0000000e+00
   7.3346980e+01   3.1473802e+02   1.0000000e+00
  -6.5840794e+01   1.6062699e+02   1.0000000e+00
  -7.4775196e+01   1.1348198e+02   1.0000000e+00
   2.3962418e+02  -2.2791050e+02   1.0000000e+00
   2.8547314e+01  -1.4648914e+02   1.0000000e+00
  -3.8176548e+02   3.6995435e+02   2.0000000e+00
  -4.3747398e+02  -3.2339120e+02   2.0000000e+00
  -1.9498552e+02   8.7912587e+01   1.0000000e+00
   4.3518683e+02  -4.7435282e+01   2.0000000e+00
  -2.4660444e+02   3.2498900e+01   1.0000000e+00
  -8.6819730e+01   2.4344366e+02   1.0000000e+00
   3.4095528e+02  -8.8737077e+01   1.0000000e+00
  -2.2540273e+02  -4.4166016e+02   2.0000000e+00
   1.1437302e+02  -6.9193502e+01   1.0000000e+00
   4.7666112e+02  -5.3981632e+02   1.5000000e+00
   3.5676222e+02   1.7200201e+02   2.0000000e+00
   7.8210457e+01  -1.2843767e+01   2.0000000e+00
  -2.9765677e+02   3.6757852e+02   2.0000000e+00
   1.2321562e+02   4.7751023e+01   1.0000000e+00
  -1.0953738e+02   2.1205612e+01   1.0000000e+00
   5.9108629e+01   3.6382443e+02   2.0000000e+00
   3.9451123e+02  -4.8862909e+02   2.0000000e+00
   2.3333670e+02   1.8580740e+02   1.0000000e+00
  -7.6980296e+01  -4.4058201e+02   2.0000000e+00
  -3.7132088e+02  -3.9524351e+02   2.0000000e+00
   4.1345734e+01   1.4090170e+02   1.0000000e+00
  -3.1797797e+02  -4.0170388e+02   2.0000000e+00
  -2.1830499e+02   3.0595159e+02   2.0000000e+00
   1.4641336e+02  -1.9392558e+02   1.0000000e+00
  -1.0481447e+02  -1.0875981e+02   1.0000000e+00
   5.0324503e+01   6.2478952e+00   1.0000000e+00
   1.8374588e+01  -5.6280305e+02   2.0000000e+00
  -9.4505615e+01   1.9836763e+01   1.0000000e+00
  -3.3181826e+02   9.5773822e+01   2.0000000e+00
   2.2099982e+02   4.2163767e+01   2.0000000e+00
  -2.0158655e+02   3.6988206e+01   1.0000000e+00
   3.9974431e+02  -6.9147025e+01   2.0000000e+00
   2.5087696e+02   3.7261255e+02   2.0000000e+00
   1.6970462e+02   1.2021365e+02   1.0000000e+00
   8.6713687e+00  -3.3094088e+02   2.0000000e+00
   9.2510698e+01   4.5567439e+01   1.0000000e+00
  -1.2878689e+02   2.8522568e+02   1.0000000e+00
  -4.7683584e+01   1.0362813e+02   1.0000000e+00
   9.0070517e+01   1.0003854e+02   1.0000000e+00
   1.9018551e+02  -4.9662154e+01   1.0000000e+00
  -4.1371583e+02   4.2268199e+02   2.0000000e+00
   3.7906401e+02   2.7215841e+02   2.0000000e+00
   9.1468521e+01   3.4916537e+02   1.0000000e+00
  -6.0535596e+01  -4.5335044e+01   1.0000000e+00
  -1.0559707e+02   2.1956936e+02   1.0000000e+00
   1.4785838e+02  -7.8014379e+01   1.0000000e+00
  -2.5738301e+02  -2.4611441e+02   2.0000000e+00
   2.9965427e+02   2.0013403e+02   2.0000000e+00
  -1.2092493e+02   1.6920627e+02   1.0000000e+00
   1.5322329e+02   9.9050377e+01   1.0000000e+00
   2.7491704e+02  -3.4663304e+02   2.0000000e+00
  -1.3944675e+02   1.8256035e+02   1.0000000e+00
  -1.9646118e+02   7.4493467e+01   1.0000000e+00
  -3.2223270e+02  -5.3164714e+01   1.0000000e+00
  -3.6278774e+01   1.5243497e+02   1.0000000e+00
   3.8206061e+02  -4.5486767e+02   2.0000000e+00
   5.8193842e+01   4.1537630e+01   1.0000000e+00
  -2.1823991e+01   2.1413930e+02   1.0000000e+00
  -2.1589713e+02  -6.4910851e+01   1.0000000e+00
  -8.9530388e+01   3.0484480e+02   1.0000000e+00
  -1.2915010e+02  -1.4758322e+02   1.0000000e+00
   3.6336642e+02  -2.9309044e+02   2.0000000e+00
  -3.7995499e+01  -2.4590493e+01   1.0000000e+00
  -1.4385378e+02  -5.2782928e+01   1.0000000e+00
  -3.2009373e+02   7.1168137e+01   2.0000000e+00
   3.7528339e+02  -2.5580742e+02   2.0000000e+00
   2.7912039e+02   3.1333444e+02   2.0000000e+00
  -5.7223963e+00  -3.1166727e+02   2.0000000e+00
   4.4893165e+02  -4.9634362e+02   2.0000000e+00
  -1.7467165e+02   7.1778984e+01   1.0000000e+00
  -1.5245426e+02  -7.0489590e+01   1.0000000e+00
  -3.5954547e+01  -3.8745431e+02   2.0000000e+00
  -2.6465676e-01   1.1308763e+02   1.0000000e+00
   1.6387069e+02   6.6779554e+01   1.0000000e+00
   1.6310748e+02   1.5373656e+02   1.0000000e+00
  -2.8168591e+02   1.6200466e+01   1.0000000e+00
   6.5473287e+00   5.2870757e-02   2.0000000e+00
   3.4833285e+02  -4.3795191e+02   2.0000000e+00
   3.4739176e+01  -4.5199977e+02   2.0000000e+00
   1.6067926e+02  -7.8582157e+01   1.0000000e+00
  -2.4769234e+02   1.8559702e+02   1.0000000e+00
  -4.6511377e+02  -4.2223989e+02   2.0000000e+00
  -8.0718158e+00   8.3839660e+01   1.0000000e+00
  -3.9215073e+02  -3.1870197e+02   2.0000000e+00
   9.8513482e+01   3.6268702e+02   2.0000000e+00
   1.1605762e+02   5.6342284e+01   1.0000000e+00
  -9.3089375e+01   2.4569629e+02   1.0000000e+00
   1.2195109e+02  -1.7145212e+01   2.0000000e+00
   7.9336107e+01   1.4592282e+01   1.0000000e+00
  -4.0606620e+02   8.9400004e+01   2.0000000e+00
   2.5354913e+01  -2.8498951e+01   1.0000000e+00
   2.5308827e+02   1.2208697e+02   1.0000000e+00
   5.9022215e+01   4.6912234e+01   1.0000000e+00
   2.6376025e+02   1.5347176e+02   1.0000000e+00
  -5.8282848e+01   1.9384111e+02   1.0000000e+00
  -2.5941840e+02   2.7968742e+02   2.0000000e+00
   4.3165015e+01   2.2472798e+02   1.0000000e+00
  -1.3714549e+02   2.7052075e+02   1.0000000e+00
  -3.9154462e+02   3.3162098e+02   2.0000000e+00
   2.1197586e+02   2.2461889e+02   1.0000000e+00
  -3.2152122e+02  -5.2765777e+01   1.0000000e+00
  -2.8228714e+02  -1.0352467e+02   1.0000000e+00
   2.4428096e+02   4.1252767e+00   2.0000000e+00
   1.1605377e+02   4.6751510e+01   1.0000000e+00
   1.2038142e+02  -2.5917275e+02   1.0000000e+00
  -6.5830998e+01   4.0324600e+02   2.0000000e+00
   6.1176050e+01  -1.1600618e+02   2.0000000e+00
  -1.2696923e+02   9.5547841e+01   1.0000000e+00
  -2.0866381e+02   1.6146233e+02   1.0000000e+00
   2.7956234e+02   3.5118213e+02   2.0000000e+00
   2.8230571e+02  -1.0360147e+02   1.0000000e+00
  -5.8568170e+01   5.9544943e+01   1.0000000e+00
   2.6260709e+02  -3.7326277e+02   2.0000000e+00
  -4.9071888e+01  -5.5637020e+02   2.0000000e+00
   4.2967585e+01  -4.2568390e+01   1.0000000e+00
  -1.9603782e+02  -2.3221157e+01   1.0000000e+00
  -2.0964110e+02   3.0506512e+02   2.0000000e+00
  -1.2588768e+02  -3.7566686e+01   1.0000000e+00
   4.1386222e+02   2.7832315e+02   2.0000000e+00
  -2.8995496e+02   2.0169679e+02   2.0000000e+00
   4.6114017e+02  -2.4188472e+02   2.0000000e+00
   7.4263880e+00  -4.8087621e+01   2.0000000e+00
  -1.8426126e+00  -2.5801672e+02   1.0000000e+00
  -5.4903962e+01   1.4591192e+02   1.0000000e+00
   3.8492828e+02   3.3478000e+02   2.0000000e+00
   3.7996766e+02   9.2215551e+01   2.0000000e+00
   1.6606396e+02  -4.0258128e+02   2.0000000e+00
   3.3746468e+02  -4.2749779e+02   2.0000000e+00
   6.5715727e+01  -2.2429025e+02   2.0000000e+00
  -1.8473397e+02   5.2292508e+01   1.0000000e+00
  -2.0701818e+02   2.6791662e+00   1.0000000e+00
  -1.1218088e+01  -2.7554911e+02   1.0000000e+00
  -1.6211556e+02   3.5629418e+01   1.0000000e+00
   6.0339894e+01   2.3514490e+02   1.0000000e+00
  -3.9219162e+02  -4.0612168e+02   2.0000000e+00
   1.0431839e+02   5.8603893e+01   1.0000000e+00
  -3.8105954e+01  -8.9852644e+01   1.0000000e+00
   6.6914472e+01  -2.6761094e+02   2.0000000e+00
  -7.0511786e+01  -5.5579722e+02   2.0000000e+00
   4.0284283e+02  -1.6328819e+02   2.0000000e+00
   3.4043446e+02   2.1020845e+02   2.0000000e+00
   3.8733307e+02   8.4235309e+01   2.0000000e+00
   2.1366737e+02  -3.0214474e+02   1.0000000e+00
   1.0867528e+00  -3.4553006e+02   2.0000000e+00
  -3.3483531e+01  -3.1337467e+02   2.0000000e+00
   1.7714736e+02  -7.3618534e+00   2.0000000e+00
   3.8682677e+02  -1.1051280e+02   2.0000000e+00
  -9.7529080e+01  -3.8951022e+02   2.0000000e+00
  -2.7570916e+02  -2.0658211e+02   2.0000000e+00
   2.6140849e+02  -2.4540309e+01   1.0000000e+00
   2.3720016e+02  -2.9140392e+02   1.0000000e+00
   1.1801629e+02  -3.9026904e+02   2.0000000e+00
  -1.1407547e+02   2.3432341e+02   1.0000000e+00
   1.3218489e+02  -2.7458798e+02   1.0000000e+00
   3.9028731e+02  -2.6102557e+02   2.0000000e+00
   1.9066505e+02   7.9324637e+01   1.0000000e+00
   2.9493807e+02  -4.1234029e+02   2.0000000e+00
   3.5100346e+02   1.6827513e+02   2.0000000e+00
  -2.6606700e+02  -1.0174685e+02   1.0000000e+00
  -1.7565860e+02  -1.1657996e+02   1.0000000e+00
   1.2285495e+02   5.1657535e+01   1.0000000e+00
   3.3810911e+01   1.7065683e+01   1.0000000e+00
   4.8441107e+02  -4.4180549e+02   2.0000000e+00
  -1.1866742e+02  -7.1696825e+00   1.0000000e+00
  -3.4002979e+02   4.0111662e+02   2.0000000e+00
  -4.0414439e+02   8.8381089e+01   2.0000000e+00
  -1.5436233e+02   2.8176404e+02   2.0000000e+00
   3.0752293e+02   7.0962445e+01   1.0000000e+00
  -3.1169229e+01  -3.0272211e+02   1.0000000e+00
   6.4918120e+01   7.0416186e+00   1.0000000e+00
   2.3387667e+02   2.6793652e+02   1.0000000e+00
  -3.1661587e+01   1.5091831e+01   2.0000000e+00
  -3.3724692e+02   1.7747697e+02   2.0000000e+00
  -3.3918608e+02  -2.1845054e+02   2.0000000e+00
   7.0332887e+01   3.0157106e+02   1.0000000e+00
   2.1408252e+02   8.8647459e+01   1.0000000e+00
   1.1548457e+00   2.4863529e+02   1.0000000e+00
  -2.3898490e+02   3.7938594e+02   2.0000000e+00
   3.6520178e+02  -4.3231748e+02   2.0000000e+00
   2.5115561e+02   1.3101702e+02   1.0000000e+00
   3.9861270e+02  -1.2890462e+02   2.0000000e+00
   9.9617764e+01   4.6624105e+00   1.0000000e+00
  -3.3719025e+02   4.5489676e+02   2.0000000e+00
   6.2097940e+01  -4.2068036e+02   2.0000000e+00
   3.5919026e+02   1.0800895e+02   2.0000000e+00
   3.3157157e+02  -6.9683181e+01   1.0000000e+00
  -1.0742550e+02   2.6561271e+02   1.0000000e+00
   1.2514510e+02   1.7791826e+01   1.0000000e+00
  -3.2702962e+02   2.9969761e+02   2.0000000e+00
  -9.8730961e+01   1.5908416e+02   1.0000000e+00
  -3.0361480e+02   2.6499434e+01   1.0000000e+00
  -3.3842682e+02   4.2985872e+02   2.0000000e+00
   2.0338315e+02  -2.2947271e+02   1.0000000e+00
   3.3784765e+02  -4.2563257e+02   2.0000000e+00
  -2.9345909e+02   3.6651803e+02   2.0000000e+00
   4.7208899e+02  -1.9541868e+02   2.0000000e+00
   4.3141897e+02  -5.1630546e+02   2.0000000e+00
   2.2601975e+02  -4.7874426e+02   2.0000000e+00
  -4.0497986e+02   3.2012108e+02   2.0000000e+00
   4.4491553e+02  -2.5284957e+02   2.0000000e+00
  -5.5378240e+01   3.5452496e+02   1.0000000e+00
  -8.2886224e+01   2.4831620e+02   1.0000000e+00
  -7.4821130e+01   2.4152428e+01   1.0000000e+00
  -2.7619868e+00   2.7610246e+01   1.0000000e+00
  -1.4084347e+02   1.9466094e+02   1.0000000e+00
   3.5413822e+02  -3.4902713e+02   2.0000000e+00
   2.6061170e+02   1.2788509e+02   1.0000000e+00
   6.0716785e+01  -1.3455860e+02   1.0000000e+00
   3.7140860e+02   1.7340260e+02   2.0000000e+00
   3.3682244e+02  -8.8766529e+01   1.0000000e+00
   2.2350315e+02   2.7809391e+02   1.0000000e+00
  -3.1934519e+01  -6.4702900e+01   1.0000000e+00
  -4.0314062e+02  -3.2028629e+02   2.0000000e+00
   3.0308652e+02  -3.7359991e+02   2.0000000e+00
  -3.6090890e+01   1.6442873e+02   1.0000000e+00
  -2.2195316e+02   3.3267658e+02   1.0000000e+00
   4.6226931e+02  -1.4357385e+02   2.0000000e+00
   1.4455295e+02   8.8260842e+01   1.0000000e+00
  -8.3776177e+01  -1.4643967e+02   1.0000000e+00
  -2.1878937e+02  -1.9593519e+02   1.0000000e+00
  -4.3469207e+02  -4.1018849e+02   2.0000000e+00
   8.8409217e+01  -1.4364132e+02   2.0000000e+00
  -1.0240647e+02   1.4780292e+02   1.0000000e+00
  -2.6537120e+01  -4.0664438e+02   2.0000000e+00
   4.7610101e+02  -3.9665489e+02   2.0000000e+00
   5.2114541e+01   8.1006934e+01   1.0000000e+00
  -3.2124085e+02  -9.8082082e+01   1.0000000e+00
  -4.1887263e+02   4.0237422e+02   2.0000000e+00
   3.3803737e+01  -1.8527800e+02   1.0000000e+00
  -1.2253779e+02   1.6167017e+02   1.0000000e+00
   1.9338214e+02   1.3399368e+02   1.0000000e+00
   3.7858934e+01  -4.7181670e+02   2.0000000e+00
  -2.2485522e+02   3.2363278e+02   1.0000000e+00
   1.6536356e+01  -1.8007397e+02   1.0000000e+00
  -3.6847861e+02   4.1908240e+02   2.0000000e+00
  -2.5550967e+02  -2.3671629e+02   2.0000000e+00
   3.1358800e+02   1.5801306e+02   2.0000000e+00
   4.4807783e+02  -4.0738852e+01   2.0000000e+00
  -1.0062480e+02  -2.1031231e+02   1.0000000e+00
   1.5069125e+02   4.0266771e+01   1.0000000e+00
   2.1243321e+01  -1.6745814e+02   1.0000000e+00
   7.1685999e+01  -3.8490308e+01   1.0000000e+00
   1.9341454e+01  -1.0263018e+01   1.0000000e+00
   2.5765861e+02   8.7975106e+01   1.0000000e+00
   1.9394413e+02   1.4008079e+02   1.0000000e+00
   3.1911850e+01   8.0361149e+01   1.0000000e+00
   2.3347730e+02  -1.1512484e+02   1.0000000e+00
  -3.1044928e+02   2.0835582e+02   2.0000000e+00
   2.3657751e+02  -1.6048392e+01   1.0000000e+00
  -2.5663427e+02   1.3230218e+02   1.0000000e+00
  -4.0636968e+01   1.4941077e+02   1.6000000e+00
  -1.3496284e+02  -2.0095739e+01   1.0000000e+00
  -2.0952605e+02  -1.7289807e+02   1.0000000e+00
  -4.1398837e+01   2.8978936e+02   1.0000000e+00
   1.4751583e+02  -1.7192856e+01   1.0000000e+00
  -1.1276480e+02  -1.0715770e+02   1.0000000e+00
   1.5589232e+00   4.0242370e+02   2.0000000e+00
  -1.3767830e+02   2.3748158e+02   1.0000000e+00
   6.9129553e+01   3.3943991e+02   2.0000000e+00
   2.7933556e+02  -4.8664889e+02   2.0000000e+00
  -2.3395036e+02  -1.3979626e+02   1.0000000e+00
  -1.4208318e+02   2.5835855e+02   1.0000000e+00
   1.2654296e+02  -2.3972087e+02   1.0000000e+00
  -3.6906668e+01   2.6598543e+02   1.0000000e+00
   1.0815167e+02  -1.4017771e+00   2.0000000e+00
  -2.9808754e+00  -1.1371169e+01   1.0000000e+00
  -1.1389470e+02  -6.0785256e+01   1.0000000e+00
   3.1909903e+02  -4.4312749e+02   2.0000000e+00
   6.1058439e+01   3.9197862e+02   2.0000000e+00
  -6.9777478e+01  -4.4696116e+02   2.0000000e+00
   4.5724701e+02  -4.0675792e+02   2.0000000e+00
  -3.2385127e+01   5.5614352e+01   1.0000000e+00
  -1.2572436e+02   3.1578063e+02   2.0000000e+00
   4.9207572e+02   2.4718828e+02   2.0000000e+00
   2.5905930e+02  -4.9941611e+02   2.0000000e+00
  -1.2064806e+02  -9.3644612e+01   1.0000000e+00
   3.2405539e+02   6.5486060e+00   1.0000000e+00
  -9.3009792e+01   1.7453610e+02   2.0000000e+00
  -8.5532411e+01  -1.0983183e+02   1.0000000e+00
  -1.2979856e+01   9.1525952e+01   1.0000000e+00
  -3.4632040e+02   3.9119115e+02   2.0000000e+00
   3.5784711e+02   1.6880453e+02   2.0000000e+00
  -3.2937269e+01  -1.4228515e+02   1.0000000e+00
   4.5966605e+01  -4.0647446e+00   1.0000000e+00
   2.9872239e+02   2.6953106e+02   2.0000000e+00
  -1.3650883e+01   1.7074405e+00   2.0000000e+00
   3.5760910e+02  -2.9853929e+02   2.0000000e+00
  -2.8507034e+02   1.7515293e+02   1.0000000e+00
  -1.4764038e+02  -8.3627393e+01   1.0000000e+00
  -3.0923630e+01  -2.6591341e+01   2.0000000e+00
   7.9333830e+01   2.7183137e+02   1.0000000e+00
   1.5052992e+01  -3.7992911e+02   2.0000000e+00
   2.5462151e+01  -1.4827361e+02   2.0000000e+00
  -2.6688786e+02   3.6164112e+02   2.0000000e+00
   3.9394433e+02   3.0773684e+00   2.0000000e+00
  -1.1881506e+02   1.3273688e+02   1.0000000e+00
  -4.8861795e+01  -4.2416860e+01   1.0000000e+00
  -3.9068247e+01   7.9260088e+01   1.0000000e+00
  -2.6863004e+01  -2.6019450e+02   1.0000000e+00
   3.7257805e+02  -3.1054687e+02   2.0000000e+00
   4.1602600e+02  -2.4875729e+02   2.0000000e+00
   2.7224866e+02  -3.4805988e+02   2.0000000e+00
   4.3692850e+02   1.9869543e+02   2.0000000e+00
   2.1833901e+01  -1.0188535e+02   1.0000000e+00
   2.7672891e+01  -7.2849825e+01   1.0000000e+00
   3.8252487e+02  -3.4719099e+02   2.0000000e+00
   2.3188824e+02  -2.1972821e+02   1.0000000e+00
   5.3163271e+01  -2.0327389e+01   1.0000000e+00
   2.3708372e+02  -1.1131692e+02   1.0000000e+00
   2.1524445e+01   3.6310170e+02   2.0000000e+00
  -2.4481847e+02  -1.2383247e+02   1.0000000e+00
   2.3754586e+02   1.1008108e+01   1.0000000e+00
   3.1261187e+02   2.3064756e+02   2.0000000e+00
  -1.7303313e+02  -2.5996192e+01   1.0000000e+00
  -8.5923237e+01   2.5053839e+02   1.0000000e+00
  -1.3659980e+02  -1.0001549e+02   1.0000000e+00
   1.7183206e+02  -4.8834282e+01   1.0000000e+00
   1.5155201e+02  -5.1123919e+01   1.0000000e+00
  -9.7064482e+01  -1.7669309e+01   1.0000000e+00
   3.8464991e+02  -4.7938856e+02   2.0000000e+00
   6.3594750e+01  -8.9190806e+01   1.0000000e+00
   2.4424607e+02   2.4783518e+02   1.0000000e+00
  -2.0189392e+02   8.5513909e+01   1.0000000e+00
  -4.5990091e+02  -3.4928080e+02   2.0000000e+00
   3.6077462e+01   1.5507340e+02   1.0000000e+00
  -1.8402722e+02  -6.0562965e+01   1.0000000e+00
  -3.7415775e+02   1.8896262e+02   2.0000000e+00
   3.1183819e+02  -1.0345767e+02   1.0000000e+00
   2.4697806e+02  -2.5852617e+02   1.0000000e+00
   1.1237235e+02   1.2690569e+02   1.0000000e+00
  -1.0113455e+02   3.2763514e+00   2.0000000e+00
  -1.3493216e+02   3.4922078e+02   1.0000000e+00
   3.6028362e+02  -4.3704260e+02   2.0000000e+00
   5.6520947e+01  -2.1481969e+01   1.0000000e+00
  -3.0056334e+02  -4.3008883e+02   2.0000000e+00
  -1.0946396e+01   1.1458592e+02   1.0000000e+00
  -2.4791459e+02   3.4834215e+02   2.0000000e+00
   2.9777193e+02   3.4400808e+02   2.0000000e+00
  -3.0360441e+02  -4.3424978e+02   2.0000000e+00
   1.7510086e+02   3.7713687e+02   2.0000000e+00
  -1.4160107e+02   2.5162860e+02   1.0000000e+00
   5.8897713e+01  -2.4174557e+01   1.0000000e+00
  -2.2542013e+02   2.7584084e+02   2.0000000e+00
  -3.4077612e+02   3.9161770e+02   2.0000000e+00
  -8.7552679e-01   1.3979959e+02   1.0000000e+00
   1.9458518e+02   8.0771616e+01   1.0000000e+00
   7.3783007e+01   2.5444185e+02   1.0000000e+00
   1.4225170e+02   2.1342847e+02   1.0000000e+00
  -3.6215904e+02   7.6853976e+01   2.0000000e+00
   3.9073782e+01  -1.5189954e+02   2.0000000e+00
   3.8616560e+02   2.0222032e+01   1.0000000e+00
   5.1083104e+01  -3.4655695e+01   1.0000000e+00
   4.1164448e+02  -3.9905539e+02   2.0000000e+00
  -2.9724574e+02  -2.4239256e+02   2.0000000e+00
   2.9325114e+02  -3.2309643e+02   2.0000000e+00
   4.2886883e+02   3.7075754e+02   2.0000000e+00
   2.7766272e+02  -3.9743009e+02   2.0000000e+00
  -4.0562749e+02  -3.7796344e+02   2.0000000e+00
   4.7600204e+01  -3.0760567e+01   1.0000000e+00
   1.5985342e+02  -9.1923571e+01   1.0000000e+00
   2.7142289e+02  -1.5578195e+02   1.0000000e+00
  -9.1128228e+01  -3.7179343e+01   1.0000000e+00
  -2.1187379e+02  -3.7826404e+02   2.0000000e+00
  -3.3520787e+02  -2.1199716e+02   2.0000000e+00
   1.3082504e+02   1.8755795e+02   1.0000000e+00
  -1.1201216e+02   3.1022566e+02   1.0000000e+00
   3.2073920e+01   1.6691513e+00   1.0000000e+00
   2.5073758e+02   3.4323687e+01   2.0000000e+00
  -3.1824942e+02   3.5856201e+02   2.0000000e+00
  -1.7297078e+02   1.4228173e+02   1.0000000e+00
  -2.8114846e+02  -2.5065008e+02   2.0000000e+00
  -3.5277871e+02  -9.3928250e+01   2.0000000e+00
  -2.0996233e+02  -2.8560315e+02   2.0000000e+00
   3.5509048e+02   6.8350794e+01   1.0000000e+00
  -1.7446464e+02  -7.9480147e+01   1.0000000e+00
   2.2069209e+02   3.1749755e+02   2.0000000e+00
   8.8799188e+01  -4.7645244e+01   2.0000000e+00
   1.1112749e+01  -8.7332290e+01   1.0000000e+00
  -3.1377713e+01   2.9084291e+02   2.0000000e+00
  -1.1715633e+02   1.7579561e+02   1.0000000e+00
  -9.0466661e+01   1.3415856e+02   1.0000000e+00
  -1.9995903e+02   6.3924349e+01   1.0000000e+00
   3.4872510e+02   4.1629096e+02   2.0000000e+00
  -3.1252908e+02  -3.5093622e+02   2.0000000e+00
  -3.5118598e+02  -2.8095056e+02   2.0000000e+00
  -3.5859588e+02  -3.6887355e+02   2.0000000e+00
  -2.7021543e+02  -2.9840878e+02   2.0000000e+00
  -2.5902239e+02   5.4977306e+01   2.0000000e+00
   3.8977150e+02  -7.5212608e+00   2.0000000e+00
  -3.4298634e+02  -2.5654323e+01   1.0000000e+00
   2.1908165e+01   1.6646931e+02   1.0000000e+00
   1.3210937e+02  -6.7450608e+01   1.0000000e+00
  -9.0803484e+01   3.3051737e+01   1.0000000e+00
  -9.0120028e+01   3.1122865e+00   1.0000000e+00
   3.6646625e+02  -8.3130679e+01   1.0000000e+00
   1.0352267e+02   2.2443102e+01   1.0000000e+00
  -3.7707187e+02   4.2295906e+02   2.0000000e+00
   3.1212920e+02   9.5032359e+01   2.0000000e+00
  -4.8897845e+01  -4.3209382e+02   2.0000000e+00
   7.2293099e+01   3.1443425e+02   1.0000000e+00
  -1.2884423e+02  -6.3395079e+00   1.0000000e+00
  -3.7356579e+02  -4.1943880e+02   2.0000000e+00
   7.8271207e+01  -2.9076638e+02   1.0000000e+00
  -4.2711523e+02  -3.7427879e+02   2.0000000e+00
  -1.4172170e+02  -3.3499754e+02   2.0000000e+00
   2.1011027e+02   1.0487750e+02   1.0000000e+00
  -3.3677728e+01   1.1124574e+02   1.0000000e+00
   7.7108132e+01  -8.6574594e+01   1.0000000e+00
   5.5113885e+01   2.1076349e+02   1.0000000e+00
  -3.9175488e+02   8.3872057e+01   2.0000000e+00
  -3.6021270e+01  -4.9436087e+01   1.0000000e+00
  -1.6665911e+02  -3.7190917e+02   2.0000000e+00
   1.4885643e+01   1.5757451e+02   1.0000000e+00
  -2.2300875e+01   6.0790902e+01   1.0000000e+00
   7.9749388e+01   4.7044339e+01   1.0000000e+00
   1.1802487e+02  -5.5912873e+01   2.0000000e+00
  -3.4104867e+02   3.0149023e+02   2.0000000e+00
   1.5907913e+02  -4.8604235e+02   2.0000000e+00
  -1.9268860e+02   2.0016864e+02   1.0000000e+00
  -2.8221547e+02   5.4734166e+01   2.0000000e+00
   2.0947475e+02   2.7861008e+02   1.0000000e+00
  -4.9315423e+01   1.5461017e+02   1.0000000e+00
  -1.3590829e+02  -3.6102379e+02   2.0000000e+00
   5.5333184e+01  -1.6427446e+02   1.0000000e+00
  -1.0846003e+02   2.6910847e+01   1.0000000e+00
  -1.6979071e+02  -7.9362831e+01   1.0000000e+00
   8.8406107e+01  -1.8255247e+02   1.0000000e+00
  -2.3855217e+02   2.6458138e+02   2.0000000e+00
   2.1602392e+02  -1.6537081e+02   1.0000000e+00
   4.5434114e+02  -4.0097386e+02   2.0000000e+00
   1.4077856e+02  -2.3549965e+02   1.0000000e+00
  -1.6845824e+02  -1.3655485e+02   1.0000000e+00
  -7.8817761e+00   1.4906488e+02   1.0000000e+00
  -1.3502239e+02   1.0033655e+02   1.0000000e+00
   1.0658425e+02  -4.9360168e+02   2.0000000e+00
  -1.2014395e+02   1.5615900e+02   1.0000000e+00
   1.5400820e+02   2.4428113e+02   1.0000000e+00
  -6.9256479e+01   2.9884231e+02   2.0000000e+00
  -1.2595998e+02   1.6070805e+02   1.0000000e+00
  -4.8276515e+01  -1.4728461e+01   1.0000000e+00
  -2.7488767e+02  -2.1569933e+02   2.0000000e+00
   2.6431815e+02   1.1721860e+02   1.0000000e+00
   7.7895571e+01   4.2686159e+02   2.0000000e+00
  -1.0008598e+01   1.3319106e+02   1.0000000e+00
  -3.7219183e+02   8.2851822e+01   2.0000000e+00
  -2.5254318e+02   1.1587107e+02   1.0000000e+00
  -9.8702264e+01  -4.3342421e+02   2.0000000e+00
   8.0079422e+01   3.2806706e+02   1.0000000e+00
   3.0871417e+02  -6.1898672e+01   1.0000000e+00
  -2.1453011e+02   3.1373798e+02   1.0000000e+00
   6.0468811e+01   6.8829113e+01   1.0000000e+00
   5.4628444e+01  -2.2641427e+02   2.0000000e+00
  -1.6321131e+02   3.4683968e+02   1.0000000e+00
  -5.5478632e+01  -5.2085607e+02   2.0000000e+00
   2.8667387e+02   3.9528376e+02   2.0000000e+00
   9.3880963e+01  -4.5673438e+02   2.0000000e+00
   3.1696289e+01  -1.0532474e+02   1.0000000e+00
   3.3815870e+02  -3.0762909e+02   2.0000000e+00
   8.0619012e+01  -4.3116406e+02   2.0000000e+00
  -3.9442212e+02   2.5019142e+02   2.0000000e+00
   3.7556233e+02  -2.0143121e+02   2.0000000e+00
  -4.4314634e+01   1.6719870e+01   2.0000000e+00
  -2.1425755e+01  -4.1563458e+02   2.0000000e+00
  -3.2306604e+02   1.7237264e+00   1.0000000e+00
  -1.7769756e+01  -2.0711419e+02   1.0000000e+00
   2.2066685e+01  -3.1617832e+02   2.0000000e+00
  -9.7608057e+00  -2.2510174e+01   1.0000000e+00
   2.3748108e+02  -1.0701037e+02   1.0000000e+00
   2.6824335e+02   1.7061353e+02   1.0000000e+00
  -1.9980806e+02  -1.9588487e+02   2.0000000e+00
   1.0623472e+02   3.3274218e+02   1.6000000e+00
   1.5175689e+02  -3.5997371e+01   1.0000000e+00
  -3.8615160e+01  -5.3840527e+01   2.0000000e+00
  -2.0043537e+01  -1.5123020e+02   1.0000000e+00
   2.7970704e+01   3.6372168e+02   2.0000000e+00
   2.0178577e+02  -1.6179881e+01   1.0000000e+00
  -1.1531167e+02   2.3115457e+02   1.0000000e+00
  -3.5845857e+02   2.4141368e+02   2.0000000e+00
   8.1684694e+01  -1.5719634e+02   1.0000000e+00
   1.9630240e+02   3.8190800e+02   2.0000000e+00
  -2.6465110e+02   8.0952382e+00   1.0000000e+00
  -5.4897170e+01  -1.1720532e+02   1.0000000e+00
  -2.3624596e+02  -2.0852794e+02   2.0000000e+00
  -9.1422854e+01   1.0406653e+02   1.0000000e+00
  -3.1347924e+02  -4.0256484e+02   2.0000000e+00
  -3.4403806e+02   1.3091747e+02   2.0000000e+00
   5.7567910e+01  -2.3811187e-01   1.0000000e+00
   1.1537497e+02  -2.8794515e+02   1.0000000e+00
  -1.6265105e+02   1.2396938e+02   1.0000000e+00
   1.7076122e+02   2.9641088e+02   1.0000000e+00
  -1.7004002e+02   1.2242304e+01   1.0000000e+00
   9.8607370e+01   5.4544816e+01   1.0000000e+00
  -9.9542087e+01   3.5436999e+02   1.0000000e+00
  -5.0319940e+01  -4.4795945e+02   2.0000000e+00
   6.4186990e+01   3.5253600e+01   1.0000000e+00
  -5.8078810e+01   1.2334619e+02   1.0000000e+00
   4.1400700e+01   7.1774919e+01   1.0000000e+00
  -6.7742396e+01  -3.9482878e+02   2.0000000e+00
   3.6816670e+02   1.5197818e+02   2.0000000e+00
  -8.6947653e+01  -1.0987566e+02   1.0000000e+00
  -1.7581164e+02   3.4431316e+02   2.0000000e+00
   2.6424378e+02   5.0698128e+01   1.0000000e+00
   4.4044218e+02  -1.2450815e+02   2.0000000e+00
  -2.2557527e+01  -3.7336607e+02   2.0000000e+00
   1.3879642e+02  -7.4615578e+01   1.0000000e+00
  -2.5704426e+02  -1.5358193e+02   1.0000000e+00
   6.2635990e+01  -3.2851971e+02   2.0000000e+00
  -5.7299959e+01   2.6640413e+02   1.0000000e+00
  -3.5851689e+02  -3.8389093e+02   2.0000000e+00
  -1.1896493e+02   2.8698355e+02   1.0000000e+00
   1.1459886e+02  -5.3368631e+02   2.0000000e+00
   2.0210101e+02   3.3486539e+02   2.0000000e+00
   7.3583662e+01   7.5528371e+01   1.0000000e+00
   1.5837797e+02   4.0625515e+02   2.0000000e+00
   3.1207569e+02   8.6301332e+01   1.0000000e+00
   1.0663433e+02  -2.4030664e+02   1.0000000e+00
  -1.0343035e+02  -1.1413347e+02   2.0000000e+00
  -1.2352619e+02  -4.4171187e+02   2.0000000e+00
  -9.3666280e+01   5.5877147e+01   2.0000000e+00
   3.3250302e+02  -3.9459234e+02   2.0000000e+00
   3.1531375e+02   1.7574636e+02   2.0000000e+00
  -2.6318000e+02  -1.7849458e+02   1.0000000e+00
  -1.3313843e+02   3.1417626e+02   1.0000000e+00
  -9.4575362e+01   1.9545079e+02   1.0000000e+00
   8.7375061e+01  -4.7159237e+02   2.0000000e+00
  -2.0863661e+02  -2.1261268e+02   2.0000000e+00
  -3.6201067e+02  -4.0670241e+02   2.0000000e+00
  -1.1907097e+02  -1.2906922e+02   1.0000000e+00
   2.3625796e+01  -2.3180558e+01   1.0000000e+00
   4.0941788e+02   1.8013049e+02   2.0000000e+00
  -3.0595628e+02   2.7954578e+02   2.0000000e+00
   1.9096731e+02   7.5920367e+01   1.0000000e+00
  -4.4096947e+01   1.3578632e+02   1.1000000e+00
   2.4987230e+00   6.9502884e+01   1.0000000e+00
   6.7109051e+01  -3.3493769e+02   2.0000000e+00
  -3.1798952e+02  -2.2015452e+02   2.0000000e+00
   3.3736481e+01  -3.4433725e+02   2.0000000e+00
   2.6295458e+02  -1.7688754e+02   1.0000000e+00
   1.0414954e+02   5.9919456e+01   1.0000000e+00
  -1.1276117e+02   4.1395477e+01   1.0000000e+00
   2.9233237e+01  -1.8003800e+01   1.0000000e+00
   3.8614799e+02   3.6432827e+02   2.0000000e+00
  -1.5973900e+02  -4.2201095e+01   1.0000000e+00
  -1.3001354e+02   1.8373097e+02   1.0000000e+00
   3.9208905e+02   9.2690081e+01   2.0000000e+00
  -1.8948387e+02   1.4249352e+02   1.0000000e+00
  -9.9660045e+01   1.9092907e+02   1.0000000e+00
  -1.8597998e+02   1.1628900e+02   1.0000000e+00
   5.5639902e+01   2.6150590e+02   1.0000000e+00
   2.4343151e+02   3.3881652e+01   2.0000000e+00
   8.0425390e+01  -2.0996337e+02   2.0000000e+00
   7.3976441e+01  -6.6599319e+01   1.0000000e+00
  -1.6328944e+02  -3.3641772e+02   2.0000000e+00
   1.1975829e+01   2.8634610e+02   1.0000000e+00
   8.1003208e+01  -2.9069513e+01   1.0000000e+00
  -5.2530035e+00  -5.6424379e+01   1.0000000e+00
   2.7776985e+02  -2.5645281e+02   2.0000000e+00
  -4.3772656e+01   6.4511251e+01   2.0000000e+00
   7.6774667e+01  -1.7347676e+01   1.0000000e+00
  -1.1621314e+02  -3.1518287e+01   1.0000000e+00
  -1.6331916e+01  -4.0577740e+02   2.0000000e+00
   4.6579751e+02  -2.6383346e+02   2.0000000e+00
  -3.5052526e+01   1.7024768e+02   1.0000000e+00
   3.6877798e+02  -2.2923150e+02   2.0000000e+00
  -2.1531737e+01  -4.3847546e+02   2.0000000e+00
  -2.6141687e+02   3.8687073e+02   2.0000000e+00
   3.6143746e+02  -3.0096654e+02   2.0000000e+00
  -2.5409312e+02   1.1988509e+02   1.0000000e+00
  -1.8054932e+02  -1.4364701e+02   1.0000000e+00
   9.3974716e+01   1.2224433e+01   1.0000000e+00
   6.1738780e+01  -1.7115122e+02   1.0000000e+00
  -4.2863633e+02  -4.3680502e+02   2.0000000e+00
  -3.2855640e+02  -1.8003010e+02   2.0000000e+00
   1.3478551e+02  -5.0577046e+01   1.0000000e+00
  -4.6913317e+01   8.2223177e+01   1.0000000e+00
  -1.8930416e+02  -2.1417236e+02   1.0000000e+00
   2.3109938e+02  -1.8070179e+02   1.0000000e+00
  -3.8681146e+02   7.2186745e+01   2.0000000e+00
  -2.8564217e+02  -4.5021374e+02   2.0000000e+00
  -3.6684819e+01   2.2222654e+02   1.0000000e+00
  -2.7829012e+02   2.4443808e+01   1.0000000e+00
  -1.0699383e+02   3.3697256e+02   1.0000000e+00
   8.6847518e+01   2.6079974e+02   1.0000000e+00
   2.4120363e+02  -2.2559091e+02   1.0000000e+00
  -1.1980318e+01  -4.8634478e+01   1.0000000e+00
  -1.1783222e+02   2.4339602e+02   2.0000000e+00
  -5.3781569e+01   1.9346594e+01   1.0000000e+00
  -8.6005530e+01   1.2749879e+02   1.0000000e+00
   3.9056804e+02   2.4627546e+02   2.0000000e+00
  -1.9675257e+02  -2.3427997e+02   1.0000000e+00
   4.5791141e+02   2.1183260e+02   2.0000000e+00
  -6.4686207e+01  -3.8578413e+02   2.0000000e+00
  -1.2405590e+02   1.2531819e+02   1.0000000e+00
   2.4021803e+02  -2.7096533e+02   1.0000000e+00
   1.6482993e+02  -2.6532063e+00   2.0000000e+00
  -3.6247509e+02   1.0779272e+02   2.0000000e+00
   3.9984809e+02  -3.2371928e+02   2.0000000e+00
   4.5216381e+02   2.8733181e+02   2.0000000e+00
   3.3217891e+02   1.0789486e+02   1.0000000e+00
  -2.6610333e+02  -1.8248314e+02   2.0000000e+00
   2.2944733e+01  -4.0473745e+02   2.0000000e+00
  -5.7544169e+01   1.3000778e+02   1.0000000e+00
  -2.3267124e+02  -3.4507565e+02   2.0000000e+00
  -1.2120257e+02  -1.0762990e+02   1.0000000e+00
   8.4426195e+01   2.5411382e+02   1.0000000e+00
  -2.5385660e+02  -9.9269714e+01   1.0000000e+00
  -7.1450917e+01  -2.6925117e+01   1.0000000e+00
   4.3708977e+02  -1.2784274e+02   2.0000000e+00
  -2.7578034e+02   3.3444100e+02   2.0000000e+00
   3.7680106e+02   4.3933392e+01   2.0000000e+00
  -1.2898091e+02  -1.0323054e+02   1.0000000e+00
  -2.5547582e+01   1.5129885e+02   1.0000000e+00
   4.8203238e+02   3.4160014e+02   2.0000000e+00
   4.5401162e+01  -2.0884644e+02   2.0000000e+00
  -1.2421530e+02   1.7449681e+02   1.0000000e+00
   2.6075445e+01  -1.7561942e+02   1.0000000e+00
   1.1422057e+02   1.0387053e+01   1.0000000e+00
   4.4860347e+01   3.8283554e+02   2.0000000e+00
  -3.6145404e+01  -2.5468851e+02   1.0000000e+00
   1.3155559e+02  -3.9742872e+02   2.0000000e+00
  -1.6515496e+02  -1.2401458e+02   1.0000000e+00
   3.7649081e+02  -4.2951937e+02   2.0000000e+00
  -3.2123790e+02   3.4164940e+02   2.0000000e+00
   7.2816116e+01  -1.0340907e+01   1.0000000e+00
  -1.8429792e+02   3.6957352e+01   1.0000000e+00
   1.2115658e+02  -2.6618838e+02   1.0000000e+00
  -3.1441109e+02   1.9450303e+02   2.0000000e+00
   1.3860931e+01   2.1371887e+02   1.0000000e+00
  -3.9671000e+02   2.5268970e+02   2.0000000e+00
   2.1224292e+02  -2.4589630e+02   1.0000000e+00
  -3.7637163e+02  -2.8934288e+02   2.0000000e+00
   4.9271672e+02   3.5798529e+02   2.0000000e+00
   3.2274939e+02   2.3081455e+02   2.0000000e+00
   1.6540626e+02  -7.3714666e+01   1.0000000e+00
  -2.6621672e+02   3.8704100e+02   2.0000000e+00
   2.4437714e+02  -1.9867860e+02   1.0000000e+00
  -3.6955501e+02  -2.6797246e+02   2.0000000e+00
   4.4435691e+01  -3.8424996e+00   1.0000000e+00
  -1.6083620e+02   1.1772583e+02   1.0000000e+00
   9.4592973e+01  -3.3877305e+02   1.0000000e+00
   5.3075690e+01   4.1033519e+01   1.0000000e+00
   4.4938250e+02  -2.8035809e+02   2.0000000e+00
  -3.2490741e+02  -1.2976837e+02   1.0000000e+00
  -3.5105410e+02   3.3239253e+02   2.0000000e+00
  -1.0431215e+02   2.7023083e+02   2.0000000e+00
   1.2312619e+01  -7.6110402e+01   1.0000000e+00
  -1.6431227e+02   7.9857805e+01   1.0000000e+00
   2.2649285e+02  -2.3182485e+02   1.0000000e+00
   3.1539814e+02  -3.4363886e+02   2.0000000e+00
   2.6857572e+02   1.4872922e+02   1.0000000e+00
  -1.2751722e+02  -8.9787493e+01   1.0000000e+00
   1.2653048e+02   4.2740916e+02   2.0000000e+00
  -2.9964958e+02   3.1614030e+02   2.0000000e+00
  -1.9004722e+02  -2.1471608e+02   1.0000000e+00
  -7.4167578e+01   2.6185760e+02   1.0000000e+00
   1.5201669e+02  -5.7755627e+01   1.0000000e+00
   8.5310124e+01  -1.8721416e+02   1.0000000e+00
   1.9420017e+02   2.7790237e+02   1.0000000e+00
  -3.6684368e+02   1.9668588e+02   2.0000000e+00
   3.8382516e+02  -1.0680346e+02   2.0000000e+00
   2.2035067e+02  -2.6818446e+02   1.0000000e+00
   3.3535074e+02   2.7594940e+02   2.0000000e+00
   2.6003040e+02  -1.8485084e+02   1.0000000e+00
  -5.4142171e+01  -9.3957216e+01   2.0000000e+00
   3.1893028e+02  -3.7495758e+02   2.0000000e+00
  -7.2733213e+01  -1.5668715e+02   1.0000000e+00
   1.9724182e+01  -1.3373063e+02   1.0000000e+00
   2.1606926e+02  -1.0232841e+02   1.0000000e+00
   2.0857391e+02   1.2324625e+02   1.0000000e+00
  -1.5806133e+02   2.5904238e+02   2.0000000e+00
  -5.2714470e+01   3.7387397e+01   1.0000000e+00
  -2.5668383e+02  -4.1054011e+01   1.0000000e+00
  -1.2128003e+02  -2.5997690e+02   2.0000000e+00
   1.0583202e+02   2.1648444e+02   1.0000000e+00
   5.7574975e+01  -2.8746352e+02   2.0000000e+00
   1.9123947e+01  -2.9053650e+01   1.0000000e+00
   9.6854086e+01  -3.5067014e+01   1.0000000e+00
  -2.6140777e+02  -4.1433851e+02   2.0000000e+00
  -2.7303265e+02  -8.8966127e+01   1.0000000e+00
   4.1808858e+01   1.3056365e+02   1.9000000e+00
  -2.4509677e+02  -1.8355045e+02   2.0000000e+00
   2.1697032e+02  -3.4000963e+02   2.0000000e+00
  -2.6271441e+02   3.7036618e+02   2.0000000e+00
   2.9104982e+02  -4.5520145e+02   2.0000000e+00
   3.8203240e+02   4.8297908e+01   2.0000000e+00
  -3.2429231e+01   3.5560542e+02   2.0000000e+00
  -1.2927584e+02   1.1191859e+02   1.0000000e+00
  -3.4658882e+02   2.4737171e+02   2.0000000e+00
   3.6930468e+02  -3.6220507e+02   2.0000000e+00
  -4.4222076e+02  -4.1620210e+02   2.0000000e+00
  -3.5318272e+02  -3.2431766e+02   2.0000000e+00
  -3.5389204e+02   1.1097217e+02   2.0000000e+00
  -9.0669820e+01   1.6830874e+01   2.0000000e+00
  -8.8834355e+01   1.4937840e+02   1.0000000e+00
   5.8741971e+01  -8.8217159e+00   1.0000000e+00
  -1.9934250e+02  -3.5880373e+02   2.0000000e+00
  -1.4556036e+02   2.2255818e+02   1.0000000e+00
  -8.7042060e+01   1.6220275e+02   1.0000000e+00
  -7.3738334e+01  -3.7125880e+02   2.0000000e+00
   1.3866574e+02  -2.2607640e+00   1.0000000e+00
  -3.6782436e+02   1.0877683e+02   2.0000000e+00
   6.6140736e+01   3.9395298e+02   2.0000000e+00
  -5.2546311e+01   3.2582187e+02   2.0000000e+00
   1.5616784e+02  -4.0531010e+02   2.0000000e+00
  -8.3432149e+01  -1.8150648e+01   1.0000000e+00
   4.2959883e+01   4.0494285e+02   2.0000000e+00
  -1.0978761e+02   2.5638275e+02   1.0000000e+00
   3.5728504e+02  -4.6446129e+02   2.0000000e+00
   1.0808635e+02   3.0446891e+02   1.0000000e+00
   2.5976532e+02   7.7396575e+01   1.0000000e+00
  -1.8931456e-01  -1.0480685e+02   1.0000000e+00
   5.8959399e+00  -4.2182395e+01   1.0000000e+00
   4.8428243e+02   3.2912570e+02   2.0000000e+00
   9.1081061e+01   2.8760582e+00   1.0000000e+00
  -4.4546219e+02  -4.6005579e+02   2.0000000e+00
   1.0568178e+02   1.9945581e+02   1.0000000e+00
  -2.9852387e+02  -4.1994935e+02   2.0000000e+00
   3.4871009e+02   2.0856662e+02   2.0000000e+00
  -1.2239720e+02  -2.8214155e+02   2.0000000e+00
  -3.8285001e+02   4.9085037e+01   2.0000000e+00
   2.1907410e+02   2.0012008e+02   1.0000000e+00
   3.5250467e+02  -2.5632294e+02   2.0000000e+00
   3.2816910e+02  -4.8524691e+02   2.0000000e+00
   3.2469537e+02  -1.3311555e+02   1.0000000e+00
   2.4836508e+02  -4.9682113e+02   2.0000000e+00
  -2.4305233e+02   5.1427735e+01   2.0000000e+00
   6.6012574e+01  -1.2179558e+02   1.0000000e+00
   1.3636866e+02   2.5584671e+02   1.0000000e+00
  -1.3604359e+01  -8.5778322e+01   2.0000000e+00
   1.5018718e+02  -2.8974381e+02   1.0000000e+00
   3.6288269e+01  -2.1938781e+02   1.0000000e+00
   4.4394472e+02  -3.9042446e+02   2.0000000e+00
  -2.9297844e+02   3.9256740e+02   2.0000000e+00
   5.5513029e+00  -2.2755276e+02   1.0000000e+00
  -1.1403263e+02  -2.3150108e+01   1.0000000e+00
   3.3969208e+01   1.1840371e+02   1.0000000e+00
   1.3053425e+02   6.2960061e+01   1.0000000e+00
  -1.4587066e+01  -1.1112680e+02   1.0000000e+00
   4.1918702e+00   2.4322153e+02   1.0000000e+00
  -1.0993793e+02  -2.3076813e+02   1.0000000e+00
  -3.9480722e+01   3.0665984e+02   2.0000000e+00
  -8.3072055e+01   1.4886533e+02   1.0000000e+00
   3.2174437e+01  -1.8746902e+02   1.0000000e+00
   1.6346487e+01   1.7476771e+02   1.0000000e+00
   2.2769116e+02  -7.5739451e+00   1.0000000e+00
   6.0777067e+01  -2.0438500e+02   1.0000000e+00
  -1.2077340e+01   1.0366887e+01   2.0000000e+00
  -2.8780513e+00   3.3728706e+02   2.0000000e+00
   9.3669432e+01   1.0428380e+02   1.0000000e+00
   2.2380517e+02  -4.5834568e+02   2.0000000e+00
   8.6285592e+01   2.3083247e+02   1.0000000e+00
   2.8609042e+02   1.2419397e+02   1.0000000e+00
  -2.6992735e+01  -3.6302594e+02   2.0000000e+00
  -1.8214141e+02   5.7532226e+01   1.0000000e+00
   1.9580410e+02   2.9790455e+02   1.0000000e+00
   1.3115026e+02  -6.5035190e+01   2.0000000e+00
  -9.5326816e+01   1.8327762e+02   1.0000000e+00
  -2.5331616e+02  -1.7506285e+02   2.0000000e+00
  -1.1814619e+02   2.4635272e+02   2.0000000e+00
  -3.2501676e+02  -1.9517444e+02   2.0000000e+00
   1.6355349e+02  -3.7460374e+02   1.0000000e+00
  -5.9265219e+01  -1.5555058e+02   1.0000000e+00
  -4.3476313e+01   1.3508997e+02   1.0000000e+00
  -1.8524450e+02  -1.5847643e+01   1.0000000e+00
   1.1202581e+02   9.6708865e+00   1.0000000e+00
  -2.1984797e+02  -1.8061662e+02   1.0000000e+00
   3.5943656e+02   2.2381035e+02   2.0000000e+00
   3.1104763e+01  -1.5761688e+02   2.0000000e+00
   1.5737936e+02  -7.1089555e+01   1.0000000e+00
   4.7115506e+02  -1.7899247e+02   2.0000000e+00
   3.1939435e+02  -2.9562804e+02   2.0000000e+00
  -3.7966138e+02  -1.8610939e+02   2.0000000e+00
   1.6878820e+01   2.5255327e+00   1.0000000e+00
  -4.0059822e+02  -2.4856376e+02   2.0000000e+00
   1.2077214e+02  -5.8249601e+02   2.0000000e+00
  -1.0499088e+02   2.7867777e+01   2.0000000e+00
   3.9569780e+02   1.7746179e+02   2.0000000e+00
   4.6051474e+02  -3.8979692e+02   2.0000000e+00
   3.9956125e+02   1.7459261e+02   2.0000000e+00
  -3.7551877e+02  -2.5566535e+02   2.0000000e+00
  -1.3322529e+01  -4.4661090e+01   1.0000000e+00
  -3.3780276e+02  -1.0702574e+02   1.0000000e+00
  -1.7760526e+02   1.9939098e+02   1.0000000e+00
   3.2936176e+02   2.0037647e+02   2.0000000e+00
   2.7246500e+01  -3.8081719e+00   1.0000000e+00
  -1.2936149e+02   1.5750207e+02   1.0000000e+00
   3.5037074e+02   9.8705258e+01   2.0000000e+00
   4.5780951e+02   3.0703934e+02   2.0000000e+00
   1.0456762e+02  -3.5496904e+02   1.0000000e+00
  -1.6965519e+02   2.5169741e+02   1.0000000e+00
   8.6033690e+01  -4.6603830e+02   2.0000000e+00
  -1.7952341e+02  -4.1287286e+02   2.0000000e+00
   4.1212057e+02  -3.7757448e+02   2.0000000e+00
  -3.4186622e+01  -1.5225015e+02   1.0000000e+00
   3.6687778e+02  -2.0030734e+02   2.0000000e+00
   3.3949546e+02   6.3996226e+01   1.0000000e+00
   1.9918085e+01  -4.1423893e+02   2.0000000e+00
   1.1025934e+02  -6.1708083e+01   1.0000000e+00
   3.2879274e+02   2.1938699e+02   2.0000000e+00
   3.6621005e+02   1.6901374e+02   2.0000000e+00
  -2.6307652e+02  -3.6939207e+01   1.0000000e+00
   7.6106400e+01   3.5090169e+02   2.0000000e+00
  -3.6965796e+02  -2.8064245e+02   2.0000000e+00
  -2.2393692e+02   2.3824521e+02   1.0000000e+00
  -1.9890069e+02   2.0652706e+02   1.0000000e+00
   3.2587391e+02   1.0386090e+02   1.0000000e+00
  -2.0793428e+02  -1.2522023e+02   1.0000000e+00
   1.8029492e+01  -5.8198830e+02   2.0000000e+00
   6.3221331e+01  -6.3237097e+01   1.0000000e+00
   4.3398211e+02  -2.4811659e+02   2.0000000e+00
  -8.4515687e+01   1.3754798e+02   1.0000000e+00
  -9.7305026e+01   3.5042586e+02   1.0000000e+00
  -7.2082399e+00  -2.4279613e+02   1.0000000e+00
  -1.0261614e+02   2.4165416e+01   1.0000000e+00
   1.3410135e+02  -5.7953663e+02   2.0000000e+00
  -1.0358904e+02  -1.4429350e+02   2.0000000e+00
  -2.5892810e+02  -2.8103730e+02   2.0000000e+00
  -1.2017562e+02   2.1653167e+02   1.0000000e+00
  -1.3064776e+01  -2.4068030e+02   1.0000000e+00
   1.1825268e+01  -3.6143323e+02   1.0000000e+00
  -1.9900544e+02  -5.2678566e+01   1.0000000e+00
  -3.2369033e+02  -2.1883429e+02   2.0000000e+00
  -4.6234464e+01   2.8911562e+02   1.0000000e+00
   1.9660756e+02  -3.1640487e+02   1.0000000e+00
  -4.6781520e+02  -3.9718311e+02   2.0000000e+00
  -1.1386203e+02   2.9010929e+02   1.0000000e+00
  -1.4263681e+02   2.1125905e+02   1.0000000e+00
   1.9952038e+02   3.4357096e+02   2.0000000e+00
   3.3830587e+02   3.9202922e+02   2.0000000e+00
   6.9541338e+01   6.6143341e+01   1.0000000e+00
  -2.0042192e+02  -2.6959672e+01   1.0000000e+00
  -2.0065565e+01  -5.4255255e+02   2.0000000e+00
   4.3056163e+02  -3.6822963e+02   2.0000000e+00
   4.5744320e+01  -1.4695891e+01   2.0000000e+00
   3.1208083e+02   9.5372528e+01   2.0000000e+00
  -3.5292973e+02   1.5582309e+02   2.0000000e+00
   2.2856562e+02   7.1955938e+01   1.0000000e+00
  -9.3256355e+01   2.6980283e+02   1.7000000e+00
  -5.3494662e+01   8.0872232e+00   1.0000000e+00
  -9.5218493e+01   7.7712590e+01   2.0000000e+00
  -1.5195897e+01  -3.8909589e+02   2.0000000e+00
   1.0409697e+00   2.0421830e+02   1.0000000e+00
  -7.1877263e+01   7.7414183e+01   1.4000000e+00
   1.4655659e+01  -1.7841415e+02   1.0000000e+00
  -3.0415764e+02   2.0380231e+01   1.0000000e+00
  -3.0337450e+01   6.3368520e+01   1.0000000e+00
  -1.3157466e+02   3.0336323e+02   1.0000000e+00
   4.0122909e+01   1.1955344e+02   2.0000000e+00
   3.1367126e+02   1.7775063e+02   2.0000000e+00
  -3.9903528e+02   4.2284353e+02   2.0000000e+00
  -3.2171988e+02   3.4709968e+02   2.0000000e+00
  -5.3230676e+01   2.7776758e+02   1.0000000e+00
   3.8170048e+02   3.5505501e+02   2.0000000e+00
   1.0808190e+02  -3.3458246e+02   1.0000000e+00
  -1.1742658e+02   1.5239631e+02   1.0000000e+00
  -2.8547530e+02  -2.0713577e+02   2.0000000e+00
  -4.5947142e+01   8.3411274e+01   1.0000000e+00
   1.8123718e+01   3.0097520e+02   1.0000000e+00
   8.4762081e+01   2.2900453e+02   1.0000000e+00
   1.2384402e+02  -2.8141217e+01   1.0000000e+00
   1.6940579e+02   7.2755205e+01   1.0000000e+00
   5.7522395e+01  -5.6183254e+02   2.0000000e+00
   3.2695362e+02  -3.1759326e+02   2.0000000e+00
  -1.6008923e+02   3.1884737e+02   1.0000000e+00
   8.1106311e+01  -2.5403337e+01   1.0000000e+00
   1.7210803e+02  -3.4671734e+01   1.0000000e+00
   2.7074165e+02   3.7374777e+02   2.0000000e+00
   2.3204230e+02  -2.4104005e+02   1.0000000e+00
   1.6495091e+02  -2.3090821e+01   1.0000000e+00
  -1.8709233e+02   1.0800154e+02   1.0000000e+00
   7.9545683e+01   2.9345572e+01   1.0000000e+00
  -2.8398263e+02   4.3561657e+01   1.0000000e+00
   4.5006732e+02  -4.1831173e+02   2.0000000e+00
  -2.4646557e+01  -2.2528485e+02   1.0000000e+00
   3.6294263e+02   3.0126001e+02   2.0000000e+00
  -4.3190367e+01  -2.4317993e+00   1.0000000e+00
   2.1605078e+02  -1.1241579e+02   1.0000000e+00
  -2.1235279e+02  -2.4407708e+02   2.0000000e+00
  -1.1839742e+02   1.7469142e+02   1.0000000e+00
   4.7037835e+02   3.4923156e+02   2.0000000e+00
  -4.0095676e+02   3.9469533e+02   2.0000000e+00
   1.9191720e+02   8.3377877e+01   1.0000000e+00
   1.7211613e+02  -4.6053976e+02   2.0000000e+00
   8.3901429e+01  -1.7745785e+02   1.0000000e+00
   3.4427469e+02   1.7214680e+02   2.0000000e+00
  -1.2287378e+02   2.7679572e+02   1.0000000e+00
  -2.1028239e+02  -3.0662841e+02   2.0000000e+00
  -3.4327533e+02  -1.6127524e+02   2.0000000e+00
  -3.6877911e+02   3.3834261e+02   2.0000000e+00
   5.6089461e+01  -8.4705619e+00   1.0000000e+00
  -3.0165124e+02   8.1999674e+01   1.0000000e+00
  -1.4396360e+02  -3.8943404e+01   1.0000000e+00
   3.1286721e+02   2.9790061e+02   2.0000000e+00
  -1.0001259e+01   1.2399039e+02   1.0000000e+00
  -1.6301853e+01   3.5952244e+02   2.0000000e+00
   1.5559505e+02  -4.0401266e+01   1.0000000e+00
   4.6892726e+02  -5.2472656e+02   1.9000000e+00
  -1.1189871e+02   3.7710746e+02   1.0000000e+00
   3.4123237e+01   5.4137443e+01   1.0000000e+00
   2.6764163e+02   2.8317957e+01   2.0000000e+00
   2.9276847e+02  -2.0294212e+02   1.0000000e+00
   3.9337919e+02  -2.8264505e+01   1.0000000e+00
   4.5152657e+01   1.0361734e+02   2.0000000e+00
   2.5653612e+02   6.2741964e+00   2.0000000e+00
  -2.4809380e+02   1.2288418e+02   1.0000000e+00
  -8.9347784e+01  -1.6892863e+02   1.0000000e+00
   3.3935177e+02   2.0398803e+02   2.0000000e+00
   1.5449994e+02   5.0166975e+01   1.0000000e+00
   9.0729004e+01   1.7214322e+01   1.9000000e+00
  -3.4834138e+02   4.4591342e+02   2.0000000e+00
   8.0459329e+01   2.6017263e+02   1.0000000e+00
  -5.2651642e+01   4.8199462e+01   2.0000000e+00
  -2.2071851e+02  -8.4463194e+01   1.0000000e+00
  -1.3149639e+02   1.6571785e+02   1.0000000e+00
   3.6566180e+02   1.4958165e+02   2.0000000e+00
  -2.7246881e+02   3.1704971e+02   2.0000000e+00
   4.3880370e+02   3.9444921e+02   2.0000000e+00
   1.2898649e+02  -3.0197116e+01   1.0000000e+00
  -1.9714565e+01   3.8988934e+02   2.0000000e+00
  -1.8484788e+02  -1.5459674e+02   1.0000000e+00
  -3.2410610e+02  -1.6765813e+02   2.0000000e+00
   3.3222178e+02  -1.3413227e+02   1.0000000e+00
   7.9170105e+01  -9.5918064e+01   1.0000000e+00
   4.7955399e+01  -3.9058668e+01   1.0000000e+00
  -1.5796593e+02  -4.9699961e+01   1.0000000e+00
   1.1713290e+02   2.1262894e+02   1.0000000e+00
  -2.1160179e+02  -1.2501990e+02   1.0000000e+00
  -3.0396270e+02  -2.4867014e+01   1.0000000e+00
  -3.3157005e+02   1.9834179e+02   2.0000000e+00
  -1.1635890e+01  -2.9256599e+02   1.0000000e+00
  -3.8709063e+02   2.4002652e+02   2.0000000e+00
   1.8719388e+02   7.7162975e+01   1.0000000e+00
  -1.3389948e+02   3.0325369e+02   1.0000000e+00
   1.1269918e+01   1.5779860e+02   1.0000000e+00
  -1.3190099e+02   2.2816447e+02   2.0000000e+00
   2.9502561e+02   6.1038535e+01   1.0000000e+00
  -3.1210355e+02  -5.3943656e+00   1.0000000e+00
   2.1169898e+02   7.8615289e+01   1.0000000e+00
  -2.3939788e+02  -3.8928303e+02   2.0000000e+00
  -1.8176130e+02   2.8053430e+02   2.0000000e+00
  -5.0170836e+01   1.9273912e+01   1.0000000e+00
   2.4279671e+02  -2.2163980e+02   1.0000000e+00
   2.2840219e+02   1.1752984e+02   1.0000000e+00
   3.5176819e+02   3.7993782e+02   2.0000000e+00
  -4.9141791e+01   1.8511513e+02   2.0000000e+00
  -8.7410711e+01   3.1599973e+02   1.0000000e+00
   3.9133827e+02   2.2919043e+02   2.0000000e+00
  -2.7707260e+02  -6.9252576e+01   1.0000000e+00
   4.4506721e+02   2.9376603e+02   2.0000000e+00
   4.4189468e+02  -2.5262730e+02   2.0000000e+00
