   1.4407331e+01  -3.1039776e+02   1.0000000e+00
  -2.0697687e+02  -2.4158433e+02   1.0000000e+00
   4.8784290e+02   3.0405790e+02   2.0000000e+00
  -6.7443511e+01  -3.3682374e+02   1.0000000e+00
   2.5220467e+02   5.6199874e+00   1.0000000e+00
  -3.1669195e+02  -1.8016666e+02   1.0000000e+00
   3.3945782e+02  -1.7303857e+02   1.0000000e+00
  -3.9852579e+02   1.6494759e+02   1.0000000e+00
   1.2305407e+02  -4.0145742e+02   1.0000000e+00
  -2.3679650e+02   1.2286098e+00   1.0000000e+00
   2.4725825e+02  -4.2394076e+02   1.0000000e+00
   4.1679049e+02   3.5712734e+02   1.0000000e+00
  -5.4218029e+02   5.0869019e+00   2.0000000e+00
  -1.7312613e+02  -5.0394035e+02   2.0000000e+00
   2.2601999e+02  -4.1959973e+02   1.0000000e+00
  -3.2793888e+02  -4.8206158e+02   1.0000000e+00
  -4.3112669e+02  -2.0113829e+02   1.0000000e+00
  -4.1528610e+02  -2.4235844e+02   1.0000000e+00
   2.7884975e+02   1.0944065e+02   1.0000000e+00
  -7.6126995e+01  -4.9751864e+01   1.0000000e+00
   3.1656575e+02  -1.4302321e+02   1.0000000e+00
  -1.0138410e+02   2.8395952e+02   1.0000000e+00
   5.4950495e+01  -7.8620329e+01   1.0000000e+00
   4.0832594e+02  -2.3002035e+02   1.0000000e+00
  -1.9355575e+01  -3.9303070e+02   1.0000000e+00
  -4.1996739e+02   1.0397516e+02   1.0000000e+00
  -2.5479788e+02  -5.2482803e+02   2.0000000e+00
  -4.2510428e+02  -6.1960213e+00   1.0000000e+00
  -1.9562897e+02  -1.4958855e+02   1.0000000e+00
   2.0902510e+02  -2.3434997e+02   1.0000000e+00
  -4.2473908e+02  -8.8538656e+01   1.0000000e+00
   3.1184812e+02   5.2941813e+02   2.0000000e+00
  -5.0168746e+02   4.7186406e+02   2.0000000e+00
   5.7786333e+02   2.0656559e+02   2.0000000e+00
   4.6751593e+02  -2.6791478e+02   1.0000000e+00
   3.8435033e+02   4.5607012e+02   1.0000000e+00
   5.1841055e+02   5.2041598e+02   2.0000000e+00
   2.9260843e+02   3.2190173e+02   1.0000000e+00
  -4.9562036e+02   3.6555044e+02   1.0000000e+00
  -1.7100729e+02  -7.3590736e+01   1.0000000e+00
  -5.0955745e+02   4.1727183e+02   2.0000000e+00
   5.4316434e+02   1.5874020e+02   2.0000000e+00
  -2.7332421e+02   3.2577592e+02   1.0000000e+00
  -2.5999450e+02  -1.8379034e+02   1.0000000e+00
   1.2660112e+02  -1.0017494e+01   1.0000000e+00
   3.4944611e+00   4.3351181e+02   2.0000000e+00
  -4.1403099e+02   4.6966314e+02   2.0000000e+00
   6.2578978e+01   3.8779511e+02   1.0000000e+00
   2.6028746e+02   3.6079555e+02   1.0000000e+00
   3.2911636e+02  -5.0902687e+02   2.0000000e+00
  -3.9099710e+02   5.2880385e+02   1.7000000e+00
   1.5868127e+02   3.6157280e+01   1.0000000e+00
   5.5005425e+02  -5.3628664e+02   2.0000000e+00
  -5.3208214e+01  -1.6215494e+02   1.0000000e+00
  -1.8680236e+02   1.3996401e+02   2.0000000e+00
   5.5706164e+01  -1.6523619e+02   1.0000000e+00
   8.0913911e+01   3.5520907e+02   1.0000000e+00
   4.0763656e+02   1.0052847e+02   2.0000000e+00
  -5.0893236e+02  -5.0624731e+02   1.0000000e+00
   2.7712235e+02   2.1857969e+02   1.0000000e+00
   5.6797488e+02   3.7847091e+02   2.0000000e+00
   9.6660518e+00   5.9517726e+02   2.0000000e+00
   3.0803200e+02   8.8491771e+01   1.0000000e+00
   4.6374739e+02   1.3255501e+02   1.0000000e+00
   1.5648669e+02   2.4701233e+01   1.0000000e+00
   1.9830086e+02  -2.5043477e+02   1.0000000e+00
   2.0440921e+01   2.0642547e+02   1.0000000e+00
   2.5966181e+02   1.5558974e+02   1.0000000e+00
   3.8821091e+02   3.8548174e+02   1.0000000e+00
   4.5541225e+02   5.2995267e+01   1.0000000e+00
  -2.1613342e+02   1.6042651e+02   1.0000000e+00
   1.3772671e+02  -1.0534709e+02   1.0000000e+00
  -3.0019006e+01  -5.2253765e+02   1.0000000e+00
  -4.5029405e+02   1.2460261e+01   1.0000000e+00
  -1.1715465e+02  -1.7254889e+02   1.0000000e+00
   2.9377063e+02  -1.4438840e+02   1.0000000e+00
  -8.3221544e+01  -2.3564460e+02   1.0000000e+00
   4.4982441e+02  -3.4823195e+02   1.0000000e+00
  -5.0458800e+02   1.4763718e+02   1.0000000e+00
  -1.0478181e+02  -5.4628587e+02   1.0000000e+00
  -4.9826824e+02  -4.0696835e+02   1.0000000e+00
   2.5210676e+02  -2.0538945e+02   1.0000000e+00
   4.6476031e+02   5.1443105e+01   1.0000000e+00
   5.2126253e+02  -2.6693944e+02   2.0000000e+00
   9.9660560e+01   4.3065636e+02   1.0000000e+00
  -4.4804002e+02   2.6229654e+02   1.0000000e+00
   3.3738056e+02  -4.1839406e+01   1.0000000e+00
   3.8201329e+02   1.4896855e+02   1.0000000e+00
  -3.4964719e+01   1.2011989e+02   1.0000000e+00
   3.8402476e+02  -2.9636850e+02   1.0000000e+00
  -3.9472941e+02   1.3040214e+02   1.0000000e+00
   8.2730500e+01  -4.3019278e+02   1.0000000e+00
   1.7481634e+02  -4.9942907e+02   2.0000000e+00
  -1.2770039e+02   3.8897429e+02   1.0000000e+00
  -2.7743040e+02  -1.0919045e+02   1.0000000e+00
   4.1480152e+02   2.6869875e+02   1.0000000e+00
   2.8840633e+02   3.4237418e+02   1.0000000e+00
   4.0710264e+02   1.7713796e+01   1.0000000e+00
  -1.4669927e+02   1.2010162e+02   1.0000000e+00
   5.2187551e+02  -8.4738868e+01   2.0000000e+00
  -1.5914628e+01  -3.8739599e+02   1.0000000e+00
   4.9267876e+02  -1.2931676e+02   2.0000000e+00
   2.7317163e+02  -8.9013290e+01   1.0000000e+00
   2.9349546e+01  -1.3538931e+02   1.0000000e+00
  -3.2495723e+02   3.7691997e+02   1.0000000e+00
  -5.6002458e+02   4.5597846e+02   2.0000000e+00
   8.9236429e+01  -6.9159335e+01   2.0000000e+00
   2.6966245e+02  -1.0037044e+02   1.0000000e+00
  -5.5658080e+01   5.1569183e+02   2.0000000e+00
  -3.9373527e+02  -2.6057508e+02   1.0000000e+00
   3.1860555e+02  -4.5470947e+02   1.0000000e+00
  -5.3194825e+02   1.9648273e+02   2.0000000e+00
   4.8066760e+02  -1.0570593e+02   2.0000000e+00
  -2.9399272e+02  -1.0099112e+02   1.0000000e+00
   3.1311875e+02  -2.3630229e+02   1.0000000e+00
   5.6835964e+02   4.1452873e+02   2.0000000e+00
  -8.6569543e+01  -3.7140512e+02   1.0000000e+00
  -2.0739433e+02   7.4519097e+01   1.0000000e+00
   3.3461588e+02   3.8944099e+02   1.0000000e+00
   1.2367131e+02   5.0801510e+02   1.0000000e+00
   1.8706069e+02   6.0765400e+02   2.0000000e+00
  -5.0112410e+02   2.4998799e+02   1.0000000e+00
   2.1360219e+02   3.0454902e+02   1.0000000e+00
  -4.9210610e+01   3.7608418e+02   1.0000000e+00
   1.4740484e+02  -4.4991046e+02   2.0000000e+00
  -1.4267764e+02  -1.0056260e+02   1.0000000e+00
   6.0081936e+01   2.7932287e+02   1.0000000e+00
   8.0268472e+01  -2.5233412e+02   1.0000000e+00
   3.1452235e+02   1.6758390e+02   1.0000000e+00
   4.8869101e+02  -4.1592133e+01   2.0000000e+00
  -5.3290575e+02  -1.3788724e+02   2.0000000e+00
  -1.0176334e+02  -2.3940583e+02   1.0000000e+00
  -3.7583132e+02  -3.0621908e+02   1.0000000e+00
   5.0206595e-02  -4.7062881e+02   1.0000000e+00
  -2.7070680e+02  -2.1118756e+01   1.0000000e+00
   6.6978921e+01   1.2853128e+02   1.0000000e+00
   6.6160716e+01   1.8726311e+01   1.0000000e+00
  -1.1206107e+02   8.4085080e+00   1.0000000e+00
   2.8297554e+01   4.2478055e+01   1.0000000e+00
  -2.7508576e+02  -3.3312968e+02   1.0000000e+00
  -1.0920848e+02  -5.2034678e+02   2.0000000e+00
   3.2871038e+02   2.3845818e+02   1.0000000e+00
  -1.5737830e+02   1.2898319e+02   1.0000000e+00
  -3.8128940e+02  -2.4037984e+01   2.0000000e+00
  -3.2945554e+02   4.9845618e+02   1.5000000e+00
  -2.7619825e+01   3.0234933e+02   1.0000000e+00
   2.8460313e+02  -4.7767436e+01   1.0000000e+00
   3.2507145e+02  -1.0883226e+01   1.0000000e+00
   4.1065106e+01   2.7169069e+02   1.0000000e+00
  -3.6858232e+02  -3.3160389e+02   1.0000000e+00
  -3.9026899e+02   3.7457733e+01   1.0000000e+00
  -4.3232211e+02   1.9348537e+02   1.0000000e+00
  -1.6931541e+02  -3.6136680e+02   1.0000000e+00
   1.9165179e+02   5.0177276e+01   1.0000000e+00
   3.4339127e+02   8.5144700e+01   2.0000000e+00
   5.1155855e+02  -4.1647506e+02   2.0000000e+00
  -3.4146345e+02  -1.6184990e+01   1.0000000e+00
   4.0010533e+02  -2.0760178e+01   1.0000000e+00
   4.1143390e+02   3.7995870e+02   1.0000000e+00
  -2.2310522e+02  -1.2633484e+02   1.0000000e+00
  -2.9769701e+02   1.4916666e+02   1.0000000e+00
   9.4600071e+01   6.3514148e+01   1.0000000e+00
  -3.1258363e+02  -8.8547593e+01   1.0000000e+00
  -5.0400346e+02   4.3525040e+02   2.0000000e+00
  -4.0262645e+02   1.5194957e+02   1.0000000e+00
   1.3462790e+02  -3.9450759e+02   1.0000000e+00
   2.6639073e+02  -4.8467295e+02   1.0000000e+00
  -1.4108635e+01   1.8607556e+02   2.0000000e+00
   7.6769177e+01  -5.1808369e+01   2.0000000e+00
  -5.1068689e+02   2.2384054e+02   1.0000000e+00
  -4.9713126e+02   5.1518897e+02   1.6000000e+00
  -2.1019840e+02   7.6881410e+01   1.0000000e+00
  -3.8503169e+02  -4.5187094e+02   2.0000000e+00
  -1.7135110e+02   4.6987427e+02   1.0000000e+00
   2.7610871e+02   1.2154856e+02   1.0000000e+00
  -3.2902972e+02  -5.0308959e+01   1.0000000e+00
   2.9985246e+02   4.4432532e+01   1.0000000e+00
  -1.1362041e+02   1.4519359e+02   1.0000000e+00
   1.5605484e+02  -4.9547851e+02   1.0000000e+00
   1.4033068e+02  -3.5836092e+02   1.0000000e+00
   1.8109992e+02   3.8819860e+02   1.0000000e+00
  -3.8005945e+02  -4.4071522e+02   2.0000000e+00
   2.0550296e+02  -1.6344738e+02   1.0000000e+00
  -1.1160018e+02   1.5512061e+02   1.0000000e+00
   1.3467107e+02  -3.6512853e+02   1.0000000e+00
  -5.2978442e+02   2.6864733e+02   2.0000000e+00
  -3.2298647e+01   1.7712792e+02   1.0000000e+00
  -1.0202693e+02  -3.5299234e+02   1.0000000e+00
  -2.7504307e+02  -4.0915570e+02   1.0000000e+00
   1.9794991e+02  -2.9390078e+02   1.0000000e+00
  -2.7259731e+02  -5.0350458e+02   1.0000000e+00
   1.5898083e+02  -3.4095148e+02   1.0000000e+00
  -1.0853226e+02   2.8600133e+02   2.0000000e+00
  -1.5453153e+02   3.6784414e+02   2.0000000e+00
   1.2322406e+02  -1.7795401e+02   1.0000000e+00
  -9.6627086e+01   1.4408361e+02   1.0000000e+00
   4.4503770e+01   4.0159201e+02   1.0000000e+00
  -2.2943656e+02   3.3410013e+02   1.0000000e+00
  -4.6803957e+02  -1.6393075e+02   1.0000000e+00
   5.6745610e+02   3.3091811e+02   2.0000000e+00
  -3.5539229e+01   2.9576783e+00   1.0000000e+00
   4.4377748e+02   2.6373453e+02   1.0000000e+00
  -1.4330586e+02   3.5205343e+02   1.0000000e+00
  -1.3235987e+02   1.4624898e+02   1.0000000e+00
   1.5716894e+02  -2.1948820e+02   1.0000000e+00
   4.8183797e+02   1.2958050e+02   2.0000000e+00
  -4.9701750e+02   4.7283353e+02   2.0000000e+00
   3.3212821e+02  -2.5056828e+01   1.0000000e+00
  -2.4011291e+02  -3.4394985e+02   1.0000000e+00
   3.7396323e+02   1.2898008e+02   1.0000000e+00
  -2.8000098e+02  -1.0049304e+02   1.0000000e+00
   3.4290824e+02  -3.9956321e+02   1.0000000e+00
   2.6714794e+02   1.0604641e+02   1.0000000e+00
   7.8841185e+01   5.1599449e+01   1.0000000e+00
   4.3291328e+00   2.1979597e+01   1.0000000e+00
   1.9458231e+02  -4.2841139e+02   1.0000000e+00
  -4.0080979e+02   9.1320268e+01   1.0000000e+00
   3.3925348e+02  -3.0881555e+02   1.0000000e+00
  -4.8588038e+02   2.7603560e+02   1.0000000e+00
  -3.1449173e+02   5.3697597e+02   1.0000000e+00
   3.7155684e+02  -1.3962311e+02   1.0000000e+00
  -1.0799894e+02   2.5877263e+02   1.0000000e+00
  -4.8182710e+02  -2.8872662e+02   1.0000000e+00
  -4.5613645e+02   1.3162320e+02   1.0000000e+00
  -2.2058810e+02  -2.4040914e+02   1.0000000e+00
  -3.9318882e+00   8.1892398e+01   1.0000000e+00
  -3.5960772e+02   4.2754236e+02   1.0000000e+00
   2.2304528e+02   4.1184438e+02   1.0000000e+00
  -1.5815568e+02   1.8207329e+02   1.0000000e+00
  -8.2745736e+01  -4.4268587e+02   2.0000000e+00
   2.2052492e+01   4.5710153e+02   1.0000000e+00
  -4.3546023e+02   3.3962448e+02   2.0000000e+00
   3.7404879e+02   3.5054418e+02   1.0000000e+00
   5.1553745e+02   4.0195927e+02   2.0000000e+00
   3.8912910e+02  -8.1828724e+01   2.0000000e+00
   2.2085619e+01  -3.4962333e+02   1.0000000e+00
  -2.1304737e+02  -3.4705783e+02   1.0000000e+00
   3.1604648e+02  -4.7843884e+02   1.0000000e+00
  -3.8774031e+02  -3.8300013e+02   1.0000000e+00
   4.1574843e+02   3.9051248e+02   1.0000000e+00
  -5.4108069e+02  -2.5384463e+02   2.0000000e+00
  -1.8468984e+02   1.0946664e+02   2.0000000e+00
  -1.6216704e+02   2.3056191e+01   1.0000000e+00
  -3.6976448e+02   1.3319158e+02   1.0000000e+00
  -2.4948691e+02   4.4000313e+02   1.0000000e+00
   3.0896328e+02  -1.0337405e+02   1.0000000e+00
  -1.7672045e+02  -1.6146296e+02   1.0000000e+00
  -5.9487998e+01  -3.5990212e+02   1.0000000e+00
  -9.1848105e+01  -2.8863715e+02   1.0000000e+00
   3.5846556e+02  -4.7695168e+02   2.0000000e+00
   3.4105434e+02   5.0537571e+02   1.0000000e+00
  -2.4782896e+02  -1.2418603e+02   1.0000000e+00
  -1.4920855e+02  -3.8772866e+02   1.0000000e+00
  -1.0907254e+02   1.8939585e+02   1.0000000e+00
  -4.3009543e+02   1.2077488e+02   1.0000000e+00
  -4.7051644e+00   6.6142432e+01   1.0000000e+00
   4.7998466e+02  -5.6976164e+02   2.0000000e+00
   5.1918589e+02   1.1061841e+02   2.0000000e+00
   2.5206141e+02  -8.7232097e+01   1.0000000e+00
   4.1075148e+02   4.1836280e+02   1.0000000e+00
   1.9749252e+02  -5.5631490e+02   2.0000000e+00
  -1.0956754e+02   2.6517065e+02   1.0000000e+00
   3.4280572e+02   1.0386118e+02   2.0000000e+00
  -8.2687969e+00   3.6891218e+02   1.0000000e+00
  -3.2735537e+02   2.0190559e+02   1.0000000e+00
   8.3755255e+01   5.4371402e+01   1.0000000e+00
   5.1316689e+02   1.5548531e+02   2.0000000e+00
   1.7082118e+02  -5.0364720e+01   1.0000000e+00
  -4.3144552e+02   1.4453012e+02   1.0000000e+00
   2.2014867e+02   5.3721334e+02   1.0000000e+00
   4.3028749e+01   2.5320492e+02   1.0000000e+00
   3.4937553e+02  -5.1196174e+02   2.0000000e+00
  -8.3399267e+01  -2.9793903e+02   1.0000000e+00
  -2.4351137e+02   1.2578514e+02   1.0000000e+00
   1.0044749e+02  -4.4904049e+02   1.0000000e+00
   1.4011534e+02  -3.7238494e+02   1.0000000e+00
   3.4616919e+02  -2.8164132e+02   1.0000000e+00
   4.2849014e+02  -4.8645305e+02   2.0000000e+00
  -5.4263765e+02   5.2447716e+02   1.4000000e+00
  -2.9229388e+02   4.2875597e+02   1.0000000e+00
   4.3383711e+02  -3.6381281e+02   1.0000000e+00
  -1.0187737e+02  -2.4973666e+02   1.0000000e+00
   2.8703144e+02   3.0143474e+01   1.0000000e+00
   1.8336957e+02  -1.1610354e+02   1.0000000e+00
  -1.6058598e+02   3.8749455e+02   1.0000000e+00
   1.4261605e+01   3.5821450e+02   1.0000000e+00
   2.9292727e+02  -1.6093486e+02   1.0000000e+00
  -2.5845958e+02  -2.3629805e+02   1.0000000e+00
  -1.1306505e+02   2.6747804e+02   1.0000000e+00
  -1.5507867e+02   3.0613820e+01   1.0000000e+00
   5.1371220e+02  -3.4567484e+01   1.0000000e+00
   2.5615277e+02  -4.5485965e+02   1.0000000e+00
  -3.6730508e+02   1.2944897e+02   1.0000000e+00
   3.8260617e+02  -3.6530264e+00   1.0000000e+00
  -2.8302816e+02  -1.1722250e+01   1.0000000e+00
   1.3897235e+02  -2.8722272e+00   1.0000000e+00
  -3.1370325e+01  -1.6970453e+02   2.0000000e+00
  -4.7185216e+02   1.2586483e+02   1.0000000e+00
  -3.0530387e+02  -1.4938738e+02   1.0000000e+00
   4.8769906e+02  -2.6507349e+02   1.0000000e+00
  -3.4302882e+02  -5.2046220e+01   1.0000000e+00
   3.7556314e+02   1.4879472e+02   1.0000000e+00
  -3.9866416e+02   3.2057381e+02   2.0000000e+00
   3.5645925e+02  -1.6273735e+02   1.0000000e+00
   5.3304328e+02  -2.1120217e+02   2.0000000e+00
  -1.7344471e+02  -5.3982468e+02   2.0000000e+00
   2.7510066e+02   9.7704234e+01   1.0000000e+00
   4.3205092e+02   3.5044668e+02   1.0000000e+00
  -1.8118644e+02   3.1234404e+01   1.0000000e+00
   9.6212564e+01   3.9443204e+02   1.0000000e+00
  -2.2612492e+02  -1.7326573e+02   1.0000000e+00
   3.8194153e+02  -8.1426188e+01   2.0000000e+00
   2.8590360e+01  -1.6130599e+02   1.0000000e+00
   2.4549576e+02  -4.4271451e+02   1.0000000e+00
  -8.0324195e+01   5.1435661e+02   2.0000000e+00
   3.1787066e+02  -3.3149050e+02   1.0000000e+00
  -8.4489171e+01   4.5226900e+01   1.0000000e+00
  -2.2309743e+02  -7.9276158e+01   1.0000000e+00
  -3.2625804e+02   3.8953406e+02   1.0000000e+00
  -4.1087824e+02  -2.7126555e+02   1.0000000e+00
  -3.9880743e+02  -1.8334285e+02   1.0000000e+00
  -2.4214121e+01   6.7253768e+01   1.0000000e+00
  -4.7405229e+02  -3.7586570e+02   1.0000000e+00
  -3.8460687e+02   4.6232097e+02   2.0000000e+00
   3.4375703e+02  -1.7865638e+02   1.0000000e+00
  -5.0946174e+02  -2.4103616e+00   2.0000000e+00
  -1.0591769e+02   2.7201393e+02   1.0000000e+00
   2.5111203e+01  -1.1295559e+02   1.0000000e+00
   3.3774650e+02  -9.4284268e+01   1.0000000e+00
  -4.6149978e+02  -2.2176715e+02   1.0000000e+00
  -4.7650028e+02  -2.4992698e+02   2.0000000e+00
  -3.7579747e+02  -2.3983363e+02   1.5000000e+00
   3.2062793e+02  -1.4129490e+02   2.0000000e+00
  -3.2105074e+01   3.6893357e+02   1.0000000e+00
   1.5018390e+02  -1.6064272e+02   1.0000000e+00
  -5.5950784e+01   9.3669168e+00   1.0000000e+00
   3.5663340e+02  -3.2101833e+02   1.0000000e+00
   2.5715119e+02  -3.4295643e+02   1.0000000e+00
   1.6151142e+02   1.2723949e+02   1.0000000e+00
  -5.2757942e+02   4.1107986e+02   2.0000000e+00
  -3.3123762e+02   2.8612409e+02   1.0000000e+00
  -2.8432991e+02   1.2127772e+02   1.0000000e+00
   5.6330122e+02   1.1725239e+02   2.0000000e+00
   1.6247141e+01  -6.8332004e+00   1.0000000e+00
   2.1092596e+02  -5.2619567e+02   2.0000000e+00
   3.3894117e+02  -2.6293369e+02   1.0000000e+00
   3.0576124e+00  -5.1459470e+02   1.0000000e+00
   3.4799546e+00   1.0301552e+02   1.0000000e+00
   8.4785256e+01   3.4499472e+02   1.0000000e+00
   2.2934586e+02   2.2715496e+02   1.0000000e+00
   1.8065677e+02   3.9445852e+02   1.0000000e+00
   2.7012050e+02   1.2037184e+02   1.0000000e+00
  -1.5664438e+02   1.7547370e+02   1.0000000e+00
   3.4377614e+02  -2.0520289e+02   1.0000000e+00
   4.7861626e+02  -1.4507120e+02   2.0000000e+00
  -2.8350593e+02   3.7622611e+02   2.0000000e+00
   1.4999150e+02   5.0650278e+02   1.0000000e+00
  -3.6430051e+02   5.1655065e+02   1.1000000e+00
  -9.6027575e+00   2.2529310e+02   1.0000000e+00
   3.3544441e+02  -2.4939612e+02   1.0000000e+00
   2.5748351e+01   3.7762413e+02   1.0000000e+00
   1.4121864e+02  -1.3222953e+01   1.0000000e+00
   1.2738960e+02  -3.5469290e+02   1.0000000e+00
  -2.8801610e+02  -3.4734746e+02   1.0000000e+00
   2.3883524e+02   5.1718873e+02   1.0000000e+00
  -2.1677487e+02  -2.6976820e+02   1.0000000e+00
  -1.6613801e+02   2.7521811e+02   1.0000000e+00
   1.5434942e+02  -3.5193020e+02   1.0000000e+00
   2.2995126e+02   5.2255856e+01   1.0000000e+00
  -3.9970428e+02   4.2795982e+02   2.0000000e+00
   2.0092557e+02  -1.9327239e+02   1.0000000e+00
  -1.6389802e+02   4.9665908e+02   1.0000000e+00
   2.7647621e+02  -1.8025005e+02   1.0000000e+00
  -1.4987284e+02   3.2146780e+02   2.0000000e+00
   5.6752254e+02   3.6245469e+02   2.0000000e+00
  -2.1024726e+02   1.1456122e+02   1.0000000e+00
   2.0326345e+02   2.5136780e+02   1.0000000e+00
  -4.5476397e+02   1.9149837e+02   1.0000000e+00
   2.6362712e+01  -1.8878913e+02   1.0000000e+00
   3.3379277e+02  -8.4119364e+01   1.0000000e+00
  -5.4182977e+02   4.7596278e+02   2.0000000e+00
  -2.5519711e+02   2.7408701e+02   1.0000000e+00
   1.0512656e+00  -2.4148230e+02   1.0000000e+00
  -5.3155205e+01   1.6106522e+02   1.0000000e+00
   2.3075240e+02   3.1647477e+02   1.0000000e+00
  -2.6181622e+02  -5.1357498e+01   1.0000000e+00
  -4.7324976e+02   3.6964438e+02   2.0000000e+00
   3.9187122e+02  -1.4043046e+02   1.0000000e+00
  -3.7377525e+02   1.4538371e+02   1.0000000e+00
  -6.4699943e+01   9.8197764e+01   1.0000000e+00
  -3.3982864e+02   8.8609752e+00   1.0000000e+00
  -4.2112629e+02  -1.9568912e+02   1.0000000e+00
  -4.5065901e+02   2.2459956e+01   1.0000000e+00
  -5.7659932e+01   2.7592057e+02   1.0000000e+00
  -1.6143749e+02   1.3579117e+02   1.0000000e+00
  -3.5730076e+02   3.9876704e+02   1.0000000e+00
  -1.8225377e+02   4.4497900e+02   1.0000000e+00
   5.7469948e+02   1.8753125e+02   2.0000000e+00
  -1.5554570e+02  -1.2263529e+02   1.0000000e+00
  -7.7728735e+01  -5.2483698e+02   1.0000000e+00
  -3.2741067e+02   3.7058561e+01   1.0000000e+00
   6.0297743e+01  -3.4727039e+02   1.0000000e+00
  -5.3421689e+02  -2.7164373e+02   2.0000000e+00
   2.8397969e+02   4.0640284e+02   1.0000000e+00
   2.2232598e+02  -1.3298537e+02   1.0000000e+00
  -7.8390370e+01  -4.1927479e+02   1.0000000e+00
  -2.8510507e+02  -3.2953556e+02   1.0000000e+00
   1.3932482e+02  -4.8947517e+02   1.0000000e+00
  -3.2667126e+02  -4.3732934e+01   1.0000000e+00
  -4.4459896e+02  -2.8889737e+02   1.0000000e+00
  -3.2185545e+02   3.2067043e+02   1.0000000e+00
   1.5648743e+02   3.4047675e+02   1.0000000e+00
  -1.8194205e+02   1.1993684e+02   2.0000000e+00
   7.3508765e+01   1.4612503e+02   1.0000000e+00
  -1.4943619e+02   2.6568286e+02   2.0000000e+00
   3.4590421e+02   2.9763665e+02   1.0000000e+00
  -4.0432885e+02  -2.9362004e+02   1.0000000e+00
  -2.7170407e+02  -2.0192352e+02   1.0000000e+00
  -2.4065780e+02   3.9483904e+02   1.0000000e+00
  -4.7573872e+02  -4.0435110e+02   1.0000000e+00
   4.3499888e+02   4.5122463e+02   2.0000000e+00
  -3.8231356e+02  -1.4911451e+01   1.0000000e+00
   4.5560647e+02   3.0186608e+02   1.0000000e+00
  -2.3465687e+02  -4.7670525e+02   1.0000000e+00
  -2.6912292e+02  -3.8720930e+02   1.0000000e+00
  -1.2828070e+02  -4.9501338e+02   2.0000000e+00
  -4.3144470e+02  -3.2053166e+00   1.0000000e+00
   2.2022343e+02   2.1295304e+02   1.0000000e+00
   6.6738616e+01   2.4685634e+02   1.0000000e+00
  -5.2029029e+02  -3.0445518e+02   2.0000000e+00
   8.9514004e+00  -1.8463662e+02   1.0000000e+00
   1.5155367e+02   3.0829696e+02   1.0000000e+00
  -4.5388682e+02  -2.0566786e+02   1.0000000e+00
   1.6584188e+02  -8.6903055e+01   1.0000000e+00
   1.1995263e+02   2.9377250e+02   1.0000000e+00
   2.3308575e+02   4.3742106e+00   1.0000000e+00
  -1.1201749e+02   4.7737863e+02   1.0000000e+00
   3.3845403e+02   1.0238934e+02   2.0000000e+00
   1.1123239e+02  -1.1062393e+02   1.0000000e+00
   3.8517312e+01   7.3672518e+01   1.0000000e+00
  -3.8543958e+02   1.6526316e+01   1.0000000e+00
  -2.7170656e+02  -3.5412902e+02   1.0000000e+00
   4.7075092e+02  -2.0810512e+02   1.0000000e+00
   3.1376781e+02   4.4804252e+02   1.0000000e+00
   2.3869118e+02   1.8293357e+02   1.0000000e+00
   3.0292453e+02  -3.4629861e+02   1.0000000e+00
  -3.7023340e+02   4.0284529e+02   1.0000000e+00
   1.0524650e+02   4.9993601e+02   1.0000000e+00
  -5.1016501e+02   3.8021023e+02   2.0000000e+00
   4.7713032e+02   4.3635407e+02   2.0000000e+00
   1.3001869e+02  -3.9722475e+02   1.0000000e+00
   6.5712157e+01  -1.4594279e-02   1.0000000e+00
  -3.1567364e+02   3.5462740e+02   1.0000000e+00
  -2.9936453e+02  -3.3547747e+02   1.0000000e+00
   3.5940178e+02   3.6430640e+01   1.0000000e+00
  -1.7307998e+02  -5.0805671e+02   2.0000000e+00
  -1.6329992e+02  -2.4515873e+02   1.0000000e+00
   2.3084221e+02   3.9453895e+02   1.0000000e+00
   1.9915854e+02  -1.3484610e+02   1.0000000e+00
   5.2632766e+01   4.1327596e+02   1.0000000e+00
  -3.4620959e+02   5.3148705e+01   1.0000000e+00
   2.2423668e+02   2.1054236e+02   1.0000000e+00
  -3.9896136e+02  -4.6528401e+02   1.0000000e+00
  -4.4081937e+02   8.5816809e+01   1.0000000e+00
   4.8173775e+02  -2.0220766e+02   1.0000000e+00
  -3.6016047e+02  -4.0009557e+02   1.0000000e+00
  -2.1321268e+02   1.5078830e+02   1.0000000e+00
   3.8238762e+02  -4.2141401e+02   1.0000000e+00
  -4.6668953e+02   1.1423057e+02   1.0000000e+00
  -2.4139940e+02  -2.0432685e+02   1.0000000e+00
   1.4083717e+02  -3.7235651e+02   1.0000000e+00
   3.8749736e+02   8.9767583e+01   1.0000000e+00
  -3.0433191e+02   5.1266403e+02   1.3000000e+00
   1.5831112e+02   1.8344522e+02   1.0000000e+00
   3.1076301e+02  -3.8901258e+02   1.0000000e+00
  -4.5069525e+01   4.9262342e+02   2.0000000e+00
   4.5974699e+02   4.0513551e+02   1.0000000e+00
   2.1621964e+02  -4.0523868e+02   1.0000000e+00
  -4.0141516e+02   2.8343045e+02   1.0000000e+00
   1.2786247e+01   1.4613427e+02   1.0000000e+00
  -7.5754862e+01  -3.5041771e+02   1.0000000e+00
   5.8432456e+01   2.9616102e+02   1.0000000e+00
   4.6301957e+02   4.2495488e+02   2.0000000e+00
  -3.9503878e+01  -1.9106077e+02   2.0000000e+00
   3.8815997e+02   1.3255086e+02   1.0000000e+00
   9.4101745e+01  -1.0998130e+02   1.0000000e+00
  -3.3686296e+02  -6.4790128e+01   1.0000000e+00
  -2.8233117e+02   8.1162049e+01   1.0000000e+00
   1.9202914e+02   4.9449522e+01   1.0000000e+00
   7.4927044e+01  -2.1737053e+02   1.0000000e+00
   4.7335122e+02   2.9862589e+02   1.0000000e+00
   2.0222718e+02   4.9318422e+02   1.0000000e+00
   4.5786095e+02  -8.4795911e+01   1.0000000e+00
   3.2992430e+02   1.3453635e+01   1.0000000e+00
  -1.8519413e+02   2.5913458e+02   1.0000000e+00
   2.6869575e+02  -1.1097891e+02   1.0000000e+00
   4.5809935e+02  -4.1754627e+02   2.0000000e+00
   1.1823959e+02  -4.5859818e+02   2.0000000e+00
  -1.0246838e+02  -1.2702795e+02   1.0000000e+00
   3.2042974e+02   3.4925467e+01   1.0000000e+00
  -3.0428265e+02   1.2672030e+02   1.0000000e+00
  -1.9431704e+02   3.5349371e+02   1.0000000e+00
  -2.3190331e+02   4.2905568e+02   2.0000000e+00
   2.8049410e+02   2.6142821e+02   1.0000000e+00
   3.9611921e+02   2.7843084e+00   1.0000000e+00
   2.9791912e+02   2.0358917e+02   1.0000000e+00
   4.1434409e+02  -6.9729973e+00   1.0000000e+00
   3.9190133e+02  -1.9218468e+01   1.0000000e+00
   5.0874723e+02   5.4516850e+02   2.0000000e+00
   1.7942179e+02  -8.2537186e+01   1.0000000e+00
  -2.2715831e+02   4.3680087e+02   2.0000000e+00
   7.7536981e+01  -1.0227961e+02   1.0000000e+00
  -4.3587916e+02   6.7018069e+00   1.0000000e+00
   1.7318128e+02  -4.5491826e+02   2.0000000e+00
   1.5229093e+02  -3.3802667e+02   1.0000000e+00
  -3.1634674e+02  -2.0136188e+02   1.0000000e+00
  -1.3159988e+02  -4.6036417e+01   1.0000000e+00
   2.2577626e+02   3.2548729e+02   1.0000000e+00
  -1.0262616e+02   2.5645099e+02   1.0000000e+00
   1.3003903e+02   2.1848259e+02   1.0000000e+00
  -8.7365685e+01  -2.8324788e+02   1.0000000e+00
   4.0029424e+02   1.6158262e+02   1.0000000e+00
  -5.0362746e+02  -2.3638755e+02   2.0000000e+00
  -1.4933415e+02  -1.8824247e+02   1.0000000e+00
   5.4165756e+02   1.6869036e+02   2.0000000e+00
   1.5447146e+02   4.5397165e+02   1.0000000e+00
  -3.2324697e+02  -6.4348696e+01   1.0000000e+00
   2.3631606e+02   1.0891652e+02   1.0000000e+00
  -3.2351120e+02  -2.6615582e+02   1.0000000e+00
  -3.7419597e+01  -1.6288011e+02   2.0000000e+00
   1.2886108e+02   3.0297704e+02   1.0000000e+00
   4.8337376e+01   3.0858607e+02   1.0000000e+00
  -4.1500820e+02   2.9421064e+02   2.0000000e+00
   8.8546567e+01  -6.6031894e+00   1.0000000e+00
  -4.9615731e+01   7.8776587e+01   1.0000000e+00
   1.7106404e+01   2.9148330e+02   1.0000000e+00
  -3.8892903e+02   2.6602882e+02   1.0000000e+00
   2.2991346e+02   2.5006518e+02   1.0000000e+00
  -4.7417409e+02  -2.9030191e+00   1.0000000e+00
  -3.2077937e+02   3.6433904e+02   1.0000000e+00
   1.2182966e+02  -4.2441482e+02   1.0000000e+00
  -3.4674207e+02  -2.2965006e+02   1.0000000e+00
   3.1323608e+02  -5.5135652e+02   2.0000000e+00
   4.2959773e+02  -6.1421608e+01   2.0000000e+00
   1.1015558e+02  -2.6837693e+02   1.0000000e+00
   2.4158724e+02  -5.0625274e+01   1.0000000e+00
   1.4553364e+02  -2.7704624e+02   1.0000000e+00
   3.1269270e+02   8.7766324e+01   1.0000000e+00
  -1.8295478e+02  -4.3371010e+02   1.0000000e+00
   1.7275669e+02  -5.5427574e+01   1.0000000e+00
  -2.2753724e+02  -1.2886442e+02   1.0000000e+00
   4.4517398e+02   1.5441827e+02   2.0000000e+00
   1.9445823e+02  -2.8323662e+02   1.0000000e+00
  -1.4982169e+01  -2.2982337e+02   1.0000000e+00
   2.7194639e+02   4.3558186e+02   1.0000000e+00
  -8.8715848e+01  -3.4417849e+02   1.0000000e+00
  -3.2908645e+02  -2.7569255e+01   1.0000000e+00
   4.3836464e+01  -3.5640217e+02   1.0000000e+00
   1.3372868e+02   3.6286338e+02   1.0000000e+00
   4.3482233e+01   4.9978200e+02   2.0000000e+00
  -2.8324565e+02  -1.1624839e+02   1.0000000e+00
  -2.7453090e+02   3.4205042e+02   1.0000000e+00
  -4.4582918e+02   4.7743797e+02   2.0000000e+00
  -2.7794425e+02   7.7551526e+01   1.0000000e+00
   3.2964136e+02  -3.3304637e+02   1.0000000e+00
   2.8861043e+02   1.0365640e+02   1.0000000e+00
  -1.2875321e+02  -2.3529231e+02   1.0000000e+00
   1.3088983e+02  -6.8865885e+01   1.0000000e+00
  -2.3900107e+02   4.9806559e+02   2.0000000e+00
  -2.5147002e+02  -1.8183608e+02   2.0000000e+00
   1.1495658e+02  -3.9429659e+02   1.0000000e+00
   3.0157621e+02   4.3951555e+01   1.0000000e+00
   2.0391467e+02  -2.4141831e+02   1.0000000e+00
   2.8173181e+02   1.1286199e+02   2.0000000e+00
  -3.3514439e+02  -5.2164289e+02   2.0000000e+00
  -2.6385122e+02   2.1240813e+02   1.0000000e+00
  -1.5843110e+02   1.0577470e+02   1.0000000e+00
  -1.9423262e+02  -4.6412761e+02   1.0000000e+00
  -4.1767216e+02   4.9436810e+01   1.0000000e+00
  -4.0690588e+02   2.1342937e+02   1.0000000e+00
   2.7063625e+02   1.0643707e+02   1.0000000e+00
  -3.0402728e+02   2.2764963e+01   1.0000000e+00
  -1.4283116e+02  -4.5557596e+02   1.0000000e+00
  -2.3896607e+02  -2.0374412e+02   2.0000000e+00
  -5.1356251e+02  -5.1136210e+02   1.0000000e+00
   2.0585671e+02   3.3427068e+02   1.0000000e+00
  -1.5319403e+02  -4.6805866e+01   1.0000000e+00
  -1.8732706e+02  -2.9365621e+02   1.0000000e+00
   2.2470508e+02  -1.0414657e+02   1.0000000e+00
  -4.8696535e+02  -9.3565183e+01   1.0000000e+00
   5.8410231e+01   5.0076866e+02   2.0000000e+00
  -2.4069476e+02   3.5123634e+02   1.0000000e+00
   7.0058653e+01   9.7123896e+01   1.0000000e+00
  -7.6616269e+01   2.8254827e+02   1.0000000e+00
   5.1244107e+02  -3.9361694e+02   2.0000000e+00
   1.1705302e+02   2.2047327e+02   1.0000000e+00
  -9.8743850e+00  -2.9862475e+02   1.0000000e+00
  -4.9836596e+02   8.2522233e+01   1.0000000e+00
   2.8464876e+02   1.1482225e+02   1.0000000e+00
  -2.6857736e+02  -3.4765860e+02   1.0000000e+00
  -2.3417278e+02   1.2058185e+02   1.0000000e+00
   5.1856464e+02  -1.9909153e+02   2.0000000e+00
   4.5145998e+02  -4.9067681e+01   1.0000000e+00
  -6.7210586e+01   8.7389233e+01   1.0000000e+00
  -3.3266655e+02   1.3829473e+01   1.0000000e+00
   3.1920521e+02  -1.0055703e+02   2.0000000e+00
   4.0899008e+02  -8.4126405e+01   1.0000000e+00
  -3.6806041e+02   1.5878287e+02   1.0000000e+00
  -9.7091028e+01   2.9945098e+02   1.0000000e+00
  -3.4391959e+02   2.3103991e+02   1.0000000e+00
  -2.6744267e+02   2.5995787e+02   1.0000000e+00
   1.9271913e+02   2.1568791e+02   1.0000000e+00
  -4.9472743e+02   5.0991250e+02   1.6000000e+00
   5.3645715e+02  -3.3078278e+02   2.0000000e+00
  -8.6758681e+01   2.5947935e+02   1.0000000e+00
   1.8817953e+01   1.8335045e+02   1.0000000e+00
   2.4476427e+02  -2.2745922e+02   1.0000000e+00
  -2.9033629e+02   9.6247654e+01   1.0000000e+00
   3.6787966e+02   2.5655013e+02   1.0000000e+00
  -4.2125997e+02  -2.0763259e+02   1.0000000e+00
   9.1328554e+01  -4.3764317e+01   1.0000000e+00
  -4.7876225e+02  -2.1048147e+02   1.0000000e+00
   2.9628547e+02   3.6656486e+02   1.0000000e+00
   1.0185449e+02  -4.8536920e+02   2.0000000e+00
  -4.8232989e+02   3.2013666e+02   1.0000000e+00
   2.9039082e+02   3.1413780e+02   1.0000000e+00
   3.4743163e+02  -5.8426096e+01   1.0000000e+00
   1.3330264e+02  -4.7185802e+02   1.0000000e+00
  -1.1768111e+02   2.8886449e+02   1.0000000e+00
  -1.7235767e+02   5.2282057e+02   2.0000000e+00
   4.6941001e+02   5.1720463e+02   2.0000000e+00
  -1.7973793e+02   2.6853282e+01   1.0000000e+00
   4.3164284e+02   2.9853646e+01   1.0000000e+00
   1.0130875e+02   3.6664052e+02   1.0000000e+00
   2.4053527e+02  -1.6301734e+02   1.0000000e+00
   1.2378829e+02  -3.6542430e+02   1.0000000e+00
   7.8973359e+01  -8.6900590e+00   1.0000000e+00
   3.9118076e+02   4.4671330e+02   1.0000000e+00
   5.0083697e+01   2.6244917e+02   2.0000000e+00
  -4.7285789e+02   3.6979510e+02   2.0000000e+00
  -2.2965498e+02  -4.4338416e+02   1.0000000e+00
   5.3606627e+02  -3.1024955e+01   2.0000000e+00
   1.0165723e+02  -1.8544867e+01   1.0000000e+00
  -1.3331568e+02   3.2554300e+02   1.0000000e+00
  -5.4090058e+02   4.3302286e+02   2.0000000e+00
   2.7373448e+02  -1.7911230e+02   1.0000000e+00
   4.6432386e+02  -1.7731048e+02   1.0000000e+00
   1.6314263e+02   3.2698513e+02   1.0000000e+00
  -3.7932126e+02  -4.9708306e+02   2.0000000e+00
   3.9035256e+02   2.6732049e+01   1.0000000e+00
  -4.8607592e+02   1.8163460e+02   1.0000000e+00
   4.1584542e+02  -3.4622700e+02   1.0000000e+00
   3.4796756e+02   5.3731658e+02   2.0000000e+00
  -1.0243890e+02   2.6209408e+02   1.0000000e+00
   2.3188005e+02  -7.8597307e+01   1.0000000e+00
   3.1447214e+02  -4.2719373e+02   1.0000000e+00
  -8.9019175e+01  -3.5051127e+02   1.0000000e+00
   5.9879149e+01  -1.6912050e+02   1.0000000e+00
  -4.7190984e+02   1.9381209e+02   1.0000000e+00
   3.6112918e+02  -2.9008686e+02   1.0000000e+00
  -4.0962466e+02   2.6497200e+02   1.0000000e+00
   4.8378630e+02  -3.1387144e+01   1.0000000e+00
  -4.0822661e+02   3.8117940e+02   2.0000000e+00
   1.6088629e+02   3.0362688e+02   1.0000000e+00
   9.1854532e+00  -1.4619881e+02   1.0000000e+00
   2.4877009e+02   2.9045513e+02   1.0000000e+00
   8.5336746e+01   2.8222102e+02   1.0000000e+00
  -3.6382747e+02   5.3900465e+02   1.0000000e+00
   2.9599177e+02  -2.3030459e+02   1.0000000e+00
   3.3330715e+02   1.3105073e+02   1.0000000e+00
   5.1574888e+02  -3.4646135e+02   2.0000000e+00
  -2.4829426e+02  -1.9904005e+02   1.0000000e+00
  -2.7283982e+02   1.0843491e+02   1.0000000e+00
   3.8651992e+02   7.2333840e+01   1.0000000e+00
  -5.0559384e+02  -2.6917936e+02   1.0000000e+00
   3.2249146e+02  -8.1215882e+01   1.0000000e+00
   2.3425110e+02   2.1993192e+02   1.0000000e+00
  -7.9294880e+01   4.2174033e+02   1.0000000e+00
  -3.5262316e+02  -1.1368305e+02   1.0000000e+00
  -1.2088469e+02   2.3951689e+01   2.0000000e+00
   1.7277606e+02  -5.5170530e+02   2.0000000e+00
   3.0786712e+02   1.1380912e+02   1.0000000e+00
   3.9467181e+02  -7.0518951e+01   2.0000000e+00
  -2.0880375e+02   1.5071917e+02   1.0000000e+00
   1.2717016e+02  -2.6539266e+02   1.0000000e+00
  -2.0557816e+02   9.6657926e+01   1.0000000e+00
   2.9956461e+02  -5.3293607e+01   1.0000000e+00
  -4.9927891e+02   1.3199691e+01   2.0000000e+00
  -3.3547677e+02   2.5783214e+02   1.0000000e+00
   4.3021557e+02  -2.1367533e+02   1.0000000e+00
  -5.0513180e+02   4.5877587e+01   2.0000000e+00
  -2.7405252e+02  -1.8731952e+02   1.0000000e+00
   4.4686004e+02  -2.8238349e+02   1.0000000e+00
  -1.9406471e+02  -1.2627881e+01   1.0000000e+00
  -4.2859739e+01   6.7500766e+01   1.0000000e+00
   1.2205688e+02   1.4325079e+02   1.0000000e+00
  -2.0798593e+01   2.0091146e+02   2.0000000e+00
   3.2080697e+02   2.9441821e+02   1.0000000e+00
   1.8026284e+02  -2.8441427e+02   1.0000000e+00
   2.7322167e+02  -3.5211579e+02   1.0000000e+00
  -1.0022132e+02   1.4020920e+02   1.0000000e+00
  -2.6969352e+02  -5.4650847e+01   1.0000000e+00
  -1.3561268e+02  -2.5621506e+02   1.0000000e+00
  -3.1647871e+02  -1.0583163e+02   1.0000000e+00
   4.0858361e+02  -2.7633603e+02   1.0000000e+00
   1.7036504e+02  -1.2545411e+02   1.0000000e+00
  -5.5173728e+02  -1.5651032e+02   2.0000000e+00
   5.2782198e+02  -4.0303531e+02   2.0000000e+00
   6.2364591e+01  -8.6773977e+01   1.0000000e+00
  -3.8325058e+02   1.4982507e+02   1.0000000e+00
   2.9482632e+02  -1.0783343e+02   1.0000000e+00
   1.5143826e+01   2.1902838e+02   1.0000000e+00
  -2.5704256e+02   3.3988151e+02   1.0000000e+00
   2.9692082e+02   4.9113562e+02   1.0000000e+00
  -4.8320150e+02   1.8321234e+02   1.0000000e+00
   4.7814693e+02  -4.4287471e+01   1.0000000e+00
  -4.2747858e+02   8.0193049e+00   1.0000000e+00
  -8.9513510e+01  -1.4341682e+02   1.0000000e+00
   2.4537908e+02   1.1641000e+02   1.0000000e+00
  -3.2079482e+02  -3.5701946e+02   1.0000000e+00
  -1.3563734e+02   6.4501929e+01   1.0000000e+00
   2.1261227e+02   5.3383272e+02   1.0000000e+00
  -5.0940508e+02   1.5204570e+02   1.0000000e+00
  -2.3016301e+02  -4.8211688e+02   1.0000000e+00
   2.1182625e+02   1.9285758e+02   1.0000000e+00
  -3.0570406e+02  -4.7151697e+02   1.0000000e+00
  -4.0009037e+02  -6.4925458e+01   1.0000000e+00
   3.1317796e+02  -2.9937955e+02   1.0000000e+00
  -2.0633545e+02  -6.4832165e+01   1.0000000e+00
   4.5897579e+02  -2.5820777e+02   1.0000000e+00
   5.1875158e+02  -2.1155956e+02   2.0000000e+00
  -2.1367825e+02  -4.5017468e+02   1.0000000e+00
  -2.4574085e+02  -5.2575707e+02   2.0000000e+00
  -4.3223252e+02   1.9089135e+02   1.0000000e+00
  -3.3329855e+02  -3.8140101e+02   1.0000000e+00
  -1.5126396e+02   2.0346932e+02   1.0000000e+00
  -5.3178938e+01  -9.5388499e+01   1.0000000e+00
  -1.4048536e+02  -3.5425211e+02   1.0000000e+00
  -6.7175827e+00  -3.7156964e+02   1.0000000e+00
  -5.1072328e+02   1.3340626e+02   2.0000000e+00
  -1.0383703e+02  -4.4740398e+02   2.0000000e+00
   1.5671340e+02  -4.8255663e+02   2.0000000e+00
  -3.8165099e+02  -3.3665997e+02   2.0000000e+00
  -4.8626647e+02  -3.5619402e+02   1.0000000e+00
  -2.4379190e+02   5.0485155e+02   2.0000000e+00
   4.1560421e+02   1.3263008e+02   1.0000000e+00
  -1.1239764e+01  -2.2625381e+02   1.0000000e+00
  -2.0908792e+02   2.5212731e+02   1.0000000e+00
   2.2565712e+02  -2.6829009e+02   1.0000000e+00
   2.6824808e+02   9.3968239e+01   1.0000000e+00
  -4.7138640e+02  -4.0662891e+02   1.0000000e+00
  -2.0399578e+02   3.8812048e+02   1.0000000e+00
  -4.4114543e+01   2.8269244e+02   1.0000000e+00
  -5.6747454e-01  -2.4022393e+02   1.0000000e+00
  -2.6410337e+02   4.6876166e+02   2.0000000e+00
   5.5446406e+02  -5.0789402e+02   2.0000000e+00
   4.9759245e+02   4.9053959e+02   2.0000000e+00
  -4.7884543e+02   5.2284732e+02   1.5000000e+00
   1.3630626e+02  -2.0465957e+02   1.0000000e+00
   2.6375405e+01   1.3311950e+02   1.0000000e+00
  -4.7246766e+02  -4.5394471e+02   1.0000000e+00
   1.5548834e+02   1.6552832e+02   1.0000000e+00
   3.8568641e+02   1.3654542e+02   2.0000000e+00
   4.3980965e+02   1.1490357e+02   1.0000000e+00
   6.7934778e+01   3.5523435e+02   1.0000000e+00
   1.9713334e+02  -1.1233226e+02   1.0000000e+00
  -6.9546949e+01   2.0492427e+02   1.0000000e+00
  -1.4105222e+02   5.2072458e+01   1.0000000e+00
  -1.2459506e+02   1.0579104e+02   1.0000000e+00
  -3.1512281e+02  -1.9002796e+02   1.0000000e+00
   4.7894049e+02  -5.0741113e+01   1.0000000e+00
   2.2108903e+02  -9.8343786e+01   1.0000000e+00
  -4.2125525e+02   5.3411128e+02   1.6000000e+00
   4.2940403e+02  -4.4271488e+02   2.0000000e+00
  -1.0891416e+02   2.3083722e+02   1.0000000e+00
  -7.4051802e+01  -4.3160923e+02   2.0000000e+00
  -3.1741193e+02   2.6890343e+01   1.0000000e+00
   3.6489251e+01   1.3426094e+02   1.0000000e+00
  -3.9868438e+02   7.2653410e+01   1.0000000e+00
   3.0147083e+02   1.3698996e+02   1.0000000e+00
  -2.0613425e+01  -5.1854295e+02   1.0000000e+00
   2.4226616e+02   3.1510270e+02   1.0000000e+00
   4.0609947e+02   1.8000484e+02   1.0000000e+00
   1.2168844e+02   3.6106784e+02   1.0000000e+00
   4.8417573e+02   1.8955214e+02   2.0000000e+00
   2.8419304e+02  -1.5924204e+02   1.0000000e+00
  -1.0028222e+02   4.2902287e+01   1.0000000e+00
  -5.1369658e+01  -7.7155254e+01   1.0000000e+00
   1.3930517e+02  -4.6074477e+02   2.0000000e+00
   3.2519621e+02   4.7601367e+02   1.0000000e+00
  -2.3274721e+01   4.3869586e+02   2.0000000e+00
   4.2723823e+02   2.2794595e+02   1.0000000e+00
   4.2897642e+02  -5.4655272e+02   2.0000000e+00
   3.2484711e+02  -2.7781412e+02   1.0000000e+00
   1.3010473e+02  -4.9858951e+01   1.0000000e+00
  -2.5673941e+02   1.7105203e+02   1.0000000e+00
   3.7631162e+02  -1.2375452e+02   2.0000000e+00
   4.6573160e+01   2.3464718e+01   1.0000000e+00
   4.6960769e+02  -2.4056624e+02   1.0000000e+00
   4.8711813e+01   4.4753259e+02   1.0000000e+00
  -8.3852662e+01  -2.2598703e+02   1.0000000e+00
  -1.9812525e+02   1.2858402e+01   1.0000000e+00
   6.4424843e+01   4.7923218e+02   1.0000000e+00
  -4.6793649e+02   2.1052428e+02   1.0000000e+00
  -2.3860211e+02  -1.9652955e+02   2.0000000e+00
   3.1452374e+02  -3.0082608e+02   1.0000000e+00
  -1.5194378e+02  -1.4384343e+02   1.0000000e+00
   1.7730920e+02   4.0384752e+02   1.0000000e+00
   3.8484596e+02  -2.5153419e+02   1.0000000e+00
  -4.0406528e+02   3.5729037e+02   2.0000000e+00
  -1.9746852e+02   1.4483030e+02   2.0000000e+00
  -1.9385980e+02  -1.6282200e+02   1.0000000e+00
   6.0120118e+01   2.3132110e+02   1.0000000e+00
   5.6039830e+02   5.0219091e+02   2.0000000e+00
   4.1168094e+02  -7.5249541e+01   1.0000000e+00
   5.1189909e+02   4.5305662e+02   2.0000000e+00
   5.2759305e+02  -3.8811882e+02   2.0000000e+00
   2.5205708e+02   3.7936947e+01   1.0000000e+00
  -1.0642235e+02  -4.4616071e+02   1.0000000e+00
  -1.0247777e+02  -1.9813787e+02   2.0000000e+00
  -5.1854036e+02  -2.6649857e+02   2.0000000e+00
  -2.9044326e+02   1.8509690e+02   1.0000000e+00
   8.3458949e+01   1.3068344e+02   1.0000000e+00
  -1.0361378e+02  -1.6273626e+02   1.0000000e+00
   3.1704192e+02  -4.6095448e+02   1.0000000e+00
  -4.6753116e+02   4.7826261e+02   2.0000000e+00
   1.3282635e+02  -4.2750834e+02   2.0000000e+00
  -3.1170710e+02   5.0897070e+00   1.0000000e+00
   4.5902150e+02  -3.5654060e+02   1.0000000e+00
  -4.1531486e+02  -2.5893734e+01   2.0000000e+00
  -2.9909517e+01  -2.8999652e+02   1.0000000e+00
  -7.3104824e+01   9.8493815e+01   1.0000000e+00
   5.7873612e+01   4.4207663e+02   1.0000000e+00
  -3.3040049e+02   2.7660563e+01   1.0000000e+00
  -4.7460174e+02   3.8277152e+02   2.0000000e+00
  -4.6730998e+02   5.3172320e+02   1.5000000e+00
   5.5708353e+01   2.4292657e+01   1.0000000e+00
  -3.7264740e+02  -4.5279198e+02   2.0000000e+00
  -3.3540318e+01  -1.7470777e+02   2.0000000e+00
   4.2409835e+02   3.2866563e+02   1.0000000e+00
  -4.6749844e+02   8.5082179e+01   1.0000000e+00
  -3.2224263e+02  -4.7067253e+02   1.0000000e+00
  -4.3617568e+02  -4.8118991e+02   1.0000000e+00
  -2.2136116e+02   1.8435937e+02   1.0000000e+00
  -1.0150249e+02   3.1112774e+02   1.0000000e+00
   3.5755675e+02   3.1813111e+02   1.0000000e+00
  -1.2006122e+02  -4.3262690e+02   1.0000000e+00
  -3.0852191e+02  -3.4174175e+02   1.0000000e+00
  -2.6317674e+02  -2.6230999e+02   1.0000000e+00
  -3.6331667e+02  -3.3916633e+02   1.0000000e+00
   2.1794987e+02   3.2496119e+01   1.0000000e+00
  -1.7237256e+02   2.7344183e+02   1.0000000e+00
  -4.8198593e+02  -3.8639199e+02   1.0000000e+00
   1.3716937e+02  -1.8719921e+01   1.0000000e+00
  -3.2604658e+02  -3.9606317e+02   1.0000000e+00
   2.7783047e+02   1.5389805e+02   1.0000000e+00
   1.9165797e+02   3.2026068e+02   1.0000000e+00
   1.1380309e+02  -5.5690806e+01   1.0000000e+00
  -4.9007172e+02   4.1388468e+02   2.0000000e+00
   1.8090309e+01  -3.9708214e+02   1.0000000e+00
  -1.1981818e+02   1.4167606e+02   1.0000000e+00
  -2.0610288e+02   3.8087436e+02   1.0000000e+00
  -9.7665015e+01  -4.8832133e+02   2.0000000e+00
   2.1171609e+02   3.6576397e+02   1.0000000e+00
  -5.3108225e+00   5.8124676e+02   2.0000000e+00
   1.4751515e+02  -2.3347685e+02   1.0000000e+00
  -5.4322026e+02  -1.8520699e+02   2.0000000e+00
   1.0008782e+02  -5.2124659e+02   2.0000000e+00
   1.3667573e+02  -5.4511263e+02   2.0000000e+00
  -1.3169289e+02   1.3327151e+02   1.0000000e+00
   3.8739178e+02   1.0020914e+02   2.0000000e+00
   3.8532962e+02   4.1215419e+01   1.0000000e+00
  -1.2046748e+02  -2.8069559e+02   1.0000000e+00
  -4.9314402e+02  -2.3854149e+02   2.0000000e+00
   8.9436482e+00  -3.8599247e+02   1.0000000e+00
   4.1844225e+02   3.2803260e+02   1.0000000e+00
  -3.1433409e+02  -7.4809130e+01   1.0000000e+00
   4.7568088e+01  -3.5583728e+02   1.0000000e+00
   2.4316231e+02  -4.5260872e+02   1.0000000e+00
   2.1460949e+02   1.4390147e+02   1.0000000e+00
  -2.0465218e+02  -2.9130690e+02   1.0000000e+00
  -3.9460106e+02   2.2311260e+02   1.0000000e+00
   1.1131307e+02  -1.8389897e+02   1.0000000e+00
   6.1005585e+01   1.2050680e+02   1.0000000e+00
  -2.3166203e+02  -4.9906264e+02   1.0000000e+00
   4.1521635e+02  -1.9730783e+02   1.0000000e+00
  -5.2701842e+02  -2.3710427e+02   2.0000000e+00
   2.2557550e+02   8.4694107e+01   1.0000000e+00
   3.9532173e+02  -1.8265124e+02   1.0000000e+00
   5.1337432e+02  -5.0348699e+02   2.0000000e+00
   2.6804226e+02   5.4798203e+02   1.0000000e+00
   3.1749137e+01   2.6619359e+02   1.0000000e+00
  -2.4706643e+02   1.6162610e+02   1.0000000e+00
  -1.2801407e+02  -4.9882995e+02   2.0000000e+00
   2.9936037e+02   1.7228444e+02   1.0000000e+00
  -3.8592198e+02  -7.9014095e+01   1.0000000e+00
   1.9800990e+02  -3.0686072e+02   1.0000000e+00
  -1.9243073e+02  -3.0199124e+02   1.0000000e+00
  -1.7272951e+02   3.5476768e+01   1.0000000e+00
   5.2490450e+02  -3.0927795e+02   2.0000000e+00
   2.3386540e+02  -4.2894881e+02   1.0000000e+00
   2.6319005e+02   1.3735934e+02   1.0000000e+00
   2.8295117e+02  -1.7433929e+01   1.0000000e+00
   2.5402177e+02   1.4630151e+02   1.0000000e+00
  -3.6763267e+02  -2.8701483e+02   1.0000000e+00
   2.2669276e+02  -2.1690928e+02   1.0000000e+00
   4.7403463e+02  -4.2582282e+02   2.0000000e+00
   4.6986145e+02   5.4901607e+01   1.0000000e+00
  -4.1769609e-01   1.9084917e+02   2.0000000e+00
  -4.0431888e+02   1.7010944e+02   1.0000000e+00
  -6.9533180e+01   3.9578182e+02   1.0000000e+00
   5.1772092e+01   3.2908420e+01   1.0000000e+00
  -7.9026599e+00  -2.6026288e+02   1.0000000e+00
  -4.1249466e+02  -4.6208525e+02   1.0000000e+00
   5.2161861e+02   2.6034337e+02   2.0000000e+00
   2.3610448e+02  -5.2836054e+02   2.0000000e+00
  -8.4018721e+01  -2.7789509e+02   1.0000000e+00
   6.7425130e+01   3.0294535e+02   1.0000000e+00
   5.0414030e+02   2.0218006e+02   2.0000000e+00
  -4.5007678e+02   2.2332980e+02   1.0000000e+00
   1.8751555e+02  -3.2274190e+02   1.0000000e+00
   6.9400844e+01  -6.7071878e+01   2.0000000e+00
   1.6452095e+02   2.1096278e+02   1.0000000e+00
   2.4922749e+02  -1.0660555e+02   1.0000000e+00
   3.3696660e+02  -7.2903559e+01   1.0000000e+00
  -3.3851898e+02   3.2408746e+02   1.0000000e+00
   2.0417022e+02   4.8431313e+02   1.0000000e+00
   2.6463914e+02  -3.2471263e+02   1.0000000e+00
   9.1298744e+01   2.9086953e+02   1.0000000e+00
   4.8282368e+02  -2.7109664e+02   1.0000000e+00
   5.0352772e+02  -4.8906697e+02   2.0000000e+00
  -4.2297204e+02   4.8448470e+02   2.0000000e+00
   3.3742080e+02  -1.2455349e+02   2.0000000e+00
  -5.3597422e+02  -1.3227980e+02   2.0000000e+00
   7.8603292e+01  -2.8639042e+01   1.0000000e+00
   6.4618675e+01   2.7510134e+02   1.0000000e+00
  -2.0342948e+02   4.7153720e+01   1.0000000e+00
  -4.0719818e+02   2.3341868e+02   1.0000000e+00
  -3.1138350e+02   4.8886879e+01   1.0000000e+00
   2.5155508e+02  -1.8778232e+02   1.0000000e+00
   5.0721264e+02  -3.8502737e+02   2.0000000e+00
  -2.0927752e+02   4.2770693e+02   2.0000000e+00
   1.6332031e+02   5.1758327e+02   1.0000000e+00
  -3.2517267e+01  -9.5924352e+01   1.0000000e+00
  -2.3739112e+02   2.0779749e+01   1.0000000e+00
  -5.4393526e+02   2.4270964e+01   2.0000000e+00
   2.6764386e+02   5.6351421e+02   1.0000000e+00
   1.2250752e+02  -4.1127217e+02   1.0000000e+00
  -1.1156793e+02   1.9215814e+02   1.0000000e+00
   2.7876457e+02  -1.6567655e+02   1.0000000e+00
   2.0358328e+02  -4.7905236e+02   2.0000000e+00
   1.2039318e+02  -3.7395092e+02   1.0000000e+00
  -1.9915083e+02   1.0145755e+02   1.0000000e+00
   5.0200216e+02  -5.3772284e+02   2.0000000e+00
   2.7182289e+02  -5.4446414e+01   1.0000000e+00
   5.4391296e+02   2.9055193e+02   2.0000000e+00
  -2.2878391e+02  -5.0284817e+02   1.0000000e+00
   3.6429356e+02   7.4599544e+01   2.0000000e+00
   2.7976673e+02   2.6503622e+01   1.0000000e+00
   1.8261691e+02  -5.0120004e+02   2.0000000e+00
   1.6808887e+02  -2.2275665e+01   1.0000000e+00
   2.4280446e+02   4.3405033e+02   1.0000000e+00
   8.2511071e+00   1.9923038e+02   1.0000000e+00
   3.6860141e+02   4.9029900e+02   1.0000000e+00
   5.1030465e+02  -5.6527465e+02   2.0000000e+00
   4.7165360e+02  -4.8500492e+02   2.0000000e+00
  -3.9512520e+02  -1.3635824e+02   1.0000000e+00
   1.7627452e+02  -2.3811044e+02   1.0000000e+00
   1.0202464e+01   1.2376475e+02   1.0000000e+00
   3.4536358e+02   9.3152977e+01   2.0000000e+00
  -4.9810169e+02   8.3367940e+00   1.0000000e+00
   4.9370381e+02   5.4640620e+02   2.0000000e+00
  -2.8994919e+02   1.1028638e+02   1.0000000e+00
  -1.8486191e+02   8.5664505e+01   1.0000000e+00
  -3.6087973e+02   4.2549980e+02   1.0000000e+00
   2.4852799e+02  -4.9380864e+02   2.0000000e+00
  -4.8692758e+02  -2.0329722e+02   2.0000000e+00
  -3.7251224e+02   3.0197133e+02   2.0000000e+00
   5.4719601e+01  -1.7006988e+01   1.0000000e+00
   4.8542962e+01   2.6186349e+02   2.0000000e+00
   2.2814147e+02  -1.6230933e+02   1.0000000e+00
   4.6149061e+02  -2.2079278e+01   1.0000000e+00
   4.3856678e+02   1.3402512e+02   1.0000000e+00
   3.5301000e+02  -3.7355601e+02   1.0000000e+00
   4.0082497e+01   1.6643733e+01   1.0000000e+00
  -2.2189172e+02   2.1313149e+02   1.0000000e+00
  -5.0725061e+01  -4.0009124e+02   1.0000000e+00
   1.5071392e+02  -1.5596930e+02   1.0000000e+00
   2.2708462e+02  -4.6766857e+01   1.0000000e+00
   1.1386803e+02  -5.3657799e+02   1.0000000e+00
  -1.8310190e+02   2.5926697e+02   1.0000000e+00
   1.5956951e+02   5.1588442e+02   1.0000000e+00
   5.2306950e+02   4.7890968e+02   2.0000000e+00
  -4.8468905e+02  -2.1442735e+02   1.0000000e+00
   7.9605665e+01   9.9536023e+01   1.0000000e+00
   3.3824416e+02   1.2340738e+02   1.0000000e+00
  -2.3589210e+02  -1.9197026e+02   2.0000000e+00
  -1.7650868e+02  -1.7128633e+02   1.0000000e+00
   1.8925143e+02  -1.4633050e+02   1.0000000e+00
   3.2119393e+02   5.7292117e+02   2.0000000e+00
  -3.0972646e+02  -1.9875360e+02   1.0000000e+00
  -2.5819718e+02   1.0715807e+02   1.0000000e+00
   1.7831797e+02   4.2585945e+02   1.0000000e+00
   2.6272342e+00   1.0959893e+02   1.0000000e+00
   5.0948389e+02  -3.8166439e+02   2.0000000e+00
  -4.3498576e+02  -1.9445527e+02   1.6000000e+00
  -1.7409794e+02  -4.8830479e+02   1.0000000e+00
  -1.6840844e+02  -5.7020851e+01   1.0000000e+00
   2.3370334e+02  -1.7031554e+02   1.0000000e+00
  -3.0026114e+02  -3.1413998e+02   1.0000000e+00
   4.6574112e+02  -5.6167349e+02   2.0000000e+00
  -1.1936226e+02   1.9007778e+02   1.0000000e+00
   4.2232389e+02  -2.3079829e+02   1.0000000e+00
   3.3830019e+02  -2.0279070e+01   1.0000000e+00
   3.5197923e+02  -4.6158612e+02   1.0000000e+00
   3.2549850e+02  -2.1735278e+02   1.0000000e+00
   5.3454343e+02   3.0602417e+02   2.0000000e+00
  -2.7946895e+02   2.9495508e+02   1.0000000e+00
   3.0413598e+02  -1.5645098e+02   1.0000000e+00
   1.5893245e+02  -7.6852207e+01   1.0000000e+00
   1.1048217e+02  -2.1098120e+02   1.0000000e+00
   9.8575190e+01  -4.3352192e+01   1.0000000e+00
   1.2311271e+02  -5.7502181e+01   1.0000000e+00
   3.2792091e+01   4.9313171e+02   1.0000000e+00
   7.2811543e+00   7.9504672e+01   1.0000000e+00
  -2.1086152e+02  -4.7339014e+02   1.0000000e+00
  -5.5459961e+02  -2.5673933e+02   2.0000000e+00
  -5.6425812e+01   3.2995751e+02   1.0000000e+00
   1.4640469e+02  -4.2193982e+01   1.0000000e+00
   4.0640584e+02   4.4639177e+01   1.0000000e+00
  -5.2248112e+02   3.9540075e+02   2.0000000e+00
  -4.2409775e+01   7.3771231e+01   1.0000000e+00
  -5.2014397e+01   3.7072371e+02   1.0000000e+00
   2.0558820e+02  -1.9896689e+02   1.0000000e+00
  -5.3380928e+02   1.5206506e+02   2.0000000e+00
   2.0260060e+02  -3.7313037e+02   1.0000000e+00
  -3.3279402e+02   4.8782225e+02   1.7000000e+00
  -3.5242290e+02  -3.5896709e+02   2.0000000e+00
   4.8750511e+02  -7.2747505e+01   2.0000000e+00
   9.9089999e+01  -4.3395113e+02   1.0000000e+00
  -3.8667512e+02  -3.0497728e+02   1.0000000e+00
   5.0602159e+02  -4.8115507e+02   2.0000000e+00
  -1.4596267e+02   1.3959140e+02   1.0000000e+00
  -8.5132370e+01   3.7948857e+02   1.0000000e+00
   9.6309203e+01   2.7335657e+02   1.0000000e+00
  -3.5195871e+02   9.6575410e+00   1.0000000e+00
  -3.2766208e+02  -4.3901602e+02   1.0000000e+00
  -4.5145086e+02   1.9497866e+01   1.0000000e+00
  -4.6025695e+02  -9.9318991e+01   1.0000000e+00
  -4.1371642e+02   3.1045309e+01   1.0000000e+00
  -2.9185049e+02   2.4174589e+02   1.0000000e+00
   5.1967662e+01   5.2422362e+02   1.0000000e+00
   5.4000910e+02   3.8369737e+02   2.0000000e+00
   4.6333302e+02   5.3982332e+02   2.0000000e+00
  -3.9554649e+02   4.7019408e+02   2.0000000e+00
  -1.0220574e+02  -4.3010050e+02   1.0000000e+00
  -4.9390965e+02   1.1432391e+02   1.0000000e+00
  -1.2222292e+02   3.7291342e+02   1.0000000e+00
   1.5481218e+02  -4.9010281e+02   1.0000000e+00
  -2.1432659e+02  -1.9754896e+02   1.0000000e+00
   3.7915385e+02   4.5601414e+02   1.0000000e+00
  -3.2795482e+02   6.6126297e+01   1.0000000e+00
  -4.6640177e+02  -1.7788591e+02   1.0000000e+00
  -3.7249326e+02  -1.8437740e+02   1.0000000e+00
   3.1170126e+02  -1.1439866e+02   1.0000000e+00
  -2.4030643e+02   1.6959721e+02   1.0000000e+00
  -3.6896662e+02  -2.5579572e+02   1.0000000e+00
   4.4039623e+02  -1.4832192e+02   2.0000000e+00
   5.1344217e+02  -3.1851208e+01   2.0000000e+00
  -1.0246453e+02  -2.6252601e+02   1.0000000e+00
   1.4145526e+02   2.2349847e+02   1.0000000e+00
  -4.2947958e+02   4.7244681e+02   2.0000000e+00
   3.3275793e+02   2.2792938e+02   1.0000000e+00
  -1.8831259e+02   4.5327737e+02   1.0000000e+00
  -3.3670001e+02   4.3871000e+02   1.0000000e+00
  -2.0452110e+02  -4.8844539e+02   1.0000000e+00
  -5.5579965e+02   4.6669396e+02   2.0000000e+00
   1.2150868e+02   1.0062023e+02   1.0000000e+00
  -4.8957601e+02   5.3772794e+02   1.3000000e+00
   4.5677421e+02   4.2749891e+02   2.0000000e+00
  -7.5913237e+01  -1.7035553e+02   1.0000000e+00
  -3.9246754e+02   4.9009950e+02   2.0000000e+00
  -4.7974345e+02   3.2128424e+02   2.0000000e+00
  -4.1558020e+02  -5.2460286e+02   2.0000000e+00
  -4.3528428e+01  -1.2289669e+02   1.0000000e+00
  -9.8895070e+01   5.0450095e+02   1.0000000e+00
  -1.5489843e+02  -1.0303789e+02   1.0000000e+00
   5.1204445e+02  -5.0283415e+02   2.0000000e+00
   3.7952595e+02   3.2485852e+02   1.0000000e+00
   4.6391132e+02  -3.2801692e+02   1.0000000e+00
  -3.3731301e+02   2.5740715e+02   1.0000000e+00
   1.6004719e+02   4.5355100e+01   1.0000000e+00
  -4.5218959e+02   5.3624776e+01   1.0000000e+00
  -1.1449330e+02  -3.6891614e+02   1.0000000e+00
  -1.5102225e+02   3.4996863e+02   2.0000000e+00
  -2.2550770e+02   2.5942979e+02   1.0000000e+00
  -6.3251733e+01  -2.6424127e+02   1.0000000e+00
   7.2601203e+01  -1.6243158e+01   1.0000000e+00
   2.3923419e+02   5.1346648e+02   1.0000000e+00
   1.8152112e+02  -1.0142338e+02   1.0000000e+00
  -4.4285608e+01   3.3253909e+02   1.0000000e+00
   1.7779839e+02   1.8927823e+02   1.0000000e+00
  -4.9414057e+02   4.4027668e+01   2.0000000e+00
   5.2055415e+02  -2.8616714e+02   2.0000000e+00
   2.0632455e+01   1.9770609e+02   2.0000000e+00
   1.8903913e+02  -9.2810417e+00   1.0000000e+00
  -3.3760682e+02  -5.0052309e+02   2.0000000e+00
   3.9830154e+02  -1.9640009e+01   1.0000000e+00
   2.9671128e+02   1.2810435e+02   1.0000000e+00
   9.9154550e+01   3.7706756e+02   1.0000000e+00
   1.9684989e+02  -1.3521811e+02   1.0000000e+00
  -5.0700380e+02  -5.2743728e+02   1.0000000e+00
  -4.6170121e+02   2.3242478e+02   1.0000000e+00
   3.9695652e+02  -2.1257936e+02   1.0000000e+00
   7.1852548e+01   4.4801553e+02   1.0000000e+00
  -3.7028433e+02  -1.1290409e+01   2.0000000e+00
  -4.2521756e+02  -3.6042296e+02   1.0000000e+00
  -2.5386538e+02  -5.1679440e+02   2.0000000e+00
  -2.7441299e+02   4.9183033e+02   2.0000000e+00
  -1.5904719e+01   4.2073941e+02   1.0000000e+00
   6.0705108e+01   2.2749955e+02   1.0000000e+00
   4.9016100e+02  -3.3530367e+02   2.0000000e+00
  -3.4900533e+02   3.6135933e+02   1.0000000e+00
   2.4980210e+02  -5.4075783e+02   2.0000000e+00
  -1.2074971e+01   2.0057122e+02   2.0000000e+00
   3.8117373e+02   3.3949742e+02   1.0000000e+00
  -3.6135902e+01  -5.2942924e+02   1.0000000e+00
   4.5625088e+02   2.3228021e+01   1.0000000e+00
  -1.2286806e+02   1.9561199e+01   2.0000000e+00
  -3.0050096e+01  -4.6201305e+02   1.0000000e+00
   5.0366494e+01   1.8771710e+01   1.0000000e+00
   2.1800170e+02   3.4624689e+02   1.0000000e+00
   5.3453552e+02  -1.4553684e+02   2.0000000e+00
  -3.5382334e+01   1.6313276e+01   1.0000000e+00
   1.8900167e+02   6.9264322e+01   1.0000000e+00
  -4.2091550e+02  -3.7543430e+02   1.0000000e+00
   2.8865527e+02   5.6369837e+02   1.0000000e+00
   4.6048086e+01   4.9405092e+02   1.0000000e+00
   8.7444148e+01  -1.0034942e+02   1.0000000e+00
   4.2627595e+02   1.2041822e+02   2.0000000e+00
  -3.9502655e+02  -4.7898344e+02   1.0000000e+00
   3.9344653e+02  -1.8572230e+02   1.0000000e+00
  -5.2390299e+02   7.5349850e+00   2.0000000e+00
   3.6222918e+02   8.8306439e+01   1.0000000e+00
   3.2381332e+02   2.2397086e+01   1.0000000e+00
   3.7721432e+02   5.0416561e+01   1.0000000e+00
  -3.9024139e+02   2.9633013e+02   1.0000000e+00
   2.3665590e+02   1.4372541e+02   1.0000000e+00
   1.6916258e+02  -2.6301985e+02   1.0000000e+00
   1.0775083e+02  -3.7780801e+01   1.0000000e+00
  -7.7411222e+01  -4.5412774e+02   1.0000000e+00
   7.5302270e+01   2.1800857e+02   1.0000000e+00
  -2.4635208e+02  -5.4040022e+02   2.0000000e+00
   2.9382741e+02  -2.9799611e+02   1.0000000e+00
   1.5523265e+02   1.7108102e+02   1.0000000e+00
   1.5557239e+02   1.3463426e+02   1.0000000e+00
  -3.6385313e+02   2.4391547e+02   1.0000000e+00
   2.3104412e+02   2.1580041e+02   1.0000000e+00
  -3.8216268e+02  -1.4012425e+02   1.0000000e+00
  -2.6437688e+02  -3.0285611e+02   1.0000000e+00
   1.6320979e+01   2.9986300e+02   1.0000000e+00
  -2.8305527e+02   1.0628757e+02   1.0000000e+00
   3.4746854e+02   4.7254182e+01   1.0000000e+00
  -2.4362961e+02   2.4732042e+01   1.0000000e+00
  -4.1836301e+02  -4.6707353e+02   2.0000000e+00
   6.6566823e+01  -2.7558937e+02   1.0000000e+00
   5.1476682e+02   4.6716645e+02   2.0000000e+00
  -4.1963129e+02   4.3100893e+02   2.0000000e+00
  -3.6460022e+02  -1.6830412e+02   1.0000000e+00
  -1.4945967e+02  -1.3246806e+02   1.0000000e+00
  -2.3571558e+02  -3.6336561e+02   1.0000000e+00
   5.6064209e+02  -5.2642710e+02   2.0000000e+00
  -2.3409081e+02  -2.2097725e+02   1.0000000e+00
   5.2402392e+02  -1.3739470e+02   2.0000000e+00
  -1.5244486e+02  -4.2096102e+01   1.0000000e+00
  -1.3611812e+00  -2.4247585e+02   1.0000000e+00
  -2.6071051e+02  -1.4378883e+02   1.0000000e+00
   1.1345270e+02  -4.7732387e+02   1.0000000e+00
   4.8211444e+02  -5.0548229e+02   2.0000000e+00
  -8.8244510e+01   2.4066083e+02   1.0000000e+00
   4.7497705e+02  -1.8003466e+01   1.0000000e+00
  -2.4475642e+02  -2.6292938e+02   1.0000000e+00
  -2.6581036e+02   5.2558105e+02   2.0000000e+00
  -1.6381482e+02  -3.1840362e+02   1.0000000e+00
  -1.7920546e+02  -1.7446646e+02   1.0000000e+00
  -3.5778484e+02  -5.2248347e+02   2.0000000e+00
  -4.5020832e+02   2.7714823e+02   1.0000000e+00
   3.8707766e+02  -1.0124875e+01   1.0000000e+00
  -2.5837821e+02  -2.5760298e+02   1.0000000e+00
  -2.0002684e+02  -4.2772960e+02   1.0000000e+00
   4.4811525e+02  -4.5098212e+02   2.0000000e+00
   1.3838302e+02   2.4760802e+02   1.0000000e+00
  -7.2193989e+01  -2.8557643e+02   1.0000000e+00
   4.3660791e+02   3.0161262e+02   1.0000000e+00
   1.3118397e+02  -2.5243634e+02   1.0000000e+00
  -4.0235040e+02  -4.1389080e+02   1.0000000e+00
   4.9991885e+02   2.5340274e+02   2.0000000e+00
   3.0954710e+02  -5.0353065e+02   2.0000000e+00
  -4.0850242e+01  -3.7651752e+02   1.0000000e+00
  -1.7387835e+02  -1.3826390e+02   1.0000000e+00
   4.1356768e+02   3.1760050e+02   1.0000000e+00
   1.6637984e+02  -1.7896612e+01   1.0000000e+00
   2.8602361e+02  -5.0197387e+02   2.0000000e+00
  -2.3433741e+00  -2.4912362e+02   1.0000000e+00
  -8.5302406e+01  -4.0721333e+02   1.0000000e+00
   4.0568922e+02  -4.3890504e+02   1.0000000e+00
  -1.1085187e+02  -5.1227984e+02   1.0000000e+00
   7.9098775e+01  -1.0312354e+02   1.0000000e+00
  -1.7198089e+02   1.9103080e+01   1.0000000e+00
  -1.6149743e+02   1.0408665e+02   1.0000000e+00
  -4.0014640e+02   2.4301845e+02   1.0000000e+00
   3.7138153e+02   2.7237008e+02   1.0000000e+00
   1.3637957e+02  -1.7200722e+02   1.0000000e+00
   8.0545991e+00   2.1297415e+01   1.0000000e+00
  -1.1432381e+02  -3.8069443e+02   1.0000000e+00
   3.1303614e+02   4.9477243e+02   1.0000000e+00
   3.6109689e+02  -4.6980333e+02   2.0000000e+00
   4.0264918e+02  -3.4905749e+02   1.0000000e+00
   1.9159096e+02   4.1540612e+02   1.0000000e+00
  -3.4105744e+01   2.8275246e+02   1.0000000e+00
  -8.5181060e+00   1.7267484e+01   1.0000000e+00
   3.7463970e+02   1.7925422e+02   1.0000000e+00
  -1.9319671e+02   4.3794427e+02   2.0000000e+00
   4.2622028e+02   3.6007286e+02   1.0000000e+00
  -1.1849123e+02   7.2006167e+01   1.0000000e+00
  -5.1574810e+02  -2.7940695e+02   1.0000000e+00
  -1.2929456e+02  -2.4917013e+02   1.0000000e+00
   7.0077231e+01   3.8614113e+02   1.0000000e+00
   5.4237103e+02   3.7086004e+02   2.0000000e+00
   2.6662306e+02   2.0720488e+02   1.0000000e+00
  -9.0124716e+01   2.7768743e+02   1.0000000e+00
  -3.6896247e+00  -3.0252729e+02   1.0000000e+00
   1.4711010e+01  -4.3794742e+02   1.0000000e+00
   2.6194336e+02   5.1161375e+02   1.0000000e+00
  -4.7714193e+00  -1.3518213e+02   1.0000000e+00
  -1.9892005e+02  -5.1851469e+02   2.0000000e+00
  -4.6067998e+02  -3.0988620e+02   2.0000000e+00
  -1.3354242e+02   2.5707508e+02   1.0000000e+00
   5.5272046e+02   2.1833407e+02   2.0000000e+00
   4.0558254e+02  -3.1700188e+01   1.0000000e+00
  -3.7692422e+02   2.7881539e+02   1.0000000e+00
  -4.5482160e+02   5.3566182e+02   1.5000000e+00
  -2.1724123e+02  -4.9321384e+02   1.0000000e+00
  -4.7951628e+02  -2.7566687e+02   1.0000000e+00
  -1.6355355e+02  -4.9849957e+02   2.0000000e+00
   1.4920293e+02   2.5035341e+02   1.0000000e+00
  -2.1913490e+02   1.7185524e+02   1.0000000e+00
   2.0184946e+02  -2.4395359e+02   1.0000000e+00
   5.0227312e+01   4.8313037e+02   1.0000000e+00
   4.5903199e+02   1.3776015e+02   2.0000000e+00
  -1.8100047e+02   2.4640654e+02   1.0000000e+00
  -1.6146335e+02   2.0589785e+01   1.0000000e+00
   1.6179906e+02   3.0361894e+02   1.0000000e+00
  -2.7448360e+02   1.7635089e+02   1.0000000e+00
  -2.8923208e+02  -3.2824656e+02   1.0000000e+00
   4.5372132e+02  -6.0453084e+01   1.0000000e+00
   7.3438301e+01   4.9330329e+02   1.0000000e+00
   4.7451962e+02  -4.3269609e+02   2.0000000e+00
  -4.0377258e+02  -2.5816283e+02   1.0000000e+00
  -7.4315101e+01  -5.3145882e+02   1.0000000e+00
  -7.2269045e+01  -3.4338481e+02   1.0000000e+00
  -2.1499855e+02  -1.4590917e+02   1.0000000e+00
  -3.0588270e+02   1.4225660e+02   1.0000000e+00
   2.8413971e+02   4.4003083e+02   1.0000000e+00
   5.9828342e+01   4.0357376e+01   1.0000000e+00
  -3.4184645e+01  -7.7467345e+01   1.0000000e+00
   2.2263866e+02   4.1623031e+02   1.0000000e+00
   3.4410905e+02  -7.0433789e+00   1.0000000e+00
   4.2541187e+01  -8.9242475e+01   1.0000000e+00
   2.6849325e+02   2.4168231e+02   1.0000000e+00
   1.8889933e+01  -5.4000758e+01   1.0000000e+00
   3.2272101e+02  -1.3209170e+02   1.0000000e+00
   2.2289473e+02   1.7086136e+02   1.0000000e+00
  -2.9523499e+02   7.2953877e+01   1.0000000e+00
  -4.4539128e+01  -2.2249778e+01   1.0000000e+00
   1.2658510e+02  -5.2640751e+02   1.0000000e+00
   1.5356585e+02  -3.6830300e+02   1.0000000e+00
  -8.6744368e+01  -1.1309276e+02   1.0000000e+00
  -2.8600474e+02  -1.8700330e+01   1.0000000e+00
  -3.7581737e+02  -3.4716262e+01   1.0000000e+00
  -1.4157063e+02  -3.5668460e+02   1.0000000e+00
   4.8375012e+02   2.7960928e+02   2.0000000e+00
  -5.1556146e+01   1.9900041e+01   1.0000000e+00
  -3.1037360e+02  -6.5202811e+01   1.0000000e+00
   1.2051355e+02   8.1696419e+01   1.0000000e+00
   3.8045760e+02   4.0808727e+01   1.0000000e+00
  -3.5917457e+02   1.8727448e+02   1.0000000e+00
  -2.4496463e+01   4.3408035e+02   2.0000000e+00
   3.1677686e+02   2.6111163e+01   1.0000000e+00
   1.8406032e+01  -4.1455893e+02   1.0000000e+00
  -3.0393633e+02  -3.6136647e+02   1.0000000e+00
  -6.1228256e+01  -2.8055256e+02   1.0000000e+00
  -3.6374265e+02   1.7257396e+02   1.0000000e+00
   7.7619409e+01   4.4874220e+02   1.0000000e+00
   2.2992280e+02  -7.5361738e+01   1.0000000e+00
  -1.5786269e+02   4.3564466e+02   1.0000000e+00
  -5.3714369e+01   2.1578515e+02   1.0000000e+00
   1.9955607e+02  -1.3759465e+02   1.0000000e+00
   5.2392961e+02  -5.5850764e+02   2.0000000e+00
   3.1989287e+02   5.8063660e+02   2.0000000e+00
