  -1.8947899e+02   2.3303393e+02   1.0000000e+00
   1.7889900e+02  -1.3357513e+02   2.0000000e+00
   9.6284409e-01  -2.3973625e+02   1.0000000e+00
   1.9714365e+02   2.9353602e+02   2.0000000e+00
   2.4681267e+02  -1.5100515e+01   1.0000000e+00
  -1.0005800e+02  -2.8337786e+02   1.0000000e+00
  -2.8262909e+02  -3.3047025e+02   2.0000000e+00
  -5.5521839e+01   3.3293783e+02   2.0000000e+00
  -3.1999887e+02   2.4600660e+02   2.0000000e+00
   1.9970754e+02   1.9524399e+02   1.0000000e+00
  -1.6397426e+02  -7.6237214e+01   1.0000000e+00
   4.9256118e+01  -6.4994771e+01   1.0000000e+00
  -2.0951689e+02   5.8831295e+01   1.0000000e+00
   2.2084663e+02  -1.3278485e+02   2.0000000e+00
   2.3188141e+02  -1.5739128e+02   1.0000000e+00
  -2.2437654e+02  -2.5219331e+02   1.0000000e+00
   9.4959263e+01  -7.2952309e+01   1.0000000e+00
  -1.2392761e+02  -4.5000067e+01   1.0000000e+00
  -1.7834643e+01   1.1220100e+02   1.0000000e+00
   1.6015901e+02  -2.6103759e+02   1.0000000e+00
   1.3777952e+02   2.1031083e+01   1.0000000e+00
  -2.1313682e+02  -8.9152501e+01   1.0000000e+00
   3.1261977e+01   2.3409023e+02   1.0000000e+00
   7.3910061e+01  -2.0718393e+02   1.0000000e+00
  -2.5883548e+02  -4.1464582e+01   1.0000000e+00
   2.9368833e+02   2.2850662e+01   2.0000000e+00
  -2.8248232e+02  -2.8896682e+02   1.0000000e+00
  -1.8079709e+02  -2.8240084e+02   2.0000000e+00
   2.3063047e+02   2.5070568e+02   2.0000000e+00
   2.8965386e+02   7.2822731e-01   1.0000000e+00
  -2.2769358e+01   1.0683398e+02   2.0000000e+00
   2.0682598e+02   5.9882371e+01   1.0000000e+00
  -1.7930511e+02   1.4432568e+02   1.0000000e+00
  -2.1357568e+02  -9.0885250e+01   1.0000000e+00
  -1.8500098e+02   1.4778748e+02   1.0000000e+00
   1.0535212e+02  -1.3280115e+02   1.0000000e+00
  -4.3551333e+01  -2.3060780e+02   1.0000000e+00
   2.9833318e+02  -2.8823075e+02   2.0000000e+00
  -1.9664622e+02   2.0431497e+02   1.0000000e+00
   2.5324515e+02   1.1133888e+02   1.0000000e+00
  -1.3818490e+02  -5.8654475e+01   1.0000000e+00
  -2.7655391e+02   2.0570250e+02   2.0000000e+00
  -7.2324754e+01  -2.8524945e+02   1.0000000e+00
  -3.2673633e+02   3.0257730e+02   2.0000000e+00
   6.8933509e+01  -2.3111067e+01   1.0000000e+00
  -2.4226294e+02   2.4797502e+02   1.0000000e+00
   2.8186365e+02  -7.5561783e+01   1.0000000e+00
   1.7441301e+02  -2.5256497e+01   1.0000000e+00
   1.1513537e+02   1.1754740e+02   2.0000000e+00
  -8.9068053e+00  -1.8538059e+02   2.0000000e+00
  -3.0098703e+02   7.5295350e+01   1.0000000e+00
   1.3717827e+01   5.3156646e+01   1.0000000e+00
  -2.0315357e+01   1.1360136e+02   2.0000000e+00
  -3.0533290e+02   8.2991611e+01   1.0000000e+00
   1.9622556e+02  -2.2324677e+02   1.0000000e+00
   2.8773585e+02  -1.7594778e+02   1.0000000e+00
  -1.9401029e+02  -1.4934673e+02   2.0000000e+00
  -2.2188338e+02  -6.5978326e+00   1.0000000e+00
   3.1562814e+02  -2.4131681e+02   2.0000000e+00
  -7.6232756e+01  -8.6475179e-01   1.0000000e+00
  -2.4623253e+02  -1.2659636e+02   1.0000000e+00
   1.5453463e+02  -1.7177220e+02   1.1000000e+00
  -2.1576346e+02   2.5868946e+02   1.0000000e+00
   3.1198926e+02   2.2823243e+02   2.0000000e+00
  -2.2444954e+02  -6.5033473e+01   1.0000000e+00
   2.1319144e+02   1.0060496e+02   1.0000000e+00
  -3.3158683e+02  -2.8525519e+02   2.0000000e+00
   2.7361299e+01  -1.0569191e+02   1.0000000e+00
   2.1409423e+02   2.4081712e+02   2.0000000e+00
  -2.5180199e+01   6.7918836e+00   1.0000000e+00
  -3.2950482e+01  -9.9430525e+01   1.0000000e+00
  -1.6178469e+02  -1.9845474e+02   1.0000000e+00
  -5.3363073e+01  -1.9335119e+02   1.0000000e+00
  -1.4741155e+02   4.9096551e+01   2.0000000e+00
   1.3765209e+02   6.1677851e+01   1.0000000e+00
  -2.0975374e+02  -1.4249485e+01   1.0000000e+00
   1.8165845e+02   8.0472824e+01   1.0000000e+00
  -2.7754896e+01  -1.0373409e+02   1.0000000e+00
  -2.6172905e+02   6.4942443e+01   1.0000000e+00
  -1.9438654e+01  -8.4686673e+00   1.0000000e+00
  -1.0332619e+02   8.5002432e+01   1.0000000e+00
  -1.5910657e+02  -3.0758308e+02   2.0000000e+00
  -5.4191870e+01  -4.5576310e+01   1.0000000e+00
   3.4533211e+01   5.2958565e+01   1.0000000e+00
   2.6701885e+02  -2.4968488e+02   2.0000000e+00
  -7.8232956e+01  -1.9003983e+02   1.0000000e+00
  -3.2593011e+02  -1.7687958e+02   1.0000000e+00
   2.4002885e+01  -1.6426806e+02   1.0000000e+00
  -8.5831023e+01   1.4678081e+01   1.0000000e+00
  -1.9948890e+02   2.4481301e+02   2.0000000e+00
  -2.3071793e+02   2.2380168e+02   1.0000000e+00
   1.5602566e+02   7.2309538e+01   1.0000000e+00
   2.4960435e+02  -2.1402795e+02   1.0000000e+00
   1.2445440e+02  -3.2422994e-01   1.0000000e+00
   3.8987859e+00  -2.3155161e+02   1.0000000e+00
   1.7172640e+02   4.7225702e+01   1.0000000e+00
   2.9790258e+02  -1.7705363e+02   2.0000000e+00
  -1.6887598e+02   3.0992654e+02   1.0000000e+00
   1.2123035e+02   3.2329945e+02   2.0000000e+00
   5.9352057e+01   7.3207166e+01   1.0000000e+00
  -2.8813286e+02  -1.4851999e+02   1.0000000e+00
   6.8568979e+01   1.0665309e+02   1.0000000e+00
  -2.2451875e+02   9.8726954e+01   1.0000000e+00
   3.1091669e+02   2.3549058e+02   2.0000000e+00
  -1.9677786e+02   3.0739875e+02   1.0000000e+00
   7.5173751e+01  -3.0066698e+02   2.0000000e+00
  -1.9216127e+02  -1.6297886e+02   1.0000000e+00
   1.8063809e+02  -5.0137911e+01   1.0000000e+00
   7.6799642e+01  -2.8261796e+02   1.0000000e+00
   2.7452111e+02   1.1785893e+02   1.0000000e+00
  -2.7097725e+02  -2.0742362e+02   1.0000000e+00
   4.7710872e+00  -2.2636072e+02   1.0000000e+00
  -8.3143877e+01   1.2856566e+02   1.0000000e+00
  -2.0179886e+02   2.8617471e+02   1.0000000e+00
   1.2527251e+02  -4.5453063e+01   1.0000000e+00
   2.9327073e+02  -1.6033426e+00   1.0000000e+00
   1.9797239e+02  -8.3032959e+01   1.0000000e+00
  -4.8516660e+01  -1.5267000e+02   1.7000000e+00
  -1.4151485e+02   9.2674562e+01   1.0000000e+00
  -2.5176928e+02  -2.2664158e+02   1.0000000e+00
  -8.5523633e+01  -7.4369715e+01   1.0000000e+00
   1.9440100e+02  -2.0551743e+02   1.0000000e+00
  -8.9849107e+01  -1.0888901e+02   1.0000000e+00
  -1.2523959e+02  -2.1485980e+02   1.0000000e+00
   2.5973973e+02  -2.7520624e+01   1.0000000e+00
   3.0387454e+02  -4.7211393e+00   1.0000000e+00
   2.2911220e+02  -2.9139059e+02   1.0000000e+00
  -1.8785431e+02   1.9098357e+02   1.0000000e+00
  -3.3164064e+02   2.5109456e+02   2.0000000e+00
   1.9598302e+01  -7.5782528e+01   1.0000000e+00
   7.7864169e+01  -2.7291247e+02   1.0000000e+00
  -3.1012367e+02   3.6394398e+01   1.0000000e+00
   8.6190985e+01   2.0642406e+02   1.0000000e+00
   1.9102193e+02  -1.4942145e+02   1.0000000e+00
   1.2900529e+02   7.0149690e+01   1.0000000e+00
   1.6950899e+02  -3.7485162e+01   1.0000000e+00
   2.5338808e+02   2.8314219e+02   2.0000000e+00
   1.5481745e+02   2.2772972e+02   1.0000000e+00
   2.8407289e+02   1.6739981e+02   1.0000000e+00
  -5.8146232e+01   1.1654792e+02   1.0000000e+00
  -8.0015735e+01   1.7512489e+02   1.0000000e+00
   4.2608180e+01  -1.5588131e+02   1.0000000e+00
   6.3361853e+01   1.9187625e+02   1.0000000e+00
  -2.6415500e+02   6.3154359e+01   1.0000000e+00
  -2.9543594e+02  -6.3966917e+01   1.0000000e+00
  -8.5552760e+01  -2.3769382e+02   1.0000000e+00
  -3.0048229e+00  -2.0860757e+02   1.0000000e+00
   2.2661321e+02  -1.7214501e+02   1.0000000e+00
  -3.4898170e+01  -3.0356533e+02   1.0000000e+00
  -1.2616149e+02  -3.3829955e+01   1.0000000e+00
  -2.4900776e+02  -2.3963251e+02   1.0000000e+00
  -2.0290150e+02  -9.2698590e+01   1.0000000e+00
  -1.2416836e+02  -1.9650379e+02   1.0000000e+00
   4.7749821e+01   6.8751672e+01   1.0000000e+00
   1.9852242e+02  -2.7779146e+02   1.0000000e+00
   4.0352911e+01   4.9393280e+01   1.0000000e+00
  -1.0861481e+02   5.2110978e+01   1.0000000e+00
  -2.9956215e+02  -1.3440158e+02   1.0000000e+00
   5.4129400e+01  -2.9104898e+02   1.0000000e+00
  -3.0609900e+01  -2.6686752e+01   1.0000000e+00
  -1.8595245e+02   1.4701630e+02   1.0000000e+00
  -5.3215929e+01   1.5753325e+02   1.0000000e+00
  -6.3141421e+01  -7.0334210e+01   1.0000000e+00
  -5.3425147e-01   3.4322403e+02   2.0000000e+00
   1.2777425e+02  -9.1713080e+01   2.0000000e+00
  -7.9155416e+00   1.9942190e+02   1.0000000e+00
   5.9320527e+01  -1.8723226e+02   1.0000000e+00
  -1.1176015e+02  -1.1408916e+01   2.0000000e+00
  -2.3369343e+02   1.6745360e+02   1.0000000e+00
  -2.1390846e+01   2.2428793e+02   1.0000000e+00
   1.5092297e+02  -6.1637094e+00   1.0000000e+00
  -8.7304565e+01  -1.0420309e+02   1.0000000e+00
  -2.0476972e+02   5.4614468e+01   2.0000000e+00
   7.8012920e+00  -1.2158574e+02   1.0000000e+00
  -2.4973657e+02  -2.6662011e+02   1.0000000e+00
   2.0192637e+01  -7.4108319e+01   1.0000000e+00
  -9.5691787e+01  -4.1557101e+01   1.0000000e+00
  -2.0404031e+02  -6.8905964e+01   1.0000000e+00
  -8.4783424e+01   4.8671468e+01   1.0000000e+00
   1.8774408e+02  -2.2595193e+02   1.0000000e+00
   6.5629013e+01  -9.4524012e+00   1.0000000e+00
  -2.0527428e+02   9.5404503e+01   2.0000000e+00
  -1.7724204e+00  -2.8693994e+02   1.0000000e+00
   2.7465942e+02   2.7379334e+02   2.0000000e+00
   1.9256719e+02   2.7352355e+02   2.0000000e+00
  -2.3904069e+02  -2.6681398e+02   1.0000000e+00
  -3.2054529e+02  -1.2896824e+02   1.0000000e+00
  -2.3074626e+00  -2.2172595e+02   1.0000000e+00
   1.9070967e+02  -2.8913158e+02   1.0000000e+00
   2.5395025e+01  -2.0929914e+02   1.0000000e+00
   8.3383184e+01   2.4576807e+02   1.0000000e+00
  -1.4334729e+02  -2.8859067e+02   1.0000000e+00
  -2.7842583e+01  -1.7313245e+01   1.0000000e+00
  -3.1242674e+02  -2.5378577e+02   1.0000000e+00
   2.4263441e+02  -8.2401361e+01   1.0000000e+00
   2.2440937e+02  -2.9367980e+02   1.0000000e+00
  -1.9280940e+02   1.5477859e+02   1.0000000e+00
  -1.4096839e+02   2.0995808e+01   2.0000000e+00
   2.3433588e+02   2.1551183e+02   2.0000000e+00
  -1.8872483e+02   5.2009186e+00   1.0000000e+00
   2.7676027e+02   1.3748543e+02   1.0000000e+00
   2.9999061e+02  -9.6147247e+01   1.0000000e+00
   2.4915607e+02   2.9021684e+02   2.0000000e+00
   1.8568361e+02  -2.6045063e+01   1.0000000e+00
  -1.9611184e+02  -9.2796309e+01   1.0000000e+00
   4.9087694e+01   3.1323555e+02   1.0000000e+00
   1.3082542e+02   7.7445445e+01   1.0000000e+00
   2.1504523e+02   1.2097761e+02   1.0000000e+00
   3.0894290e+02   3.8675504e+01   1.0000000e+00
  -2.9534199e+02   1.2295953e+01   2.0000000e+00
   1.9715719e+02   1.6167075e+02   1.0000000e+00
  -1.9627695e+02   1.8000295e+02   1.0000000e+00
   6.5505938e+01   2.2944961e+01   1.0000000e+00
   1.3923194e+02  -1.8829106e+02   1.0000000e+00
  -1.6165363e+02   3.0015077e+02   1.0000000e+00
  -2.8776627e+02   1.5886879e+02   2.0000000e+00
   2.8575274e+02   2.8420133e+02   2.0000000e+00
  -6.1937812e+01   5.2219041e+01   1.0000000e+00
  -9.4583700e+01   1.1904142e+02   1.0000000e+00
  -8.3680631e+01   5.1523218e+01   1.0000000e+00
  -7.7654953e+01   1.6813988e+01   1.0000000e+00
   1.1504314e+02   2.6974898e+02   1.0000000e+00
  -3.5166679e+01   3.2428012e+02   2.0000000e+00
   7.5546693e+01   1.4037650e+02   1.0000000e+00
   1.9754043e+02   4.3369423e+01   1.8000000e+00
   2.7971043e+02  -2.7630156e+01   1.0000000e+00
   1.8380976e+02  -5.7865701e+00   1.0000000e+00
   1.2796882e+02  -2.8546432e+02   1.0000000e+00
  -2.0994637e+01  -1.2353937e+02   1.0000000e+00
  -2.9715552e+02  -2.6922869e+02   1.0000000e+00
   1.7772034e+02   1.9890492e+02   1.0000000e+00
  -2.9305033e+02  -3.0574983e+02   2.0000000e+00
   9.7334906e+01  -5.6318669e+00   1.0000000e+00
   1.2379622e+01   2.0266398e+02   1.0000000e+00
   2.1158107e+02  -2.7374889e+02   2.0000000e+00
   1.6817379e+02  -3.6604984e+01   1.0000000e+00
   1.8022343e+02  -3.0100536e+02   1.0000000e+00
  -1.4597633e+01  -3.8594803e+01   1.0000000e+00
   2.7410152e+02  -1.3912892e+02   2.0000000e+00
   2.3654277e+02  -2.0598639e+02   1.0000000e+00
   1.9489141e+02   3.2781490e+01   2.0000000e+00
  -1.5889210e+02   1.8491901e+02   1.0000000e+00
  -1.0386207e+02  -2.9331331e+02   1.0000000e+00
  -4.0407305e+01   2.4230702e+02   1.0000000e+00
   2.1361561e+02  -2.0810927e+02   1.0000000e+00
   6.5178193e+01  -2.0379054e+02   1.0000000e+00
   3.0978096e+00   1.3675494e+02   1.0000000e+00
  -1.6162382e+02  -7.7341600e+01   1.0000000e+00
  -2.7973329e+02  -1.9712681e+02   1.0000000e+00
   7.1323560e+01  -9.2991732e+01   1.0000000e+00
  -1.3449607e+02   2.0377912e+02   1.0000000e+00
  -3.8181405e+01   1.9209987e+02   1.0000000e+00
  -8.7364708e+01  -2.5556439e+02   1.0000000e+00
   4.4019220e+00   5.3535713e+01   1.0000000e+00
   2.0515494e+02  -1.7996124e+02   1.0000000e+00
   1.7699106e+02   1.4665250e+02   1.0000000e+00
  -4.9984947e+00  -2.8754308e+02   1.0000000e+00
   2.8653758e+02   2.7723401e+02   2.0000000e+00
   1.4304356e+01   1.4232924e+02   1.0000000e+00
   2.4954644e+02   7.3414923e+01   1.0000000e+00
  -2.0146183e+02   4.5204477e+01   1.0000000e+00
   1.8733929e+02   2.3834052e+02   2.0000000e+00
   6.1854192e+01   3.0794759e+01   1.0000000e+00
  -4.9230365e+00   2.7970747e+02   1.0000000e+00
  -4.9058176e+01  -1.3993866e+02   1.0000000e+00
  -5.7203824e+00  -1.3141415e+02   1.0000000e+00
   1.6013732e+02  -3.0257314e+02   1.0000000e+00
  -2.4034995e+02  -9.1473635e+01   1.0000000e+00
  -1.9293369e+02   1.2765598e+02   1.0000000e+00
  -2.0908584e+02   5.4005333e+00   1.0000000e+00
  -2.1263935e+02   1.1532273e+02   1.0000000e+00
  -2.5891576e+02  -2.3697453e+02   1.0000000e+00
  -9.1815943e+01  -3.9821813e+01   2.0000000e+00
   1.8786709e+01   1.8115886e+02   1.0000000e+00
  -1.6901626e+02  -1.1704670e+02   1.0000000e+00
  -1.7976037e+02  -2.6433043e+02   2.0000000e+00
  -2.4426963e+01   1.1813096e+02   1.0000000e+00
  -2.2215808e+02   3.8827950e+01   1.0000000e+00
   1.8846879e+02   4.0928111e+00   1.0000000e+00
   1.3331941e+02  -2.8854830e+02   1.0000000e+00
   1.1227212e+02  -1.8132246e+02   1.0000000e+00
  -1.6832238e+02   1.6556126e+02   1.0000000e+00
   3.9272255e+01  -2.9602156e+02   1.0000000e+00
   2.5971457e+02  -2.5897124e+02   2.0000000e+00
  -1.1352057e+02  -2.3179915e+02   1.0000000e+00
  -3.2265171e+02  -1.8364816e+02   1.0000000e+00
  -4.0223538e+01   1.5168064e+02   1.0000000e+00
  -2.5597251e+02  -1.0644617e+02   1.0000000e+00
   2.0231825e+02  -2.7652849e+02   1.0000000e+00
   3.0283148e+01  -3.2000229e+02   2.0000000e+00
  -2.6423827e+01  -3.8899551e+01   1.0000000e+00
  -2.4573719e+02   2.1971427e+02   1.0000000e+00
   6.9675792e+01   1.8402255e+02   1.0000000e+00
   1.1110184e+02   9.1121532e+01   1.0000000e+00
  -2.6409404e+02  -2.2033657e+02   1.0000000e+00
   2.6704250e+02  -1.0891526e+02   1.0000000e+00
   1.8224403e+02  -1.8764723e+02   1.0000000e+00
   2.2749135e+02  -9.0498354e+01   1.0000000e+00
  -1.9119544e+02   2.3526621e+02   2.0000000e+00
   2.3621295e+02   9.5359804e+01   1.0000000e+00
  -1.5225632e+01   2.6325150e+02   1.0000000e+00
   3.9835269e+01  -1.8833262e+02   1.0000000e+00
   1.4101826e+02   1.0775027e+02   1.0000000e+00
   2.7503558e+02   3.0739890e+02   2.0000000e+00
  -1.7869357e+02   3.1028266e+02   2.0000000e+00
   9.5342799e+01   2.5638649e+00   1.0000000e+00
   2.9724379e+02  -1.8804106e+02   1.0000000e+00
  -1.4454241e+02   3.1886894e+02   2.0000000e+00
  -8.5207360e+01   2.3214643e+02   1.0000000e+00
   6.9801179e+01  -2.9914916e+02   2.0000000e+00
   1.7792898e+02   2.5986050e+02   2.0000000e+00
  -1.5851198e+02  -2.7081566e+02   1.0000000e+00
  -1.2244837e+00   1.0169758e+02   2.0000000e+00
   4.2876544e+01  -6.5715683e+01   1.0000000e+00
   9.8417029e+01   9.4564528e+01   1.0000000e+00
   1.0560890e+02   1.5708616e+02   1.0000000e+00
  -2.2732188e+02   3.0853587e+02   2.0000000e+00
  -1.2457176e+02  -2.2578271e+02   1.0000000e+00
   6.1005116e+01   4.7392664e+01   1.0000000e+00
   2.8297468e+02  -1.6544984e+02   1.0000000e+00
   2.2029478e+02   2.9521316e+02   2.0000000e+00
  -4.6763754e+01  -3.1086411e+00   1.0000000e+00
   1.2797477e+02   2.6459759e+02   1.0000000e+00
   2.5019575e+02  -2.6102509e+02   2.0000000e+00
  -2.2836923e+02  -1.5763967e+02   1.0000000e+00
   3.1145958e+02   1.4357646e+02   1.0000000e+00
   2.4760629e+02   3.0470794e+02   2.0000000e+00
   2.7188191e+02  -2.7750802e+02   2.0000000e+00
   2.3806808e+02   1.7893392e+01   1.0000000e+00
  -2.1883371e+02  -1.5563985e+02   1.0000000e+00
   3.0499218e+02   6.4511631e+01   1.0000000e+00
  -1.6527739e+02   8.1589599e+01   1.5000000e+00
   2.4720133e+02   9.3687619e+01   1.0000000e+00
   2.1485076e+02  -1.8086756e+02   1.0000000e+00
  -2.9023846e+02  -2.8597016e+01   2.0000000e+00
   2.3538013e+02   1.2263315e+02   1.0000000e+00
  -2.6376086e+02   6.3030436e+01   1.0000000e+00
  -1.1391827e+02   1.6280897e+02   1.0000000e+00
   3.1988693e+01  -5.0021660e+01   2.0000000e+00
  -1.3759726e+02  -1.2193212e+02   1.0000000e+00
   1.8411001e+02   2.5748758e+02   2.0000000e+00
  -1.4155045e+02  -1.2078252e+02   1.0000000e+00
   9.3236936e+01  -6.1131888e+01   1.0000000e+00
   1.0709452e+02   9.8037094e+01   1.0000000e+00
  -3.4896529e+01   1.3908316e+02   1.0000000e+00
  -1.3803345e+02   1.0111570e+02   1.0000000e+00
   1.9450728e+02  -1.7829753e+02   1.0000000e+00
  -2.9078664e+02   9.4524575e+01   1.0000000e+00
   3.0391045e+01  -3.2902873e+01   2.0000000e+00
   3.1274735e+02  -1.1801172e+02   1.0000000e+00
   5.6671121e+01  -5.1526829e+01   1.0000000e+00
  -2.5655719e+02   2.0583170e+02   1.0000000e+00
  -2.0008470e+02   5.0504119e+01   2.0000000e+00
   2.0274320e+02  -1.1565219e+02   2.0000000e+00
  -3.1213189e+02   2.9913666e+02   2.0000000e+00
  -1.9020006e+02  -5.8072907e+01   1.0000000e+00
   3.1009881e+02   2.1598741e+02   2.0000000e+00
  -4.6773246e+01  -1.2791021e+02   1.0000000e+00
  -1.7891878e+02   1.4612733e+02   1.0000000e+00
  -1.2478532e+02  -2.1936945e+01   1.0000000e+00
   1.9800282e+02  -1.0129015e+01   1.0000000e+00
   7.2683097e+01   2.8530359e+02   1.0000000e+00
   2.4603731e+02  -1.1466806e+02   1.0000000e+00
  -1.8140280e+02  -1.6360489e+02   1.0000000e+00
  -1.1604442e+02   2.4995587e+02   1.0000000e+00
   1.9600747e+02  -2.4056162e+00   1.0000000e+00
   4.4042300e+01   9.6811428e+01   1.0000000e+00
   2.2860268e+02   1.7349248e+01   1.0000000e+00
   3.1100227e+02  -7.0068369e+01   1.0000000e+00
  -5.7838512e+01  -1.7775030e+01   1.0000000e+00
  -1.2405030e+02   1.3299218e+02   1.0000000e+00
   2.2004673e+01   3.0289134e+02   1.0000000e+00
  -1.9189140e+02  -2.0927873e+02   1.0000000e+00
  -3.3347513e+02   2.3876909e+02   2.0000000e+00
  -1.5282408e+02  -2.8618931e+02   1.0000000e+00
  -1.2403713e+02   2.7205367e+02   1.0000000e+00
  -3.0147430e+02   2.1081302e+02   2.0000000e+00
  -1.7412594e+02  -8.3153845e+01   1.0000000e+00
  -7.5310545e+00  -1.6183694e+02   2.0000000e+00
  -1.6848199e+01  -5.7444170e+01   1.0000000e+00
   2.5998065e+02  -3.9876662e+01   1.0000000e+00
  -1.9177728e+02  -1.2407911e+02   1.4000000e+00
   3.0213517e+02   1.4808095e+02   1.0000000e+00
   1.0616100e+02  -1.3815739e+02   1.2000000e+00
   6.0881306e+01  -1.2251044e+02   1.0000000e+00
   5.7249606e+01  -2.0931548e+02   1.0000000e+00
   9.2449484e+01  -2.6463695e+02   1.0000000e+00
  -8.0524681e+01   3.3169234e+02   2.0000000e+00
  -2.0585561e+02   5.3768099e+01   2.0000000e+00
  -2.3728623e+02   1.2805335e+01   1.0000000e+00
   2.2239231e+01   1.5063958e+02   1.0000000e+00
   1.0066446e+02  -9.2107292e+01   1.0000000e+00
  -3.7238435e+01   2.1961590e+02   1.0000000e+00
   1.7115297e+02  -9.7972711e+01   2.0000000e+00
   2.6456694e+02   2.1535197e+02   1.0000000e+00
   1.0787437e+01   3.1411974e+02   1.0000000e+00
  -1.0193231e+02   2.6319103e+02   1.0000000e+00
  -2.3183125e+02  -1.0048732e+02   1.0000000e+00
  -2.8886362e+02  -2.1904269e+02   1.0000000e+00
   1.0092788e+02  -2.5739593e+02   1.0000000e+00
  -3.5479074e+01  -3.9289538e+01   1.0000000e+00
  -1.0344996e+02   1.1732950e+01   1.0000000e+00
   6.0040257e+01  -1.0348837e+02   1.0000000e+00
  -1.8163324e+02  -1.0486132e+00   1.0000000e+00
  -2.5690393e+02  -2.2098800e+02   1.0000000e+00
  -2.2806932e+02   2.8510821e+02   1.0000000e+00
   2.4880249e+02  -3.0679729e+02   2.0000000e+00
  -2.3695991e+02   1.5775263e+02   1.0000000e+00
  -2.7681972e+01   3.4166216e+02   2.0000000e+00
   2.0034205e+02   2.1246569e+02   1.0000000e+00
   2.2835196e+02   2.8704584e+01   1.0000000e+00
   3.1762248e+02   2.7992144e+02   2.0000000e+00
  -4.9540609e+01  -8.9335508e+01   1.0000000e+00
   6.2785398e+01   1.0693739e+02   1.0000000e+00
   9.1976338e+01  -1.7988054e+02   1.0000000e+00
  -2.7239083e+02  -5.6438012e+00   2.0000000e+00
  -4.2700488e+01  -4.9381153e+01   1.0000000e+00
  -1.0847267e+02   1.7960127e+02   1.0000000e+00
   1.4637877e+02  -3.6782065e+01   1.0000000e+00
   2.5666437e+02   1.9310777e+01   1.0000000e+00
   1.6946417e+02   2.9958267e+02   1.0000000e+00
   4.1618652e+01  -1.2769250e+02   1.0000000e+00
  -3.5649598e+01   2.0882620e+02   1.0000000e+00
  -1.5857022e+02  -3.1436998e+02   2.0000000e+00
   1.9798980e+02  -2.2173075e+02   1.0000000e+00
   2.8608221e+01  -2.8406307e+02   1.0000000e+00
  -1.4979236e+02   1.5781438e+02   1.0000000e+00
  -1.9625014e+02   1.3041521e+02   1.0000000e+00
  -3.1152742e+02  -5.7270019e+01   1.0000000e+00
  -1.4214328e+02   1.7438254e+02   1.0000000e+00
   2.5498552e+02   4.5598023e+01   1.0000000e+00
  -1.8152190e+02  -7.1843760e+01   1.0000000e+00
   1.0168245e+02   2.4472906e+02   1.0000000e+00
   2.7183316e+02  -2.5004752e+02   2.0000000e+00
   1.0207131e+02  -8.5406515e+01   1.0000000e+00
  -2.7867850e+02   1.6048552e+02   2.0000000e+00
  -1.4702467e+02  -8.3142881e+01   1.0000000e+00
  -3.1137303e+02   5.1530325e+01   1.0000000e+00
  -2.2456282e+02   8.2117130e+01   2.0000000e+00
   1.4681421e+02  -2.6234874e+02   1.0000000e+00
  -2.5586052e+02   2.4553501e+02   1.0000000e+00
   8.2272389e+01   2.4709857e+01   1.0000000e+00
  -2.6661556e+02   7.6628533e+01   1.0000000e+00
   1.0413865e+02  -1.0778613e+02   1.0000000e+00
   1.3455610e+02  -5.0307244e+01   1.0000000e+00
   2.1790280e+02  -1.4472936e+02   1.0000000e+00
  -3.1381823e+02   2.3571622e+02   2.0000000e+00
  -1.6307303e+02   2.9566307e+02   1.0000000e+00
   4.6012720e+01  -5.3603412e+01   1.0000000e+00
   1.7775959e+02   2.9126385e+02   1.0000000e+00
   4.0271815e+01  -1.9531202e+02   1.0000000e+00
   2.4777845e+02  -1.2721842e+02   2.0000000e+00
   5.6847329e+01   3.0640899e+01   1.0000000e+00
  -2.0708519e+01   8.4162831e+01   1.0000000e+00
   6.1789010e+01  -1.9464691e+01   1.0000000e+00
   1.3644770e+02   1.4495764e+02   1.0000000e+00
  -7.0034953e+00  -2.9820053e+02   1.0000000e+00
   3.0118762e+02  -2.8769888e+02   2.0000000e+00
   2.0421436e+02   2.2700489e+02   1.0000000e+00
  -2.1239104e+00  -2.3292843e+02   1.0000000e+00
  -1.2846898e+02   1.3521806e+02   1.0000000e+00
  -2.7397494e+02   1.9676127e+02   2.0000000e+00
  -1.2163558e+02  -3.0318110e+02   1.0000000e+00
   3.5168165e+01  -3.0672928e+02   1.0000000e+00
  -1.2770575e+02   2.5013219e+02   1.0000000e+00
  -3.2547299e+02   2.1350137e+02   2.0000000e+00
  -8.0897935e+01  -2.7685640e+02   1.0000000e+00
  -1.3875661e+02  -6.8073689e+01   1.0000000e+00
  -3.2303155e+02   3.1637892e+02   2.0000000e+00
  -5.5152095e+00   7.1869700e+01   1.0000000e+00
   9.7513585e+01  -2.3941382e+02   1.0000000e+00
  -1.8883434e+02   1.1405403e+02   1.0000000e+00
  -2.2157107e+02  -1.6709641e+02   1.0000000e+00
  -6.8542037e+01  -3.4254029e+00   1.0000000e+00
  -2.2740214e+02  -2.1491272e+02   1.0000000e+00
   2.3933109e+02   1.4521445e+00   1.0000000e+00
   4.5904439e+01   1.7439626e+01   2.0000000e+00
  -2.0764096e+02   1.5371973e+02   1.0000000e+00
  -1.1964088e+02  -2.7534210e+02   1.0000000e+00
   1.7244433e+02  -1.5472895e+00   1.0000000e+00
  -6.5738230e+01   1.5021136e+02   1.0000000e+00
  -5.7490385e+01   1.8605293e+02   1.0000000e+00
   5.1883148e+01   1.0250709e+02   1.0000000e+00
  -7.5744844e+01   3.2047569e+02   2.0000000e+00
   1.7619736e+02   1.2864956e+02   1.0000000e+00
   2.7512272e+02  -1.2841273e+02   2.0000000e+00
   8.8011770e+01  -6.6257437e+01   1.0000000e+00
   2.4322531e+02  -2.5250916e+02   1.0000000e+00
  -1.9115451e+02   2.1211492e+02   1.0000000e+00
  -2.5359390e+02  -2.8288201e+02   2.0000000e+00
  -2.6724136e+02  -3.0809726e+02   2.0000000e+00
  -5.1737491e+00  -1.7113790e+01   1.0000000e+00
  -1.2116851e+02   2.4189004e+02   1.0000000e+00
  -2.4564942e+02  -1.3717325e+02   1.0000000e+00
   2.4109334e+02   1.0911156e+02   1.0000000e+00
  -1.6747104e+02  -1.5264212e+02   1.0000000e+00
   1.2071140e+02   2.2968464e+01   1.0000000e+00
   1.0554327e+02  -1.6555942e+02   1.0000000e+00
  -1.8490443e+02   1.2488908e+02   1.0000000e+00
   2.3686181e+02   4.4696324e+01   1.0000000e+00
   1.7439723e+02  -4.8318830e+01   1.0000000e+00
  -3.4215625e+01  -1.8676496e+02   2.0000000e+00
   2.1335052e+02   9.4748453e+01   1.0000000e+00
   6.4512068e+01  -4.2246729e+01   1.0000000e+00
   3.1195491e+02   2.1438579e+02   2.0000000e+00
   3.0030525e+02   3.2092272e+02   2.0000000e+00
  -3.2065500e+02   2.9304242e+02   2.0000000e+00
   3.7724556e+01  -3.0966062e+02   1.0000000e+00
   1.3290833e+02  -1.8469966e+01   1.0000000e+00
  -1.6027042e+02   1.8320198e+02   1.0000000e+00
   1.0441194e+02   3.1296924e+02   1.0000000e+00
  -2.6358168e+02   2.3665273e+02   1.0000000e+00
  -2.3324573e+02  -1.5822652e+01   1.0000000e+00
  -1.1378074e+02  -3.8131425e+01   1.0000000e+00
   7.7982079e+01  -1.0056788e+01   1.0000000e+00
   1.5404528e+02   8.8640560e+01   1.0000000e+00
   4.4541688e+01   3.6701814e+01   1.0000000e+00
   2.0153745e+02  -2.5596700e+02   1.0000000e+00
  -2.8893730e+02   2.9142736e+01   2.0000000e+00
   1.7727696e+02   8.1584295e+01   1.0000000e+00
  -6.9055851e+01   1.4054183e+02   1.0000000e+00
   1.6343477e+02  -3.0507418e+01   1.0000000e+00
   2.9078377e+01   1.7906130e+00   1.0000000e+00
   3.0353248e+02  -2.6539022e+02   2.0000000e+00
   2.4771348e+02   3.1589959e+02   2.0000000e+00
   1.8981985e+02  -1.2693306e+01   1.0000000e+00
  -4.7340415e+01  -2.8592910e+02   1.0000000e+00
   8.6861230e+01   2.8525055e+02   1.0000000e+00
   2.7642793e+02   3.2226152e+02   2.0000000e+00
   1.3562187e+02  -4.1713979e+01   1.0000000e+00
  -1.2279500e+02   9.0248630e+00   1.0000000e+00
   7.5026211e+01  -4.3169287e+01   1.0000000e+00
  -9.7964065e+01  -1.7566528e+02   1.0000000e+00
   1.6030887e+02  -2.2519308e+02   1.0000000e+00
   6.7043526e+01   2.2743517e+01   1.0000000e+00
   8.9278753e+00  -1.0882550e+02   1.0000000e+00
  -1.1061578e+02   2.4457156e+02   1.0000000e+00
  -2.5714108e+02   4.8476317e+01   2.0000000e+00
   1.9122186e+02  -2.9665723e+02   1.0000000e+00
   3.1006601e+02  -5.1423821e+00   1.0000000e+00
   2.1367086e+02  -1.8418878e+02   1.0000000e+00
  -1.3594119e+02  -1.2127203e+02   1.0000000e+00
   5.2087864e+00   1.6940969e+02   1.0000000e+00
  -6.5004683e+00  -3.0472339e+02   1.0000000e+00
   1.3799914e+02   1.1294586e+02   2.0000000e+00
  -1.9870408e+02   9.5674032e+01   2.0000000e+00
   1.8225427e+02  -9.8252709e+00   1.0000000e+00
   1.2425318e+02  -4.4455207e+01   1.0000000e+00
   2.5718672e+02   2.1076589e+02   1.0000000e+00
   1.1934420e+02  -8.8946357e+01   2.0000000e+00
   9.2532720e+01  -9.1409560e-01   1.0000000e+00
   7.9085243e+01   1.1290783e+01   1.0000000e+00
   1.1432562e+02   1.2178683e+02   1.0000000e+00
   2.5667911e+02   9.4884050e+01   1.0000000e+00
   6.2996008e+01   9.0934839e+01   1.0000000e+00
   3.0771899e+02  -1.1261378e+02   1.0000000e+00
  -8.9801752e+01  -2.5276223e+02   1.0000000e+00
  -8.6443928e+01   1.9136137e+02   1.0000000e+00
  -2.6177744e+00  -9.7047242e+01   1.0000000e+00
  -1.3811708e+02   1.7576145e+02   1.0000000e+00
  -2.1583899e+02  -4.0541293e+01   1.0000000e+00
   6.5022797e+01  -2.7645520e+02   1.0000000e+00
  -1.1530647e+02  -1.0711305e+02   1.0000000e+00
  -1.0942186e+02   2.2222003e+02   1.0000000e+00
  -1.5840704e+02  -1.8779413e+02   1.0000000e+00
  -8.4937375e+00  -2.6922157e+02   1.0000000e+00
   2.4282549e+02  -1.3992212e+02   1.0000000e+00
   3.9845605e+01  -1.9520055e+02   1.0000000e+00
  -2.8466579e+02   2.9857325e+02   2.0000000e+00
  -8.4265866e+01   2.0438269e+02   1.0000000e+00
  -6.9585762e+01   2.1185090e+02   1.0000000e+00
  -5.7509418e+01  -5.5045338e+01   1.0000000e+00
  -9.8383980e+01   1.9472470e+02   1.0000000e+00
   2.0411864e+02   2.9015534e+02   2.0000000e+00
  -3.1980266e+02  -1.5793872e+02   1.0000000e+00
  -1.1413823e+02  -4.3719512e+01   1.0000000e+00
   1.2063555e+02  -1.1895446e+02   2.0000000e+00
   1.6129167e+02  -2.8726990e+02   1.0000000e+00
   2.1662467e+02   1.2022863e+02   1.0000000e+00
   2.7468072e+02   2.3058023e+02   1.0000000e+00
  -1.4847737e+02   1.7187358e+02   1.0000000e+00
   3.0127567e+02   3.5458261e+01   1.0000000e+00
  -1.1680579e+02   2.5793870e+02   1.0000000e+00
   2.1926819e+02   2.8602467e+02   2.0000000e+00
   1.1906190e+02  -2.4653331e+02   1.0000000e+00
  -2.6448934e+01  -2.3101778e+02   1.0000000e+00
  -2.6420115e+02  -4.4246964e+00   1.0000000e+00
  -1.1658518e+02   1.0712125e+02   1.0000000e+00
  -1.0960134e+02  -2.9230197e+02   1.0000000e+00
  -2.0202765e+02  -9.8805319e+01   2.0000000e+00
  -8.7479905e+00  -2.1361026e+02   1.0000000e+00
  -3.1193802e+02  -4.4129970e+00   2.0000000e+00
   1.7043045e+02   1.8774558e+00   1.0000000e+00
   2.0557340e+02   2.4112392e+02   2.0000000e+00
   4.0965216e+01  -1.1546974e+02   1.0000000e+00
  -3.2637615e+02  -2.0551222e+02   1.0000000e+00
  -3.0697382e+02   2.4929332e+02   2.0000000e+00
  -5.2205546e+01  -1.9587227e+02   1.0000000e+00
  -4.3844690e+01   1.1155188e+02   1.0000000e+00
  -2.6495218e+02   1.0190993e+02   1.0000000e+00
   9.9722101e+01  -2.6965418e+02   1.0000000e+00
   1.8165500e+02   8.8938513e+01   1.0000000e+00
  -2.6055344e+02  -8.9760139e+01   1.0000000e+00
  -2.8331137e+02   4.4711528e+01   1.0000000e+00
  -2.0722442e+02  -1.4292425e+02   1.0000000e+00
   3.2078995e+01  -1.2310089e+02   1.0000000e+00
  -2.7736474e+02   7.0117400e+01   1.0000000e+00
   1.8972128e+02   1.7867719e+02   1.0000000e+00
  -3.0687089e+02   4.4206600e+01   1.0000000e+00
   2.5043000e+02  -6.2485438e+01   1.0000000e+00
   4.0590510e+01  -2.4612814e+02   1.0000000e+00
   9.4363898e+01  -4.2104949e+01   1.0000000e+00
   3.1756195e+02  -1.8708499e+02   2.0000000e+00
  -1.7753136e+01  -1.6612616e+01   1.0000000e+00
  -5.7562730e+01   1.4073536e+02   1.0000000e+00
  -1.1717856e+01   3.1635726e+02   1.0000000e+00
  -8.6602097e+01  -1.9953340e+02   1.0000000e+00
   1.2572138e+02   2.7024929e+02   1.0000000e+00
   3.1603283e+02  -4.4118282e+01   1.0000000e+00
  -2.9054144e+02   1.5306522e+02   1.0000000e+00
  -2.3229984e+02   1.1259319e+02   1.0000000e+00
  -1.8891066e+02  -1.4842800e+02   1.0000000e+00
   4.3491803e+01  -9.5680824e+01   1.0000000e+00
  -2.9729302e+02  -3.1179951e+02   2.0000000e+00
   1.8323428e+02  -2.9213636e+02   1.0000000e+00
  -3.1501448e+02  -2.0959066e+02   1.0000000e+00
   9.5329108e+01  -1.5980193e+01   1.0000000e+00
  -3.0378309e+02  -1.5084602e+02   1.0000000e+00
  -2.5452343e+02  -1.5930635e+02   1.0000000e+00
   2.5784474e+02  -1.8992141e+02   1.0000000e+00
  -5.9981402e+01   2.7543465e+02   1.0000000e+00
  -3.1863141e+02  -2.8310549e+02   2.0000000e+00
  -1.0762627e+02  -9.7829507e+01   1.0000000e+00
   1.6446858e+01  -6.6690831e+01   1.0000000e+00
  -1.1930685e+02  -2.0434718e+02   1.0000000e+00
  -3.0496293e+02  -4.7411411e+00   2.0000000e+00
   2.0403274e+02   2.8776039e+02   2.0000000e+00
  -9.5211931e+01  -3.1543433e+02   1.0000000e+00
   2.0964868e+02  -5.4523044e+01   1.0000000e+00
   1.2926534e+02  -3.8392914e+01   1.0000000e+00
   6.6726620e+01   3.4601423e+01   1.0000000e+00
   3.0115193e+02   9.9515389e+01   1.0000000e+00
  -1.0967993e+02  -3.9129169e+01   2.0000000e+00
  -1.0214640e+02   2.1944110e+02   1.0000000e+00
  -2.7917607e+02  -5.1698279e+01   1.0000000e+00
   2.9819865e+02  -1.4378553e+02   1.0000000e+00
  -1.2588134e+02  -3.3268963e+00   2.0000000e+00
  -1.8386778e+02   3.1149520e+01   1.0000000e+00
   2.0938634e+02  -1.9652114e+02   1.0000000e+00
  -6.6372528e+01   5.5896692e+01   1.0000000e+00
  -1.5730154e+02   3.0746807e+02   2.0000000e+00
  -2.6409610e+02   2.1082440e+02   1.0000000e+00
   1.7420992e+02   1.9665243e+02   1.0000000e+00
  -1.4228433e+02   1.6002943e+02   1.0000000e+00
   8.2746413e+01  -1.6190729e+02   1.0000000e+00
   1.5532028e+02   3.0528614e+01   1.0000000e+00
   1.9284088e+02   2.2866583e+01   1.0000000e+00
  -2.8070518e+02   1.8640716e+02   2.0000000e+00
   5.5415437e+01   3.1832408e+02   1.0000000e+00
  -4.0996388e+01  -3.9222352e+01   1.0000000e+00
   2.4585061e+02  -3.4227765e+01   1.0000000e+00
   2.2057753e+02  -1.7745411e+02   1.0000000e+00
  -1.3127070e+02   1.0104848e+02   1.0000000e+00
  -2.6464150e+02   1.3302833e+02   1.0000000e+00
   3.0190133e+02  -1.6729621e+02   2.0000000e+00
  -1.2559571e+02   1.8504430e+02   1.0000000e+00
   9.5370780e+00   7.5419431e+00   1.0000000e+00
  -1.5732419e+02   2.4180162e+02   1.0000000e+00
  -1.5176206e+02   1.9526187e+02   1.0000000e+00
  -1.5199874e+02   2.5702842e+02   1.0000000e+00
  -2.3601113e+02  -6.0084752e+01   1.0000000e+00
   2.2677716e+02   1.3874363e+02   1.0000000e+00
   7.5366761e+01   1.7038837e+02   1.0000000e+00
  -8.3807700e+01   2.2804216e+02   1.0000000e+00
   1.3391416e+02   2.1658298e+02   1.0000000e+00
   1.9928092e+02   3.5407724e+01   1.0000000e+00
   1.9287201e+01   2.3892515e+02   1.0000000e+00
   3.2153357e+02  -2.3798522e+02   2.0000000e+00
   1.3988960e+02  -2.3773135e+02   1.0000000e+00
   2.2670494e+02  -2.7208257e+02   2.0000000e+00
   3.1493933e+02  -2.5592735e+02   2.0000000e+00
   1.3408532e+02   3.2233889e+02   2.0000000e+00
   1.2010196e+02  -3.1087203e+02   1.0000000e+00
   1.0723784e+02   2.4683904e+02   1.0000000e+00
   3.1939409e+02   2.5792712e+02   2.0000000e+00
  -1.5217332e+02   1.9777566e+02   1.0000000e+00
  -2.0028311e+02  -5.0432348e+01   1.0000000e+00
   1.5408877e+02   2.7597223e+02   1.0000000e+00
  -2.2872164e+02  -1.8838397e+01   1.0000000e+00
  -1.9365665e+02   8.8300358e+00   1.0000000e+00
  -1.5413736e+02  -1.2069446e+02   1.0000000e+00
   1.0586567e+01  -3.0475477e+02   1.0000000e+00
  -3.0107507e+02   1.0684984e+02   1.0000000e+00
   1.9676794e+02  -9.8229798e+01   2.0000000e+00
   2.4299464e+02  -1.1737465e+02   1.0000000e+00
   1.6067342e+02   2.0854595e+02   1.0000000e+00
   2.7416640e+02  -2.6608970e+02   2.0000000e+00
   1.1505199e+02   1.2455409e+02   1.0000000e+00
   9.2646347e+01  -2.0654054e+02   1.0000000e+00
   2.4562476e+02   1.0323390e+02   1.0000000e+00
  -1.4919723e+02   1.3294104e+02   1.0000000e+00
  -2.1433736e+02  -3.2239304e+01   1.0000000e+00
  -1.3422103e+02   9.1416527e+01   1.0000000e+00
  -8.2393816e+01  -1.5984308e+02   1.0000000e+00
  -2.6912991e+02  -2.2960404e+02   1.0000000e+00
  -5.1288651e+01  -5.7177760e+01   1.0000000e+00
   5.3947247e+00   4.7703374e+01   1.0000000e+00
   1.4922986e+02  -8.4046608e+01   1.0000000e+00
  -2.8798541e+02  -2.4385656e+02   1.0000000e+00
  -2.6506654e+02   4.7618212e+01   1.0000000e+00
  -9.4463394e+00  -2.7388365e+02   1.0000000e+00
  -5.8087148e+01  -2.1159049e+02   1.0000000e+00
  -2.5646161e+02   2.4814194e+02   1.0000000e+00
   2.9636619e+02   1.6492278e+02   1.0000000e+00
   1.5792860e+02   1.2302758e+02   1.0000000e+00
  -1.7803186e+02  -2.7261530e+02   2.0000000e+00
  -2.4629262e+02  -2.6297964e+02   1.0000000e+00
   1.1288648e+02   2.7921758e+02   1.0000000e+00
  -1.8784073e+02   8.4169827e+01   1.0000000e+00
  -1.4136246e+02  -2.3206395e+02   1.0000000e+00
   5.1417799e+01  -3.0223984e+02   2.0000000e+00
  -2.0604227e+02   2.8123442e+02   1.0000000e+00
   2.9677603e+02   3.2420907e+02   2.0000000e+00
  -2.7492226e+02  -2.4515154e+02   1.0000000e+00
  -1.4194495e+02   4.6924993e+01   1.0000000e+00
  -7.8853868e+01  -1.3156041e+02   1.0000000e+00
   1.0565997e+02  -1.5175786e+02   1.0000000e+00
  -2.4279002e+02   2.6978750e+02   1.0000000e+00
   1.4103784e+02  -4.3883737e+01   1.0000000e+00
  -1.2541864e+02  -7.9976192e+01   1.0000000e+00
   2.4224333e+02  -2.6416528e+02   2.0000000e+00
  -2.2214493e+02   1.3472852e+02   1.0000000e+00
  -3.2672524e+02   1.3443889e+02   1.0000000e+00
  -6.6312148e+01   9.5605543e+01   1.0000000e+00
  -2.8564722e+02   8.5868824e+01   1.0000000e+00
   2.5863178e+02  -2.0212561e+02   1.0000000e+00
   6.8081107e+01  -1.6209207e+02   1.0000000e+00
  -2.4698202e+02   1.9289996e+01   1.0000000e+00
   2.7537329e+02   1.3125012e+02   1.0000000e+00
  -4.3224698e+00   6.7968790e+01   1.0000000e+00
  -1.1350910e+01   1.1723131e+02   1.0000000e+00
  -1.7217628e+02  -4.7010729e+01   1.0000000e+00
  -2.0204723e+02  -2.3449292e+01   1.0000000e+00
  -2.1862368e+02  -2.4667488e+02   1.0000000e+00
  -1.1570257e+02   2.5094943e+02   1.0000000e+00
   2.2041478e+02  -1.1187540e+02   2.0000000e+00
   3.1630680e+02  -1.3880519e+02   1.0000000e+00
  -2.4467700e+02   3.0624054e+02   2.0000000e+00
  -1.8414572e+02   1.2156718e+02   1.0000000e+00
   4.2134823e+01   2.0004621e+02   1.0000000e+00
   3.1831858e+02   2.2158864e+02   2.0000000e+00
  -1.5332882e+02   1.0679594e+02   1.0000000e+00
  -2.4090536e+02   9.3243708e+01   1.0000000e+00
  -6.0436570e+01  -4.7492050e+01   2.0000000e+00
   2.4964423e+02   1.8186863e+02   1.0000000e+00
  -1.8462043e+02   7.2014886e+01   1.0000000e+00
   3.2585477e+00   2.6984874e+02   1.0000000e+00
  -1.6944695e+02   5.6023807e+01   1.0000000e+00
   1.9728145e+02   9.1472493e+01   1.0000000e+00
   4.6732523e+01  -2.7214634e+02   1.0000000e+00
   6.9795160e+01  -2.8557001e+02   1.0000000e+00
  -1.7831680e+02   5.2608108e+01   1.0000000e+00
  -1.4066281e+02  -3.0109191e+02   1.0000000e+00
  -1.9460883e+02  -6.5825969e+01   1.0000000e+00
  -4.2890399e+01   8.8587984e+01   1.0000000e+00
  -2.6234866e+02   1.2650627e+02   1.0000000e+00
   1.0316939e+02  -1.6316537e+02   1.0000000e+00
  -2.9940490e+01  -8.8383469e+01   1.0000000e+00
  -6.6373912e+01  -1.0546935e+02   1.0000000e+00
  -1.4815835e+02   2.9528512e+02   1.0000000e+00
  -9.8314679e+01   1.2812300e+02   1.0000000e+00
   1.0823847e+01   2.9880173e+02   1.0000000e+00
   2.2574690e+02   2.6207498e+02   2.0000000e+00
  -1.8929608e+02  -1.3762108e+02   1.0000000e+00
   9.3503719e+01  -1.6884385e+02   2.0000000e+00
   7.9402879e+01   2.8207933e+02   1.0000000e+00
  -3.2661311e+02   1.4670955e+02   1.0000000e+00
  -5.0941654e+01   1.5241648e+02   1.0000000e+00
   2.7637240e+02   2.6790468e+02   2.0000000e+00
  -2.1998333e+01  -1.5546107e+02   2.0000000e+00
  -2.3697037e+02  -1.3724643e+02   1.0000000e+00
  -1.7923626e+02  -3.0569558e+02   2.0000000e+00
  -2.5465009e+02   4.5766760e+01   1.0000000e+00
  -1.3285285e+02  -5.9343380e+01   1.0000000e+00
  -3.2167896e+02   3.2558327e+02   2.0000000e+00
  -2.5001257e+02   1.0409400e+01   1.0000000e+00
   3.1740430e+02   4.4663630e+01   1.0000000e+00
  -2.5298386e+02  -1.0525180e+01   1.0000000e+00
   1.8657522e+02  -2.3746560e+02   1.0000000e+00
   1.5279498e+02  -2.7398819e+02   1.0000000e+00
  -1.1714609e+01   8.6018123e+01   2.0000000e+00
  -1.7229833e+02   6.6654160e+00   1.0000000e+00
  -3.1247647e+02   1.5624991e+02   1.0000000e+00
  -1.2624071e+02  -1.1525302e+02   1.0000000e+00
  -6.6937438e+01   7.1915160e+01   1.0000000e+00
  -2.9860000e+02   2.1690864e+02   2.0000000e+00
   2.3318754e+02   3.1012581e+02   2.0000000e+00
   3.0086638e+02   2.0641912e+02   1.0000000e+00
   2.1455708e+02   1.9212355e+02   1.0000000e+00
  -2.6787193e+02   5.5506125e+01   1.0000000e+00
  -3.0426395e+02  -3.9956884e+01   1.0000000e+00
   2.1077070e+02   3.4961137e+00   1.0000000e+00
   9.7201122e+00  -1.3571962e+02   1.0000000e+00
  -8.4291162e+00  -2.4394694e+02   1.0000000e+00
  -3.1270626e+02   1.4765029e+02   1.0000000e+00
   3.8052775e+01  -1.6113481e+02   1.0000000e+00
  -1.0921925e+02  -3.9009164e+01   1.0000000e+00
   3.0853185e+02   2.2715169e+02   2.0000000e+00
   2.3444333e+02  -1.2078603e+02   2.0000000e+00
  -3.0777702e+01  -5.2833841e+01   2.0000000e+00
   5.4448477e+01  -1.2508373e+02   1.0000000e+00
  -2.8953218e+02  -3.2780535e+02   2.0000000e+00
  -2.7294833e+02   1.6284266e+02   1.8000000e+00
  -2.9482132e+01   2.5753109e+02   1.0000000e+00
   1.4277214e+02   1.3314867e+02   2.0000000e+00
   1.3283880e+02  -3.0843871e+01   1.0000000e+00
   1.1545961e+02  -1.7743965e+02   1.0000000e+00
   2.2715455e+02  -2.8975836e+02   2.0000000e+00
   1.0710673e+01  -2.0613081e+02   1.0000000e+00
  -8.0144156e+01   2.1319788e+02   1.0000000e+00
  -1.2647928e+02  -2.6492656e+02   1.0000000e+00
  -2.5106159e+02  -1.0944422e+01   1.0000000e+00
  -2.8428428e+01  -7.6970997e+01   1.0000000e+00
   2.0325080e+02  -6.5405317e+01   1.0000000e+00
   1.7880199e+02  -1.8764801e+02   1.0000000e+00
   2.8157679e+02  -2.4551353e+01   1.0000000e+00
   2.5882464e+02   2.6828454e+02   2.0000000e+00
  -1.7410927e+02  -1.0120746e+01   1.0000000e+00
  -2.6864774e+02   2.1324525e+02   1.0000000e+00
   2.8098014e+01   1.4445658e+02   1.0000000e+00
   1.3390681e+02  -2.3579104e+02   1.0000000e+00
  -8.7527648e+01  -4.9239229e+01   2.0000000e+00
  -2.4113320e+02   9.6457377e+01   1.0000000e+00
   3.0937222e+02   1.9033692e+01   1.0000000e+00
   2.5140687e+02   2.7498761e+02   2.0000000e+00
  -2.2316221e+02   2.4619354e+02   1.0000000e+00
  -2.9128486e+02  -3.5876251e+00   2.0000000e+00
   2.4314552e+02   6.0822591e+01   1.0000000e+00
  -1.2207212e+02   1.8512485e+02   1.0000000e+00
  -5.6231265e+01  -2.6374933e+02   1.0000000e+00
  -2.7550512e+02  -1.4536431e+02   1.0000000e+00
  -2.2744733e+02   5.8079851e+01   2.0000000e+00
   2.6470451e+02   1.5775526e+02   1.0000000e+00
   2.0928263e+02   1.5160017e+02   1.0000000e+00
  -2.6189430e+02  -1.7175202e+02   1.0000000e+00
   1.7622836e+02  -3.8313887e+01   1.0000000e+00
   1.1719002e+02  -4.2985243e+01   1.0000000e+00
  -2.3116454e+02  -3.5398062e+01   1.0000000e+00
  -2.4832573e+01   1.3220927e+02   1.0000000e+00
   8.1186080e+01  -2.2133072e+02   1.0000000e+00
  -1.1108781e+02  -2.2061817e+02   1.0000000e+00
   3.1493479e+02   8.7411966e+01   1.0000000e+00
  -4.8507885e+00  -1.9636256e+02   1.0000000e+00
   1.2594467e+02  -9.0012333e+01   2.0000000e+00
   5.1127407e+01  -3.8537431e+01   2.0000000e+00
   7.7766648e+01   2.2828881e+02   1.0000000e+00
   2.2438122e+02  -1.9526687e+02   1.0000000e+00
  -2.5991789e+02   3.9271289e+01   2.0000000e+00
  -8.2987886e+01  -1.7249083e+01   1.0000000e+00
   2.5859602e+02   1.6942977e+02   1.0000000e+00
  -1.1237381e+02  -3.0249133e+02   1.0000000e+00
   1.6619697e+02  -2.5693688e+02   1.0000000e+00
  -1.3974049e+02   1.8661089e+01   1.0000000e+00
   8.2661382e+01  -1.1364867e+02   1.0000000e+00
  -4.7247636e+01   2.1118192e+02   1.0000000e+00
  -1.9528605e+02   2.5862089e+02   2.0000000e+00
  -3.5286948e+01   2.0194608e+02   1.0000000e+00
  -2.2355510e+02  -2.4871237e+02   1.0000000e+00
   9.4048976e+01  -1.5087789e+02   2.0000000e+00
  -1.0043636e+02  -1.8056062e+02   1.0000000e+00
   1.5485469e+02  -2.0388097e+02   1.0000000e+00
   7.3033087e+01  -2.1210576e+01   1.0000000e+00
  -2.2401244e+02  -1.9597222e+02   1.0000000e+00
  -1.4724295e+02  -3.5800178e+01   1.0000000e+00
   1.9878689e+02  -2.0996243e+02   1.0000000e+00
  -3.3460272e+02   2.4816303e+02   2.0000000e+00
   7.7418345e+01  -2.6293168e+02   1.0000000e+00
  -3.1610202e+02  -1.2288623e+02   1.0000000e+00
   2.0436619e+02   2.0113705e+02   1.0000000e+00
   8.3373751e-01   2.7043906e+02   1.0000000e+00
  -2.3903927e+02   2.0859419e+02   1.0000000e+00
  -2.7614380e+02  -3.1742859e+02   2.0000000e+00
   7.9626208e+01   1.8168145e+02   1.0000000e+00
   2.3187201e+02  -3.0828614e+02   1.0000000e+00
  -3.1546411e+02   2.6965981e+01   1.0000000e+00
   1.0137358e+02  -1.1907900e+02   1.0000000e+00
   2.7208953e+01  -1.5643394e+02   1.0000000e+00
   2.0051399e+02  -1.7146650e+02   1.0000000e+00
  -3.1193358e+02  -2.2008342e+02   1.0000000e+00
   3.5024881e+01  -1.5863368e+02   1.0000000e+00
  -1.7712038e+02  -1.3618157e+02   1.0000000e+00
   2.4373746e+02  -1.0962729e+02   1.0000000e+00
  -1.8381336e+02  -2.5866401e+02   1.0000000e+00
  -2.9268350e+02   2.6266931e+02   2.0000000e+00
  -3.1922965e+01  -2.2992410e+02   1.0000000e+00
  -2.7164348e+02  -5.6314913e+01   1.0000000e+00
  -7.1580156e+01   2.6043553e+02   1.0000000e+00
   1.1861280e+02   1.1297998e+02   2.0000000e+00
   3.1577193e+02  -5.9599749e+01   1.0000000e+00
   1.1325522e+02  -4.0134312e+01   1.0000000e+00
   1.8051472e+02   1.7741190e+02   1.0000000e+00
   3.1806470e+02   1.2530788e+02   1.0000000e+00
   2.6063905e+02   1.9203377e+00   1.0000000e+00
  -1.6945313e+02  -1.4244102e+01   1.0000000e+00
   1.2003453e+02   1.5863108e+02   1.0000000e+00
  -2.1265669e+02   2.8261490e+02   2.0000000e+00
  -2.6254511e+02  -1.5243001e+02   1.0000000e+00
  -4.1408777e+01  -9.5210823e+01   1.0000000e+00
  -2.2898509e+02  -1.9016877e+02   1.0000000e+00
   1.8922184e+02  -3.0343913e+02   1.0000000e+00
  -2.1828127e+02   1.5213092e+02   1.0000000e+00
  -1.8332403e+01   2.5639864e+02   1.0000000e+00
   1.7246011e+02  -1.2110523e+02   2.0000000e+00
   2.2206306e+02  -6.9460556e+01   1.0000000e+00
  -1.5504445e+02  -2.8617748e+02   1.0000000e+00
   9.0028850e+01  -2.4707171e+02   1.0000000e+00
  -1.2121442e+02  -1.9082973e+02   1.0000000e+00
   1.4419431e+02  -1.7501761e+02   1.8000000e+00
   1.8561379e+02  -8.9192061e+00   1.0000000e+00
  -1.1963679e+02  -3.0917898e+02   1.0000000e+00
  -2.6752499e+02  -8.4229287e+01   1.0000000e+00
  -4.7798939e+01  -1.5287348e+02   1.0000000e+00
   2.4393903e+02   2.5155977e+02   2.0000000e+00
  -1.1132418e+02  -9.2675240e+01   1.0000000e+00
  -7.8462153e+01  -1.5838647e+02   1.0000000e+00
   2.5093793e+02   1.6229443e+02   1.0000000e+00
   2.7298224e+02   3.1675022e+02   2.0000000e+00
  -1.8539363e+00  -1.0428751e+02   1.0000000e+00
  -2.2404365e+02   2.7560806e+02   1.0000000e+00
  -5.8366479e+00   1.4108785e+02   1.0000000e+00
   2.7475259e+02   2.1862274e+02   1.0000000e+00
  -8.6594008e+01  -4.4996875e+01   1.0000000e+00
  -1.2249698e+02  -1.9855719e+02   1.0000000e+00
  -1.5659202e+02  -1.9242633e+02   1.0000000e+00
  -1.1759410e+02  -1.4258915e+02   1.0000000e+00
  -2.2140315e+02   2.9415710e+02   1.0000000e+00
  -1.7989026e+01  -3.1941175e+02   1.0000000e+00
  -2.5548618e+02   1.1862047e+02   1.0000000e+00
   3.1763730e+02   2.6604825e+02   2.0000000e+00
   2.8024057e+02   1.8797750e+02   1.0000000e+00
   8.2061031e+01  -2.1578796e+02   1.0000000e+00
   4.2542611e+01  -1.3053355e+02   1.0000000e+00
   2.0863530e+02  -1.8634076e+02   1.0000000e+00
  -3.2158658e+01  -1.3916513e+02   2.0000000e+00
  -1.6896106e+02   1.2515386e+01   1.0000000e+00
  -4.0179623e+01   5.5392207e+01   1.0000000e+00
   4.7527636e+01  -6.7161214e+01   1.0000000e+00
   2.1990559e+02   2.4792841e+02   2.0000000e+00
  -9.9938501e+01  -2.8498942e+02   1.0000000e+00
   1.9773161e+02  -8.1318834e+01   1.0000000e+00
  -3.0295222e+02  -2.9615931e+02   2.0000000e+00
   6.4080358e+01  -2.3487488e+02   1.2000000e+00
   2.3561568e+02   1.9083973e+02   1.0000000e+00
   3.7779299e+01   1.5409602e+02   1.0000000e+00
   2.7455240e+01  -1.6276368e+02   1.0000000e+00
   1.4191818e+02   7.5027335e+01   1.0000000e+00
  -2.1514072e+02   6.6462984e+01   2.0000000e+00
   3.1668681e+02  -3.2737397e+02   2.0000000e+00
   1.0623615e+02  -1.7486935e+02   1.0000000e+00
  -2.1336847e+02   1.6395968e+02   1.0000000e+00
   2.0285375e+01   2.0745461e+01   1.0000000e+00
   2.1407254e+02   2.6764393e+02   2.0000000e+00
   9.9768082e+01   1.5005559e+02   1.0000000e+00
  -1.8558123e+02  -1.5585766e+02   1.0000000e+00
  -3.2137333e+02  -1.7007436e+02   1.0000000e+00
   2.1002738e+02   9.2267572e+01   1.0000000e+00
  -9.4242307e+00  -2.8481466e+02   1.0000000e+00
   6.2399738e+01   2.0318107e+02   1.0000000e+00
  -9.4820411e+01   1.6883291e+02   1.0000000e+00
   2.8992676e+02   2.0479121e+02   1.0000000e+00
   1.3723983e+02   4.4827804e+01   1.0000000e+00
   1.9105744e+02   1.9962865e+02   1.0000000e+00
  -1.6413585e+02   1.1822928e+02   1.6000000e+00
  -5.0271263e+01  -5.8406006e+01   1.0000000e+00
  -7.0423684e+01  -1.7738286e+02   1.0000000e+00
  -1.8605155e+02   2.8655757e+02   1.0000000e+00
  -2.4017168e+02  -1.1103412e+02   1.0000000e+00
  -1.8275520e+02  -2.4695104e+02   1.0000000e+00
  -4.1855333e+01   2.5696494e+02   1.0000000e+00
  -2.6568952e+02   1.6173137e+02   2.0000000e+00
  -2.6800589e+02   2.3447449e+02   1.0000000e+00
  -5.7595032e+01  -2.3249704e+02   1.0000000e+00
   5.0418677e+01   2.1997672e+02   1.0000000e+00
  -2.1140197e+01   1.2066299e+02   1.0000000e+00
  -1.7307763e+02  -1.6958321e+02   1.0000000e+00
  -2.1538841e+02   1.6564367e+02   1.0000000e+00
  -1.8480080e+01  -2.1559107e+02   1.0000000e+00
   3.2021402e+01   1.4310811e+02   1.0000000e+00
  -1.1356091e+02   1.1569809e+02   1.0000000e+00
  -1.1306410e+02  -1.4101161e+01   1.0000000e+00
  -1.3728800e+01  -2.5128694e+01   1.0000000e+00
  -3.9643717e+00   2.1834656e+02   1.0000000e+00
  -6.9374729e+01   1.5763605e+00   1.0000000e+00
   2.0585113e+02  -2.3150963e+02   1.0000000e+00
   1.8187504e+02   2.2875590e+01   1.0000000e+00
   1.3440109e+02  -2.0955129e+02   1.0000000e+00
   2.3711146e+02  -1.1512418e+02   1.0000000e+00
  -3.1772439e+02  -8.0266766e+01   1.0000000e+00
  -5.0511864e+01   1.0303936e+02   1.0000000e+00
  -3.0252837e+02   2.0181285e+02   2.0000000e+00
  -1.9089579e+02  -8.7506778e+01   1.0000000e+00
  -2.5663386e+02  -1.6356523e+02   1.0000000e+00
   1.6999678e+02   1.0304486e+02   1.0000000e+00
  -1.2179984e+02   1.3529202e+02   1.0000000e+00
   1.4641908e+02   5.3871905e+01   1.0000000e+00
   2.3784606e+02  -1.2684884e+01   1.0000000e+00
   1.0314792e+02   1.4648313e+02   1.0000000e+00
  -1.1394930e+02  -1.9408294e+01   1.0000000e+00
   2.0459265e+02   3.0316932e+02   2.0000000e+00
   3.9732903e+01  -2.0983007e+01   2.0000000e+00
   4.9422179e+01   3.2149930e+01   2.0000000e+00
  -5.1197343e+01  -2.4684735e+02   1.0000000e+00
   2.1558016e+02   1.1258808e+02   1.0000000e+00
   1.1102504e+02   2.3345789e+00   1.0000000e+00
   2.9300442e+02   6.0334855e+01   1.0000000e+00
  -1.5032109e+02   1.3783853e+02   1.0000000e+00
  -2.5714646e+02  -8.1542835e+01   1.0000000e+00
   3.2325275e+02   3.1085580e+02   2.0000000e+00
  -1.0582192e+02  -1.1279838e+02   1.0000000e+00
   2.1246101e+02   2.9907142e+02   2.0000000e+00
   6.4887657e+01  -1.5892368e+02   1.0000000e+00
   2.3534943e+02  -3.1872112e+02   1.0000000e+00
   1.4170945e+02  -2.0659721e+02   1.0000000e+00
   2.1853317e+01  -2.3843226e+02   1.0000000e+00
  -2.3375349e+02   1.0871888e+02   1.0000000e+00
   1.8803014e+02   4.7669144e+00   1.0000000e+00
  -1.0438761e+02  -2.2985583e+02   1.0000000e+00
  -3.0117783e+02  -1.3817827e+02   1.0000000e+00
  -4.5994799e+01  -5.4581402e+00   1.0000000e+00
  -3.1272121e+02  -1.3279760e+02   1.0000000e+00
   2.3330274e+02  -1.9706009e+02   1.0000000e+00
  -2.7751030e+02  -2.0076877e+02   1.0000000e+00
   1.5846238e+02  -1.7432473e+02   1.0000000e+00
  -6.4789476e+01   1.3808765e+02   1.0000000e+00
   1.4370046e+02  -2.7724315e+02   1.0000000e+00
   2.3103213e+02   2.9545337e+01   1.0000000e+00
  -3.1438614e+02  -3.2403919e+02   2.0000000e+00
   1.1834511e+02   3.0885777e+02   1.0000000e+00
   7.0253662e+01  -9.0248864e+01   1.0000000e+00
  -3.5986890e+00  -1.8813242e+01   1.0000000e+00
   2.4544760e+02  -1.2316974e+02   2.0000000e+00
   2.5138957e+02  -4.4190047e+01   1.0000000e+00
   2.9812571e+02  -1.6676397e+02   2.0000000e+00
   1.7833044e+01  -6.8796023e+01   1.0000000e+00
   3.4808146e+01   8.5467381e+01   1.0000000e+00
   9.0989936e+01   1.0416544e+02   1.0000000e+00
  -1.5955618e+02  -2.6663630e+02   1.0000000e+00
   7.3470923e+00  -1.4646108e+02   1.0000000e+00
  -4.8679354e+01   1.4601959e+02   1.0000000e+00
  -6.3070946e+01   2.1066450e+02   1.0000000e+00
  -5.1774071e+01   1.2525723e+02   1.0000000e+00
  -4.4344009e+01  -1.8441576e+02   1.0000000e+00
  -2.1972181e+02  -2.4472378e+01   1.0000000e+00
  -2.8163790e+02  -2.5858634e+02   1.0000000e+00
   2.4468840e+02   3.0782504e+02   2.0000000e+00
  -3.0094849e+02  -2.3519447e+02   1.0000000e+00
  -9.5283731e+01   3.2017386e+02   1.0000000e+00
  -2.5551100e+02   3.2083854e+02   2.0000000e+00
  -2.8473086e+02  -9.4348670e+00   2.0000000e+00
  -1.1207703e+02   2.5144987e+02   1.0000000e+00
   3.5564117e+01   1.5515795e+02   1.0000000e+00
  -3.3369002e+02   1.8924718e+02   2.0000000e+00
  -3.1565094e+02   1.2926333e+02   1.0000000e+00
  -2.9134431e+02   1.9301139e+02   2.0000000e+00
   2.4565663e+02  -2.5302778e+02   1.0000000e+00
   9.4030839e+01  -2.6299824e+02   1.0000000e+00
  -2.8938062e+02   2.3832544e+02   2.0000000e+00
  -1.2233187e+01   5.2702119e+01   1.0000000e+00
   1.2950122e+02  -9.9064686e+01   2.0000000e+00
   2.7046601e+02   7.3913884e+01   1.0000000e+00
   6.9444798e+01  -1.4195114e+02   1.0000000e+00
   1.9458925e+02  -9.9071720e+01   1.0000000e+00
   2.6757215e+02  -2.6657542e+02   2.0000000e+00
  -3.0621730e+02  -1.9301815e+02   1.0000000e+00
   1.2455644e+02  -3.0092419e+02   1.0000000e+00
  -2.4463311e+02  -2.2396321e+02   1.0000000e+00
   1.6938556e+02  -1.6166038e+02   1.0000000e+00
   1.5423896e+02   3.1062047e+02   2.0000000e+00
  -1.5400864e+02   2.0702876e+00   1.0000000e+00
  -2.4184068e+01   1.8079437e+02   1.0000000e+00
  -9.9177680e+01  -2.5276524e+02   1.0000000e+00
  -2.4742468e+02  -1.7562161e+02   1.0000000e+00
  -1.9452988e+02   1.1002737e+02   1.0000000e+00
   4.3498677e+00   8.0876891e+01   2.0000000e+00
   4.8067331e+01  -1.0976960e+02   1.0000000e+00
   2.8572838e+02  -3.2517897e+02   2.0000000e+00
   1.6998455e+02  -2.8673727e+02   1.0000000e+00
   1.2352615e+02   1.4412844e+02   2.0000000e+00
  -2.2287832e+02   1.6576154e+02   1.0000000e+00
  -4.1631510e+01   2.0797842e+02   1.0000000e+00
   2.6270015e+02   3.0114466e+02   2.0000000e+00
   2.8918424e+02   7.9979623e+01   1.0000000e+00
   2.4962137e+02   2.2700991e+02   1.0000000e+00
  -1.9066802e+02   2.5661439e+01   1.0000000e+00
   8.6813236e+01  -7.2558964e+01   1.0000000e+00
  -1.5520882e+02  -8.9710811e+01   1.0000000e+00
   2.3020861e+02   1.2167778e+02   1.0000000e+00
   2.9542792e+02  -1.6411079e-01   1.0000000e+00
  -1.3751913e+02   1.3548703e+02   1.0000000e+00
   3.2440093e+02  -2.8223813e+01   2.0000000e+00
   1.5388263e+02  -1.2370507e+02   1.0000000e+00
  -2.7600747e+02   5.0439382e+01   1.0000000e+00
  -1.7452784e+02  -1.7294383e+02   1.0000000e+00
  -1.3200182e+02   3.0169459e+02   1.0000000e+00
   1.9987790e+02   2.3139256e+02   1.4000000e+00
   1.8215567e+02  -8.8386854e+01   1.0000000e+00
   2.1640430e+02   8.4806053e+00   1.0000000e+00
   3.6406574e+01   2.2823453e+02   1.0000000e+00
  -5.9970164e+01  -2.5783153e+02   1.0000000e+00
  -7.9519226e+01  -1.0756659e+02   1.0000000e+00
  -3.2700436e+01   1.3392320e+02   1.0000000e+00
  -3.5242091e+01   1.1264143e+02   1.0000000e+00
   1.1882149e+02   1.2144801e+02   1.7000000e+00
  -1.9144141e+02   5.4152556e+01   1.0000000e+00
  -2.1900842e+02  -5.4086325e+01   1.0000000e+00
  -1.1060989e+02  -7.1865904e+01   1.0000000e+00
  -2.5487534e+02  -3.0729651e+02   2.0000000e+00
  -5.1664000e+01  -1.9888653e+02   1.0000000e+00
   1.6043982e+02  -1.9750384e+02   1.0000000e+00
  -2.1697012e+02   1.8624655e+02   1.0000000e+00
  -3.3230120e+02   3.1660426e+02   2.0000000e+00
   9.4287637e+01   1.2833766e+02   1.0000000e+00
   3.4391751e+01   7.4307468e+01   2.0000000e+00
   6.3600475e+01   7.6975548e+01   1.0000000e+00
  -3.7461728e+00   1.0832910e+01   1.0000000e+00
   2.7916601e+01   4.6745904e+01   2.0000000e+00
  -1.3067050e+02  -3.6085622e+01   1.0000000e+00
  -7.4651334e+01   3.1985154e+02   2.0000000e+00
  -1.3222213e+01  -4.9909564e+01   1.0000000e+00
  -9.8545113e+01  -3.9378880e+01   2.0000000e+00
  -6.9365677e+01  -1.5406308e+01   1.0000000e+00
   4.9813015e+01   1.7427270e+02   1.0000000e+00
   2.0530662e+02  -1.1092371e+02   2.0000000e+00
  -1.5161314e+02   2.3889385e+01   1.0000000e+00
   5.0476762e+01   8.4933998e+01   1.0000000e+00
  -3.2919092e+02  -2.9220819e+02   2.0000000e+00
  -2.1038821e+02   5.1912936e+01   2.0000000e+00
  -6.7873764e+01  -4.6836849e+01   2.0000000e+00
  -3.1212649e+02  -3.0876690e+02   2.0000000e+00
   1.4793814e+02   2.2888246e+02   2.0000000e+00
  -1.8197684e+02   1.4538625e+02   1.0000000e+00
  -2.9739413e+02   1.6399790e+02   1.0000000e+00
   1.7061948e+02   2.4534093e+02   2.0000000e+00
   2.9492159e+02   3.1783778e+02   2.0000000e+00
  -1.7339583e+02  -2.1707112e+02   1.0000000e+00
  -2.3094346e+02  -1.6687376e+02   1.0000000e+00
  -2.9181749e+02   2.1201496e+02   2.0000000e+00
  -1.4506410e+01   1.0145446e+02   2.0000000e+00
  -3.3759636e+01   4.1181474e+01   1.0000000e+00
  -2.1556373e+02   1.4955191e+02   1.0000000e+00
  -4.9148649e+01   2.1401451e+00   1.0000000e+00
   4.2894712e+00   7.9315145e+01   2.0000000e+00
   1.4003322e+02  -6.4717790e+01   1.0000000e+00
   2.8634341e+02   4.5440376e+00   1.0000000e+00
  -2.6889402e+00   4.0315191e+01   1.0000000e+00
  -2.8760959e+02   1.4505765e+02   1.0000000e+00
   8.3021825e+01  -2.3437239e+02   1.0000000e+00
   3.2803364e+02   3.1322046e+02   2.0000000e+00
   2.8677374e+02  -1.3099136e+02   1.0000000e+00
  -1.8070599e+02   1.1472932e+02   1.0000000e+00
   1.2042794e+02  -6.3124567e+01   1.0000000e+00
  -1.1315160e+01  -8.4403156e+01   1.0000000e+00
   2.0267987e+02   3.9330862e+01   2.0000000e+00
  -1.3078443e+02  -2.0066622e+02   1.0000000e+00
  -6.9512061e+01   9.2568674e+01   2.0000000e+00
  -5.2352520e+00  -9.7623494e+01   1.0000000e+00
   2.2548873e+02   4.1248519e+01   1.0000000e+00
   2.1439523e+02  -3.1665624e+02   1.0000000e+00
   2.6806187e+02  -9.7765245e+01   1.0000000e+00
   6.4490080e+01  -2.4974828e+02   1.0000000e+00
  -2.8897249e+02   2.6425421e+02   2.0000000e+00
  -1.0456815e+02  -6.0065743e+01   1.0000000e+00
   2.2635516e+02  -1.0083810e+02   1.0000000e+00
  -1.5953517e+02   9.3174234e+01   2.0000000e+00
   1.4969448e+02  -1.0563882e+02   1.0000000e+00
  -2.8899191e+02   3.1509302e+01   2.0000000e+00
  -2.1719083e+02  -2.0120026e+02   1.0000000e+00
   1.5637930e+02  -2.7645535e+02   1.0000000e+00
   1.4898602e+02  -9.8550313e+01   1.0000000e+00
  -1.0608291e+02   2.9205344e+02   1.0000000e+00
  -4.0566944e+00   2.1823646e+02   1.0000000e+00
   3.4588983e+01  -1.0022494e+02   1.0000000e+00
  -2.3207009e+01  -2.8204347e+02   1.0000000e+00
  -1.2398524e+01  -1.8339127e+02   1.0000000e+00
   2.3854442e+02  -9.5029153e+01   1.0000000e+00
   1.4093014e+01   7.8854735e+01   2.0000000e+00
   3.0465571e+02  -1.9644686e+02   2.0000000e+00
   2.6536069e+02  -2.0154690e+02   1.0000000e+00
  -1.7417672e+02   2.1517240e+02   1.0000000e+00
  -2.1357157e+02   4.7429306e+01   1.0000000e+00
   9.6674819e+00  -2.0842701e+02   1.0000000e+00
  -1.6607434e+02   3.0100520e+02   1.0000000e+00
  -1.2000042e+02   5.4544780e+01   1.0000000e+00
  -1.3640471e+02  -2.6268098e+02   1.0000000e+00
   1.2228070e+02  -5.0949388e+01   1.0000000e+00
  -2.7484189e+02  -2.7189001e+02   1.0000000e+00
   1.4894631e+01  -1.3252530e+02   1.0000000e+00
   1.8250823e+02  -2.8810919e+02   1.0000000e+00
   2.6770842e+02   2.7185070e+02   2.0000000e+00
  -3.1645920e+02  -2.2788586e+02   1.0000000e+00
