   3.6789202e+02   3.1614155e+02   2.0000000e+00
  -2.6882333e+02   8.1518811e+00   2.0000000e+00
   1.0274219e+02  -1.7789606e+02   2.0000000e+00
   2.1080809e+02   1.4263191e+02   2.0000000e+00
  -3.8319484e+02  -3.3877554e+02   1.0000000e+00
   7.3929819e+01  -1.4409813e+02   2.0000000e+00
  -3.4438971e+02  -5.7331470e+01   2.0000000e+00
  -2.6738487e+02   2.3366240e+02   2.0000000e+00
  -2.4822483e+02  -2.1592719e+01   2.0000000e+00
   3.3718287e+02  -1.1613233e+02   1.0000000e+00
  -1.2229995e+02  -3.2425197e+02   2.0000000e+00
  -2.2054608e+02  -2.9238672e+02   1.0000000e+00
   9.8314735e+01   1.2207005e+02   2.0000000e+00
  -8.5260256e+01   1.4371662e+02   2.0000000e+00
  -2.7622508e+01  -2.7811981e+02   2.0000000e+00
  -5.0528883e+01   2.4044432e+02   2.0000000e+00
  -2.9748481e+02   1.8928130e+02   2.0000000e+00
   1.1724558e+01  -1.9395482e+02   2.0000000e+00
   2.9280416e+02   1.1176779e+02   2.0000000e+00
   2.5101352e+02  -2.8334921e+02   1.0000000e+00
   1.8308558e+02  -1.4799959e+02   2.0000000e+00
   2.3049215e+02  -5.4154806e+01   2.0000000e+00
   1.4439359e+02  -3.7757267e+01   2.0000000e+00
   3.6739550e+01  -8.0545482e+01   2.0000000e+00
  -1.4469812e+02  -3.0368303e+02   2.0000000e+00
  -5.4390039e+01   2.9901550e+02   2.0000000e+00
   1.4249307e+02   3.7197726e+02   1.0000000e+00
   3.6328616e+02   2.9483630e+02   1.0000000e+00
   3.2172270e+02   3.2783865e+02   2.0000000e+00
  -3.5822813e+02   2.3789057e+02   1.0000000e+00
   5.3889116e+01   1.0899028e+00   1.0000000e+00
   1.3787189e+02   2.6526996e+02   2.0000000e+00
  -2.6129788e+02   4.8449197e+00   2.0000000e+00
  -1.8281207e+02  -7.9620456e+01   1.0000000e+00
  -3.5947475e+02   2.1406916e+02   1.0000000e+00
  -2.3367100e+01  -1.6918316e+01   2.0000000e+00
  -2.1530354e+01  -5.4784112e+01   2.0000000e+00
  -2.1559095e+01   3.1781215e+02   2.0000000e+00
   1.6161349e+02  -3.3263391e+02   1.0000000e+00
   3.5044695e+02   3.5236284e+02   2.0000000e+00
  -1.9050198e+02  -1.5977308e+02   1.0000000e+00
  -2.5185228e+02   1.7118372e+02   2.0000000e+00
   3.3522110e+01  -2.2139253e+02   2.0000000e+00
  -5.2725281e+01   2.6359642e+02   2.0000000e+00
   1.4601930e+02  -1.1723339e+02   2.0000000e+00
   1.4265151e+02  -1.6326197e+02   2.0000000e+00
   1.3607690e+02   2.1582682e+02   2.0000000e+00
   1.4577475e+02  -1.9459895e+02   2.0000000e+00
   2.0822349e+02  -4.0138547e+01   2.0000000e+00
  -1.7166513e+02   3.7321589e+01   1.3000000e+00
   8.3894541e+00   1.6263350e+01   2.0000000e+00
   1.3520600e+02  -7.2301059e+01   2.0000000e+00
  -1.8107443e+02  -2.5606024e+01   2.0000000e+00
  -2.9776559e+02  -2.9323525e+02   2.0000000e+00
  -1.2538938e+02  -3.2777550e+02   2.0000000e+00
  -2.7925092e+02  -1.4523531e+02   1.0000000e+00
   2.7005299e+02  -1.4553984e+02   2.0000000e+00
   6.0221936e+01  -1.1015840e+02   2.0000000e+00
   3.6765281e+02   1.4916331e+01   2.0000000e+00
   3.3003177e+02  -2.0964155e+02   1.0000000e+00
  -2.1929775e+02  -1.7844021e+02   1.6000000e+00
   1.9955335e+02  -4.2713254e+01   2.0000000e+00
  -1.2222716e+02   8.2579211e+01   2.0000000e+00
  -3.2463982e+02  -2.0069615e+02   2.0000000e+00
  -1.1287510e+02   1.6716378e+01   2.0000000e+00
  -1.7055675e+02   4.6493444e+01   1.0000000e+00
  -3.0753325e+02   2.6256804e+02   2.0000000e+00
   5.0773043e+01   2.3216594e+02   2.0000000e+00
  -3.4886336e+02   2.9780234e+02   1.0000000e+00
  -1.1182952e+02   1.2283889e+02   2.0000000e+00
  -2.1291677e+02   2.0685366e+02   2.0000000e+00
   1.9934472e+00  -1.9237847e+01   2.0000000e+00
   7.9585636e+01  -2.7781619e+02   2.0000000e+00
  -1.2953757e+02   1.6164171e+02   2.0000000e+00
   2.5010264e+02   2.9048331e+02   2.0000000e+00
  -3.3560213e+02   9.1795401e+01   1.0000000e+00
  -2.3735061e+02   2.4105019e+02   2.0000000e+00
   8.1632215e+01  -2.5208551e+02   2.0000000e+00
   2.2016649e+02  -5.6956729e+00   2.0000000e+00
  -3.4078316e+02   9.2795580e+01   1.0000000e+00
  -2.7492222e+02  -1.4003983e+02   2.0000000e+00
  -2.3563042e+02  -2.1121232e+02   2.0000000e+00
  -1.5219626e+02   1.0421176e+01   2.0000000e+00
   8.3721635e+01   3.2843624e+02   2.0000000e+00
  -1.3708686e+02  -2.0060356e+02   1.0000000e+00
  -1.3227851e+01  -2.3116046e+02   2.0000000e+00
   1.0721146e+02   3.0399126e+02   2.0000000e+00
  -2.3167730e+02  -1.8602690e+02   1.7000000e+00
  -3.6706890e+02  -3.3248535e+02   1.0000000e+00
   3.2630219e+02  -3.3202964e+02   1.0000000e+00
  -9.0030976e+01   1.8313709e+02   2.0000000e+00
  -2.4799086e+02   2.5456530e+02   2.0000000e+00
  -3.0443800e+02   1.7362282e+02   2.0000000e+00
  -1.7541213e+01  -2.3212235e+02   2.0000000e+00
  -4.1328857e-01   3.1350309e+02   2.0000000e+00
   3.1077780e+02  -1.5906589e+02   1.0000000e+00
   9.0520990e+00  -2.9269715e+02   2.0000000e+00
  -2.4178786e+02   2.3782514e+02   2.0000000e+00
  -3.8105415e+02  -2.8590428e+02   2.0000000e+00
   2.5756607e+02  -1.3519696e+02   2.0000000e+00
   1.0302357e+02  -9.7042383e+01   2.0000000e+00
   2.7104109e+02  -1.2638181e+02   2.0000000e+00
  -1.2143855e+02  -1.3298421e+02   1.0000000e+00
  -3.6569656e+02  -2.2888948e+02   2.0000000e+00
  -2.3532312e+02  -9.2246560e+00   2.0000000e+00
  -3.6126905e+01  -1.0585105e+02   2.0000000e+00
  -3.4349518e+02  -1.8036859e+02   2.0000000e+00
  -1.7198334e+02   1.5343958e+02   2.0000000e+00
  -1.4715499e+02  -3.4097823e+02   2.0000000e+00
   1.1322904e+02   1.3134010e+02   2.0000000e+00
   1.4389044e+02   3.0597712e+02   2.0000000e+00
   2.6284931e+02  -4.7036946e+01   2.0000000e+00
   2.6203361e+02  -2.6323837e+02   1.0000000e+00
  -1.9637999e+02   2.8587242e+02   2.0000000e+00
   4.6724945e+01   1.1583600e+01   1.0000000e+00
  -1.2210207e+01   2.0398646e+02   2.0000000e+00
   5.6304284e+01   1.2878580e+02   2.0000000e+00
  -1.9958945e+01   4.9228548e+00   2.0000000e+00
  -4.7273518e+01  -3.4230780e+01   2.0000000e+00
   2.9262189e+01  -1.1355911e+02   2.0000000e+00
  -6.7224099e-01  -2.6485080e+02   2.0000000e+00
  -4.5566858e+00  -3.0160940e+02   2.0000000e+00
  -3.5460401e+02  -1.6903232e+02   2.0000000e+00
   1.8987365e+02  -2.4817178e+02   1.0000000e+00
  -1.1224253e+02   1.8879113e+02   2.0000000e+00
  -3.1442235e+02  -2.0558447e+02   2.0000000e+00
   2.5612256e+02   3.8373801e+02   2.0000000e+00
  -2.3125871e+02   2.1990148e+02   2.0000000e+00
   1.9837724e+01   1.2373841e+02   2.0000000e+00
   8.5327127e+01   1.4833745e+02   2.0000000e+00
   3.6565326e+02   2.7852513e+02   1.0000000e+00
  -5.8236300e+01   1.1855979e+02   2.0000000e+00
   1.5519438e+02   3.6256156e+02   1.0000000e+00
  -3.3419599e+02  -4.5267397e+01   2.0000000e+00
  -2.5342647e+02   2.0172769e+01   2.0000000e+00
   6.4163608e+01  -8.6043020e+01   2.0000000e+00
   1.6434070e+02   2.5645330e+02   1.0000000e+00
  -2.7568757e+01   3.5808274e+02   1.0000000e+00
  -2.3212230e+01  -2.2017760e+02   2.0000000e+00
   3.5714244e+02   3.1396540e+02   2.0000000e+00
  -7.5111596e+01  -1.0267551e+00   2.0000000e+00
  -3.3511848e+02  -3.4844729e+02   1.0000000e+00
  -2.2667229e+02  -2.8439130e+01   2.0000000e+00
   3.7143293e+02  -3.8438045e+01   2.0000000e+00
   1.0336000e+02   5.1910869e+01   2.0000000e+00
  -2.1058019e+02   1.6771157e+02   2.0000000e+00
  -2.6103501e+02   2.4051407e+02   2.0000000e+00
   3.7989698e+02   1.1447230e+02   2.0000000e+00
  -1.2918774e+02   9.0473497e+01   2.0000000e+00
  -1.7905523e+02  -1.6852592e+02   1.0000000e+00
   4.9803370e+01  -1.8331018e+02   2.0000000e+00
   4.1038174e+01   3.5501636e+01   2.0000000e+00
   1.7182328e+02   3.2628651e+02   2.0000000e+00
   9.4164254e+01   1.4665384e+02   2.0000000e+00
   1.0548779e+02  -3.1343145e+02   1.0000000e+00
   3.6133545e+00  -1.4504043e+02   2.0000000e+00
   2.3626446e+02  -9.1540873e-01   2.0000000e+00
  -2.0658654e+02   1.8063053e+02   2.0000000e+00
  -5.2871251e+01   1.8999245e+02   2.0000000e+00
   2.5711232e+01   3.8646440e+01   2.0000000e+00
  -2.3291677e+02   2.7993087e+02   2.0000000e+00
   3.3935064e+02  -2.3369145e+02   1.0000000e+00
   1.9066828e+02   2.4596122e+02   1.9000000e+00
  -3.6988276e+01  -3.7842288e+02   2.0000000e+00
   2.7429981e+01   1.2063966e+02   2.0000000e+00
  -3.5918662e+02   2.5771431e+02   1.0000000e+00
   4.5003537e+01   2.2658811e+02   2.0000000e+00
  -1.9093775e+01  -2.6519910e+02   2.0000000e+00
   2.7233397e+02  -2.6385365e+02   1.0000000e+00
   1.7086142e+01   1.2904768e+02   2.0000000e+00
   3.4350033e+02   6.2649885e+01   2.0000000e+00
   1.6133609e+01   1.1915088e+02   2.0000000e+00
  -3.4637570e+02   1.7873819e+02   1.0000000e+00
   6.2989084e+01  -1.0035120e+02   2.0000000e+00
  -2.0229391e+02   6.7779509e+01   2.0000000e+00
   1.4107774e+02  -1.6823150e+01   2.0000000e+00
   4.9770261e+01  -1.0119243e+01   1.0000000e+00
   2.9493855e+02  -2.9979303e+02   1.0000000e+00
  -1.6919477e+02   3.5485790e+02   2.0000000e+00
   1.5155425e+02  -1.5445685e+02   2.0000000e+00
  -2.7832330e+02  -1.0126176e+02   2.0000000e+00
   2.8793862e+02   3.5340726e+02   2.0000000e+00
   1.1953919e+02  -2.7519791e+02   1.4000000e+00
  -1.3728609e+02   3.3075276e+01   2.0000000e+00
  -1.8262152e+02  -1.2445837e+02   1.0000000e+00
  -2.8941279e+02  -2.8059256e+02   2.0000000e+00
  -5.5418919e+01  -1.9016636e+02   2.0000000e+00
  -5.1694858e+01  -2.4971442e+01   2.0000000e+00
   3.2539196e+02   3.2073887e+02   2.0000000e+00
   9.4879747e+01   3.4371811e+02   2.0000000e+00
   6.0768631e+01   2.3441671e+02   2.0000000e+00
   7.3530228e+01  -2.2599308e+02   2.0000000e+00
  -1.6006961e+02   1.9124990e+02   2.0000000e+00
   9.2615341e+01   6.9802813e+01   2.0000000e+00
   7.7315522e+01   1.2862845e+02   2.0000000e+00
   2.2539030e+02  -1.3241116e+02   2.0000000e+00
  -2.3741023e+01   1.3085136e+02   2.0000000e+00
   1.1704104e+02   2.2277073e+02   1.0000000e+00
  -3.2957621e+02  -8.0079847e+01   2.0000000e+00
   3.4496918e+02   1.3218968e+02   2.0000000e+00
   2.2750513e+02  -1.5709288e+00   2.0000000e+00
   2.1905379e+02  -3.0228619e+02   1.0000000e+00
  -1.0524653e+02   2.5499116e+02   2.0000000e+00
   1.5447512e+02  -6.1841159e+01   2.0000000e+00
   7.4358721e+00   9.9408150e+01   2.0000000e+00
  -3.0605822e+02  -2.9423804e+02   2.0000000e+00
   2.7389581e+02  -1.0748869e+02   1.0000000e+00
  -2.1547209e+02  -6.1325852e+00   2.0000000e+00
   1.6963435e+02  -2.8259908e+02   1.0000000e+00
  -1.4564223e+02  -3.2602690e+02   2.0000000e+00
  -5.8154447e+01  -2.8828760e+01   2.0000000e+00
  -2.9754003e+02  -2.9984478e+02   2.0000000e+00
  -2.1202361e+02  -1.4863329e+02   1.0000000e+00
   3.1460512e+02   2.7190264e+02   2.0000000e+00
   3.2741127e+02   2.4430733e+02   1.0000000e+00
  -2.3457552e+02   2.4826314e+02   2.0000000e+00
   1.2460348e+02   1.2184939e+02   2.0000000e+00
  -2.6841399e+02   3.6502753e+02   2.0000000e+00
  -3.1901248e+02  -5.7214699e+00   2.0000000e+00
  -3.2806306e+02   8.3538942e+01   2.0000000e+00
  -5.3541473e+00  -2.3552006e+02   2.0000000e+00
   6.3720367e+01  -4.6494089e+01   2.0000000e+00
   2.6391558e+02  -3.1294071e+02   1.0000000e+00
   4.6676670e+01   1.1876839e+02   2.0000000e+00
   2.0739191e+01  -3.3824754e+02   2.0000000e+00
  -7.1769758e+01  -3.7787842e+01   2.0000000e+00
   3.0604981e+02   2.0072445e+02   2.0000000e+00
  -2.3655738e+02  -2.1172231e+02   2.0000000e+00
   2.7837423e+02  -2.3671703e+02   1.0000000e+00
  -2.1916536e+02  -1.8432439e+02   1.7000000e+00
  -3.2787397e+02  -1.6601077e+02   2.0000000e+00
  -3.2222568e+02   6.6351636e+01   2.0000000e+00
  -2.2973805e+01  -2.3779981e+02   2.0000000e+00
   3.2610708e+02  -7.6961410e+01   1.0000000e+00
   2.5326486e+02  -2.4730017e+02   1.0000000e+00
   1.4193964e+02  -3.3226162e+02   1.0000000e+00
  -9.6148412e+00  -1.6163654e+00   2.0000000e+00
   1.6125705e+01   3.0533427e+02   2.0000000e+00
  -2.2472130e+02  -6.1312824e+01   2.0000000e+00
  -3.1953589e+02  -3.4078912e+02   1.0000000e+00
  -1.6732007e+02  -7.3548821e+01   1.0000000e+00
   3.2735128e+02   8.8361791e+00   2.0000000e+00
  -6.1617343e+01   3.0209617e+02   2.0000000e+00
   8.8045577e+01   2.7899055e+02   2.0000000e+00
   2.9086189e+02  -3.5808485e+01   2.0000000e+00
   2.9383054e+02  -1.2601135e+01   2.0000000e+00
  -6.3691940e+01  -1.0527628e+02   2.0000000e+00
   2.5327457e+02   1.2638725e+02   2.0000000e+00
  -3.2247661e+02   1.0854170e+02   1.0000000e+00
  -3.6254036e+02   4.6298184e+01   2.0000000e+00
  -3.2665547e+02   2.6842917e+02   1.0000000e+00
   1.7776002e+02  -2.5541945e+02   1.0000000e+00
   3.1932834e+02  -3.1048736e+02   1.0000000e+00
   3.5176198e+02   2.4018080e+02   1.0000000e+00
   3.3029373e+02  -9.9556269e+00   2.0000000e+00
   9.4110670e+01  -2.5307419e+02   2.0000000e+00
   3.4729467e+00  -9.6835395e-01   2.0000000e+00
  -2.5721600e+02  -1.1600316e+02   2.0000000e+00
   3.1825648e+02   1.5616375e+02   2.0000000e+00
   3.4379346e+02  -9.0040808e+01   1.0000000e+00
   2.5308918e+02   2.8284375e+02   2.0000000e+00
  -3.1291478e+02  -9.4961766e+01   1.3000000e+00
   2.5202177e+02   2.0047099e+02   2.0000000e+00
  -2.8025896e+02   3.6624232e+02   2.0000000e+00
   6.7765940e+00  -3.9598323e+01   2.0000000e+00
   2.2151878e+02   2.2706455e+02   2.0000000e+00
   2.9975346e+02   3.1939568e+02   2.0000000e+00
   2.4113235e+02  -2.2171958e+02   1.0000000e+00
   4.7679121e+01  -2.3832322e+02   2.0000000e+00
   2.7035904e+02   1.3649420e+02   2.0000000e+00
  -2.6652204e+02  -2.9022153e+02   2.0000000e+00
  -2.2236659e+02  -7.2605241e+01   2.0000000e+00
   3.6361300e+02   2.5783498e+02   1.0000000e+00
   3.3459261e+02  -1.3877369e+02   1.0000000e+00
  -3.0459570e+02  -2.3974657e+02   2.0000000e+00
   3.5902181e+02   7.8929887e+01   2.0000000e+00
  -2.1294983e+02  -1.5558824e+02   1.0000000e+00
  -1.1408578e+02   1.3186071e+02   2.0000000e+00
  -2.0277417e+02  -2.7809004e+02   1.0000000e+00
  -2.9445403e+02   9.0432522e+01   2.0000000e+00
  -2.9664454e+02  -2.5675495e+02   2.0000000e+00
   2.4760861e+02   2.9374802e+02   2.0000000e+00
  -3.1544810e+02   1.4761037e+02   2.0000000e+00
   5.8044185e+01  -6.9831877e+01   2.0000000e+00
  -1.2321713e+02  -1.6965687e+02   1.0000000e+00
  -2.5416894e+02   2.0918277e+01   2.0000000e+00
   4.8255630e+01  -2.9023478e+02   2.0000000e+00
  -3.8806122e+00  -3.4214605e+02   2.0000000e+00
   1.6367210e+02  -1.2246389e+02   2.0000000e+00
  -3.7241218e+02   2.3742545e+01   1.0000000e+00
   2.5707031e+02   1.9586054e+02   2.0000000e+00
   3.2085611e+02   6.3320417e+01   2.0000000e+00
  -1.1732396e+02   2.5675900e+02   1.0000000e+00
  -3.7267462e+02  -2.0270744e+02   2.0000000e+00
   2.7206151e+02  -1.2514719e+02   2.0000000e+00
  -3.7079591e+02  -1.6774917e+02   2.0000000e+00
  -6.2809026e+01  -2.7322362e+02   2.0000000e+00
  -3.3709324e+02  -3.0691611e+02   2.0000000e+00
   2.3889964e+02   5.9329472e+01   2.0000000e+00
   1.4812073e+02  -3.0203102e+02   1.0000000e+00
  -2.2403374e+02  -2.2765446e+00   2.0000000e+00
   3.3324341e+01   1.4766519e+01   2.0000000e+00
  -3.0036085e+02   3.1231654e+02   2.0000000e+00
  -4.9218599e+01   3.3847494e+02   1.0000000e+00
  -2.5102654e+02  -1.5410047e+02   2.0000000e+00
   2.9769159e+02   1.6882777e+02   2.0000000e+00
  -5.9486629e+01   6.7498261e+01   2.0000000e+00
  -1.0927551e+02   1.0930346e+02   2.0000000e+00
   4.8529267e+01  -1.0198835e+02   2.0000000e+00
  -1.3787874e+02  -3.2110869e+02   2.0000000e+00
  -2.9084474e+02   2.6130915e+02   2.0000000e+00
  -2.6464891e+02   5.4187957e+01   2.0000000e+00
   1.4735899e+02  -1.2290129e+02   2.0000000e+00
   5.3298437e+01   1.1806100e+02   2.0000000e+00
   1.4619076e+02  -1.8220579e+02   2.0000000e+00
   2.4393480e+02   1.0248424e+02   2.0000000e+00
  -4.7141033e+01   3.4634391e+02   1.0000000e+00
  -3.5443068e+02   2.4178486e+02   1.0000000e+00
  -3.5063899e+01   5.6799371e+01   2.0000000e+00
   1.9204850e+02  -3.0610523e+02   1.0000000e+00
  -1.5213695e+02  -3.3527737e+02   2.0000000e+00
   3.6369582e+02   3.1785608e+02   2.0000000e+00
  -9.8885384e+01  -3.8146691e+01   2.0000000e+00
  -8.1224020e+01   2.7301144e+02   2.0000000e+00
   9.4309215e+01   3.3476565e+02   2.0000000e+00
  -1.2098860e+02  -3.2926820e+02   2.0000000e+00
   3.2171429e+02   1.9903635e+02   2.0000000e+00
  -4.0430588e+01   2.4972405e+02   2.0000000e+00
   2.2144785e+02   3.8562094e+02   2.0000000e+00
   9.2839942e+01   1.6798043e+02   2.0000000e+00
   1.1642775e+01   1.4797023e+02   2.0000000e+00
   3.5101196e+02  -2.0445518e+01   2.0000000e+00
   1.3753450e+02   2.3050276e+02   1.0000000e+00
  -7.0311283e+01   3.3468931e+02   1.0000000e+00
  -2.9374799e+02  -2.3819803e+02   2.0000000e+00
  -2.9021402e+02   1.3150274e+02   2.0000000e+00
  -1.7558673e+02   2.9936261e+02   2.0000000e+00
  -2.3405142e+01   1.2144430e+02   2.0000000e+00
  -2.0833421e+02  -1.0110585e+02   2.0000000e+00
  -4.6213616e+01   2.9775663e+01   2.0000000e+00
   2.9055883e+02   2.8324521e+02   2.0000000e+00
   3.1054992e+02   1.2342322e+02   2.0000000e+00
  -2.0381216e+01   3.5542737e+02   1.0000000e+00
  -2.4816353e+02  -3.0485580e+02   1.0000000e+00
   2.9541517e+02  -5.3911057e+01   1.0000000e+00
  -2.9301088e+02   2.4164852e+02   2.0000000e+00
  -2.5175957e+02  -2.5967194e+02   2.0000000e+00
  -6.6714153e+01  -2.1069298e+02   2.0000000e+00
   3.0655983e+02   3.2070271e+02   2.0000000e+00
   1.3483787e+02   2.6138257e+02   2.0000000e+00
   2.9027729e+02  -1.3826940e+02   2.0000000e+00
  -1.9654022e+02  -1.2729116e+02   2.0000000e+00
   3.0486139e+02   1.2312196e+02   2.0000000e+00
  -2.9412924e+02  -7.0510157e+01   1.5000000e+00
   3.1798142e+02   5.9616217e+01   2.0000000e+00
  -4.8151445e+01   2.8220501e+02   2.0000000e+00
   3.3952818e+02  -2.1459005e+02   1.0000000e+00
   2.7993559e+02   2.8056126e+02   2.0000000e+00
   1.9833571e+02   2.7881487e+02   2.0000000e+00
   5.3325469e+01  -1.2718987e+02   2.0000000e+00
   6.3229415e+01  -1.0236535e+02   2.0000000e+00
  -3.8333881e+02  -3.0881288e+02   2.0000000e+00
   1.7653197e+02  -3.2530877e+02   1.0000000e+00
  -2.3888149e+02  -2.5768346e+02   2.0000000e+00
  -1.8199848e+02   1.4026915e+02   2.0000000e+00
  -2.0194671e+02   6.1856956e+00   2.0000000e+00
  -1.9409513e+02  -1.3858011e+02   1.0000000e+00
  -1.5508885e+01  -5.6101327e+01   2.0000000e+00
  -4.3190987e+01  -2.8935542e+02   2.0000000e+00
  -1.4008756e+02   3.7918162e+01   2.0000000e+00
   2.6053067e+02   8.5828602e+01   2.0000000e+00
   2.6552621e+02  -1.2163594e+02   2.0000000e+00
  -1.4465866e+02   2.2142660e+02   2.0000000e+00
  -5.0611340e+01   5.8207790e+01   2.0000000e+00
  -2.6615441e+02   7.5013503e+00   2.0000000e+00
   4.1820328e+01   3.6785366e+02   1.0000000e+00
   6.2203518e+01  -2.5461048e+02   2.0000000e+00
   1.7425714e+02   8.7030945e+01   2.0000000e+00
  -1.2226382e+02   2.7706416e+02   1.0000000e+00
  -8.4131544e+01   8.6497194e+01   2.0000000e+00
   1.6997931e+02   3.7964238e+02   1.0000000e+00
   1.9856834e+02  -1.0164821e+02   2.0000000e+00
  -7.2096722e+01   2.4784141e+02   2.0000000e+00
   9.4767939e+01   2.6282517e+02   2.0000000e+00
  -3.4949786e+02  -1.6391050e+02   2.0000000e+00
   8.1731071e+01  -1.4444562e+02   2.0000000e+00
   4.8840997e+01   8.6457351e+01   2.0000000e+00
   2.7858431e+02  -3.0484380e+02   1.0000000e+00
  -6.7737031e+01  -2.2042655e+02   2.0000000e+00
   1.0584645e+02  -1.3467817e+02   2.0000000e+00
  -2.2113743e+02  -1.8738827e+01   2.0000000e+00
   3.7220502e+02  -1.8592338e+00   2.0000000e+00
   2.7203230e+02   2.2235112e+02   2.0000000e+00
   2.1420153e+02  -1.0159920e+02   2.0000000e+00
  -2.1572692e+02  -1.8280826e+02   1.7000000e+00
   1.7889585e+02  -1.6321875e+02   2.0000000e+00
   3.2962455e+01  -2.9516172e+02   2.0000000e+00
   5.1284608e-01   3.6593311e+02   1.0000000e+00
  -1.3237755e+02   8.8172456e+01   2.0000000e+00
  -2.9678053e+02   1.3475575e+02   2.0000000e+00
  -3.7253993e+02  -1.3262936e+02   2.0000000e+00
  -2.3926178e+02  -2.7987703e+01   2.0000000e+00
  -3.5570621e+02  -1.6907651e+02   2.0000000e+00
  -1.6741188e+02  -2.7714207e+02   2.0000000e+00
   2.0201556e+02  -2.0193540e+02   1.0000000e+00
  -2.3975467e+02  -2.5079925e+02   2.0000000e+00
   2.1940908e+02  -4.4542427e+01   2.0000000e+00
  -2.0707799e+02   3.2878138e+02   2.0000000e+00
  -2.7744721e+02   2.1523185e+02   2.0000000e+00
   1.3799108e+02  -2.5804381e+02   1.0000000e+00
  -2.1168012e+02  -2.4044262e+02   2.0000000e+00
  -2.3619092e+02  -1.3735161e+02   2.0000000e+00
   3.1217786e+02  -8.2827196e+01   1.0000000e+00
  -3.1318061e+02   3.2507269e+02   2.0000000e+00
   2.4624259e+02  -3.0980779e+02   1.0000000e+00
  -1.9850840e+02  -1.2649696e+02   2.0000000e+00
   1.8790293e+02   2.4664212e+02   1.0000000e+00
   2.4545581e+02  -1.1599620e+02   2.0000000e+00
  -1.2131450e+02   2.6650112e+02   1.0000000e+00
   1.0457081e+02  -9.4927851e+01   2.0000000e+00
  -2.5633129e+02   3.4072489e+01   2.0000000e+00
  -3.3606603e+02   8.9782331e+01   1.0000000e+00
  -2.3729914e+02   1.9023915e+02   2.0000000e+00
   1.2775928e+01  -1.6197209e+02   2.0000000e+00
   2.7914140e+02   7.0013345e+01   2.0000000e+00
   6.0750757e+01  -7.9288824e+01   2.0000000e+00
  -2.6107377e+02  -1.3936849e+02   2.0000000e+00
  -1.0516072e+02   4.6379993e+01   2.0000000e+00
   3.5606188e+02   2.8360487e+02   1.0000000e+00
  -2.2414210e+02   2.8966053e+02   2.0000000e+00
   5.3618077e+01   7.9983199e+01   2.0000000e+00
   1.4004924e+02   2.9316255e+02   2.0000000e+00
   7.2566670e+01   4.3983051e+01   2.0000000e+00
   1.4254985e+02  -3.1637754e+02   1.0000000e+00
   5.6889647e+01  -9.4791283e+01   2.0000000e+00
  -2.2847714e+02  -2.5766461e+02   2.0000000e+00
  -2.6703570e+02   3.4382741e+02   2.0000000e+00
  -1.8608203e+02   2.5666318e+02   2.0000000e+00
  -1.5654260e+02   1.8195991e+02   2.0000000e+00
  -5.2978418e+01  -2.4132340e+02   2.0000000e+00
  -2.7509034e+02  -1.4197909e+02   2.0000000e+00
   1.9180977e+02  -3.3008355e+02   1.0000000e+00
   1.7891204e+02   2.8999373e+02   2.0000000e+00
   3.6521528e+01  -2.5009409e+02   2.0000000e+00
   3.4447561e+02  -2.6856803e+01   1.0000000e+00
   3.3714935e+02  -1.8017854e+02   1.0000000e+00
   2.8267720e+02  -1.1439710e+02   2.0000000e+00
  -2.2212942e+02  -6.4200291e+01   2.0000000e+00
   3.4792376e+02   1.2659516e+02   2.0000000e+00
   6.6705801e+00   2.9828765e+02   2.0000000e+00
   2.0830513e+02  -2.8210347e+02   1.0000000e+00
  -2.7381627e+02  -1.2167110e+02   2.0000000e+00
  -3.4355313e+02   3.3103006e+02   1.0000000e+00
  -1.9330609e+02   1.5598394e+02   2.0000000e+00
   2.6448407e+02  -2.9966877e+02   1.0000000e+00
   2.4455948e+02   1.8241232e+02   2.0000000e+00
   2.1872306e+02   1.9533117e+02   2.0000000e+00
   1.7212582e+02  -1.6563000e+01   2.0000000e+00
   7.1474703e+01   5.0198922e+01   2.0000000e+00
   3.3278702e+02   1.3024799e+02   2.0000000e+00
   2.2543135e+02  -7.7089360e+01   2.0000000e+00
   7.5314739e+01   3.3555269e+02   2.0000000e+00
   2.5995862e+02  -2.7450974e+01   2.0000000e+00
   2.4717160e+02  -8.1392408e+01   2.0000000e+00
   2.7502613e+01   1.3083160e+02   2.0000000e+00
   2.1446637e+02   1.3823369e+02   2.0000000e+00
   1.9444701e+02   7.6244992e+01   2.0000000e+00
   3.1102999e+02  -1.1963911e+02   1.0000000e+00
  -1.7389433e+02   3.1445275e+02   2.0000000e+00
  -2.5502681e+02   2.8338248e+02   2.0000000e+00
   2.6481506e+02   1.3924398e+02   2.0000000e+00
   2.8163000e+02   3.4903674e+02   2.0000000e+00
   3.6130168e+02   3.2672693e+02   2.0000000e+00
   1.0494905e+02   3.1874413e+02   2.0000000e+00
   9.6827575e+01   2.6355273e+02   2.0000000e+00
   2.1718303e+02   1.6691268e+02   2.0000000e+00
   2.4844894e+02  -6.1432977e+01   2.0000000e+00
  -2.0640485e+02   3.4938648e+02   2.0000000e+00
   3.5490974e+02   1.6880537e+02   2.0000000e+00
   2.6931770e+02   7.9925915e+01   2.0000000e+00
  -2.9537713e+02   2.7637466e+02   2.0000000e+00
   3.3473031e+02   2.4469652e+02   1.0000000e+00
   2.6315092e+02   3.7190063e+01   2.0000000e+00
  -2.7674519e+01  -1.9271610e+02   2.0000000e+00
   1.3223603e+02  -1.5077526e+02   2.0000000e+00
   3.1585923e+02  -1.2028344e+02   1.0000000e+00
  -1.2546600e+02  -7.2548351e+01   1.0000000e+00
  -2.1941645e+02  -2.4731202e+02   2.0000000e+00
  -1.7225674e+01  -2.4657237e+01   2.0000000e+00
  -2.5277498e+02  -1.1911618e+02   2.0000000e+00
  -2.0946989e+02   3.2760668e+02   2.0000000e+00
   9.4901144e+01   2.1671619e+02   2.0000000e+00
   1.4025834e+02   7.7537122e+01   2.0000000e+00
  -6.2451682e+00   7.0293120e+01   2.0000000e+00
  -2.5469366e+02  -2.3459379e+02   2.0000000e+00
   3.1768309e+02  -1.6335923e+02   1.0000000e+00
  -6.7217631e+01   2.6276401e+02   2.0000000e+00
  -9.8087027e-01   1.9913117e+02   2.0000000e+00
  -3.7483626e+02  -3.1861943e+02   2.0000000e+00
   8.2504304e+01  -1.1396977e+02   2.0000000e+00
   3.1596267e+02   3.2748612e+02   2.0000000e+00
  -1.4856733e+02   1.6716916e+01   2.0000000e+00
   2.1528558e+02   3.0813205e+00   2.0000000e+00
  -1.8849708e+02   3.3201676e+02   2.0000000e+00
   2.7640913e+02   3.5952547e+02   2.0000000e+00
   2.2368958e+02   2.7745364e+02   2.0000000e+00
  -3.6705016e+02  -9.0472692e+01   2.0000000e+00
  -8.6186516e+01   3.4426337e+02   1.0000000e+00
  -1.1975912e+02   2.7543239e+02   1.0000000e+00
  -2.1683366e+02  -7.7620098e+01   2.0000000e+00
   8.3433796e+00   3.1832651e+02   2.0000000e+00
  -2.5668365e+02  -3.3570147e+02   2.0000000e+00
   1.2714572e+02  -2.9373428e+02   1.5000000e+00
  -2.6286021e+02   3.1061471e+02   2.0000000e+00
   8.6058186e+01  -1.4065500e+02   2.0000000e+00
  -3.2715342e+02  -2.0573201e+02   2.0000000e+00
  -1.4819382e+02  -2.9876054e+02   2.0000000e+00
  -2.8975661e+02   1.6369262e+01   2.0000000e+00
   3.1196379e+02   1.5090569e+02   2.0000000e+00
   3.5187789e+02  -2.0798571e+02   1.0000000e+00
  -2.9347652e+02   3.2633775e+02   2.0000000e+00
  -3.5624103e+02   5.4540868e+01   2.0000000e+00
  -1.4394664e+02   1.7437388e+02   2.0000000e+00
  -1.5953283e+02   2.0107158e+01   2.0000000e+00
   3.2711949e+02   2.2952209e+02   1.0000000e+00
   2.5613807e+01   1.1376974e+02   2.0000000e+00
  -2.7145157e+02   1.7050996e+02   2.0000000e+00
  -6.6551679e+01  -1.7636520e+02   2.0000000e+00
   7.9159916e+01  -7.8786514e+01   2.0000000e+00
   6.1246447e+01   6.7828035e+01   2.0000000e+00
  -1.7175403e+02  -3.1444892e+02   2.0000000e+00
  -3.4702898e+01  -1.5368283e+02   2.0000000e+00
   3.1432191e+02   6.2385267e+01   2.0000000e+00
  -1.4164827e+02   1.3263338e+02   2.0000000e+00
   6.7185705e+01   3.0787876e+02   1.0000000e+00
   3.5129122e+02  -1.0685850e+02   1.0000000e+00
  -2.3676451e+02   2.9792041e+02   2.0000000e+00
  -3.4357698e+02  -2.0606889e+02   2.0000000e+00
   9.4197201e+01   5.4067804e+01   2.0000000e+00
   2.2745961e+02   2.3480136e+02   2.0000000e+00
  -7.0347972e+01   3.3743656e+02   1.0000000e+00
   2.5796678e+02  -3.8438920e+01   2.0000000e+00
   2.1883964e+02  -2.3193684e+02   1.0000000e+00
  -1.2302806e+02   2.7489451e+02   1.0000000e+00
  -1.4499531e+02   3.5899844e+02   2.0000000e+00
  -9.3536193e+00  -1.8556828e+02   2.0000000e+00
   3.4836244e+02  -2.2952128e+02   1.0000000e+00
  -3.3852979e+02  -6.5039870e-01   2.0000000e+00
  -2.1966534e+02  -1.2953841e+02   2.0000000e+00
   1.0863538e+02  -2.9403061e+02   1.8000000e+00
  -1.7817483e+02   3.0711856e+02   2.0000000e+00
  -3.2731799e+02  -7.3649185e+01   2.0000000e+00
   3.7767599e+02   1.5707863e+02   2.0000000e+00
  -2.4814015e+02  -2.5192875e+02   2.0000000e+00
  -2.1344931e+02   3.0140896e+02   2.0000000e+00
  -1.0483989e+02   2.5103383e+02   2.0000000e+00
  -3.3907173e+02   2.5877529e+02   1.0000000e+00
   3.3383275e+02   1.3328659e+02   2.0000000e+00
   3.0129221e+02  -5.0151146e+01   1.0000000e+00
   6.3359777e+01  -8.9654934e+01   2.0000000e+00
  -2.1920938e+02  -2.1724618e+02   2.0000000e+00
   7.5513187e+01   2.6714186e+02   2.0000000e+00
   3.5750362e+02   2.7252031e+02   1.0000000e+00
   1.5785029e+02  -1.5013842e+02   2.0000000e+00
  -2.5600373e+02   3.2454351e+02   2.0000000e+00
   7.2220565e+01   1.7593357e+02   2.0000000e+00
  -3.3430610e+02   2.0699786e+02   2.0000000e+00
  -1.5277910e+01   6.8379011e+01   2.0000000e+00
  -3.1913195e+02   3.6339618e+02   1.0000000e+00
  -3.2493599e+02   3.1969847e+02   2.0000000e+00
   3.5979648e+02   1.4284409e+02   2.0000000e+00
  -1.9328262e+02   1.2192160e+02   2.0000000e+00
  -2.7890796e+02  -6.5483291e-01   2.0000000e+00
  -2.9621720e+01  -3.3107077e+01   2.0000000e+00
   2.9327934e+02   1.1504078e+02   2.0000000e+00
   6.6982653e+01   3.1223242e+02   1.0000000e+00
   1.4428310e+02  -2.9899077e+02   1.0000000e+00
  -3.6046744e+02  -2.9276210e+02   2.0000000e+00
   2.9178160e+02   5.2437924e+01   2.0000000e+00
  -2.7701285e+02   2.1818724e+02   2.0000000e+00
  -2.7044512e+02   1.1785525e+01   2.0000000e+00
   2.8288381e+02   3.5961824e+02   2.0000000e+00
  -9.8977968e+01   2.3860666e+02   2.0000000e+00
   3.6521092e+02   1.5110449e+02   2.0000000e+00
  -9.0916387e+01   3.2235528e+02   1.0000000e+00
  -2.3485636e+02  -3.4493732e+02   2.0000000e+00
   1.8463825e+02   4.9548861e+01   2.0000000e+00
  -2.6776557e+02  -1.6220418e+02   1.2000000e+00
  -2.8004160e+02  -6.2503701e+01   1.3000000e+00
  -1.0544739e+02  -5.8543705e+01   2.0000000e+00
  -9.2006164e+01   3.4257546e+02   1.0000000e+00
   2.6005351e+02  -2.6290814e+02   1.0000000e+00
  -1.4450702e+02  -1.2500848e+02   1.0000000e+00
   2.3013993e+02   3.2402351e+02   2.0000000e+00
  -1.6294511e+02   1.4850298e+02   2.0000000e+00
  -2.8435219e+02  -2.4446644e+02   2.0000000e+00
   8.3924589e+01   3.6762987e+02   2.0000000e+00
   9.4573864e+01   1.2190020e+02   2.0000000e+00
  -1.0938056e+02   2.3466426e+02   2.0000000e+00
   3.6523125e+02   3.1125000e+02   2.0000000e+00
   2.1946132e+02  -2.2331547e+02   1.0000000e+00
   2.9590294e+02  -8.5863364e+01   1.0000000e+00
  -3.5224748e+02  -3.1868411e+02   2.0000000e+00
   1.9595255e+02  -2.7055311e+02   1.0000000e+00
   2.6042415e+02  -2.5748287e+02   1.0000000e+00
   1.4187265e+02  -2.9308680e+02   1.0000000e+00
   1.4291159e+02   2.6448170e+02   2.0000000e+00
   3.5067490e+02  -1.6945515e+02   1.0000000e+00
   3.8276177e+02   2.0136497e+02   2.0000000e+00
  -1.3972915e+02  -1.6616841e+02   1.0000000e+00
  -2.0296723e+02  -2.6774571e+01   2.0000000e+00
   2.6383970e+02   1.6557132e+02   2.0000000e+00
  -2.3634095e+02   3.1453245e+02   2.0000000e+00
  -5.4445557e+01   6.9147122e+01   2.0000000e+00
   5.6197443e+00  -1.5223397e+02   2.0000000e+00
  -8.8948397e+00  -1.6513643e+02   2.0000000e+00
  -3.4668568e+02   2.8614625e+02   1.0000000e+00
   3.2223138e+02   7.8648982e+01   2.0000000e+00
  -3.8297167e+01   2.8640987e+02   2.0000000e+00
  -1.5426430e+02  -1.8138415e+02   1.0000000e+00
   9.1570148e+01   5.0216391e+01   2.0000000e+00
   3.1059993e+02  -2.0773665e+02   1.0000000e+00
  -3.4286170e+02   2.7220113e+02   1.0000000e+00
  -1.2985914e+02   1.5128176e+02   2.0000000e+00
   3.1659140e+02   3.7100532e+02   2.0000000e+00
  -2.1424533e+01   3.3395003e+02   2.0000000e+00
   2.0867124e+02  -2.8514254e+02   1.0000000e+00
  -1.8972017e+02  -2.1853020e+02   2.0000000e+00
  -3.5176970e+02  -1.4728860e+02   2.0000000e+00
   7.6773397e+01  -4.4224196e+01   2.0000000e+00
   3.6981375e+01  -3.2321299e+02   2.0000000e+00
   8.7863405e+00  -3.0550810e+02   2.0000000e+00
   5.0901338e+01  -2.0636026e+02   2.0000000e+00
  -7.2505653e+01   1.8314683e+02   2.0000000e+00
  -1.3983403e+02   1.6892448e+02   2.0000000e+00
   1.9247727e+02   2.5826470e+02   1.0000000e+00
   1.6211719e+02   2.6373661e+02   2.0000000e+00
   1.8873558e+01  -9.7616102e+01   2.0000000e+00
   1.0566127e+02   3.0783917e+02   2.0000000e+00
  -1.8358299e+02  -7.1876255e+01   1.0000000e+00
  -2.5832476e+02   1.4224611e+01   2.0000000e+00
  -2.5896924e+02   3.0019971e+02   2.0000000e+00
  -4.8885096e+01   2.8057652e+02   2.0000000e+00
  -1.6196067e+01  -6.9868723e+01   2.0000000e+00
  -2.7161128e+02  -1.0650462e+02   2.0000000e+00
  -2.1262042e+02  -5.9320735e+01   2.0000000e+00
  -3.7953335e+02  -3.2393168e+02   2.0000000e+00
   3.1223887e+02   2.6668973e+02   2.0000000e+00
   5.2697296e+01  -1.1024500e+02   2.0000000e+00
  -1.9027139e+02  -1.3325083e+02   1.0000000e+00
  -1.0391495e+02   6.1352058e+01   2.0000000e+00
   2.0145472e+02   8.3652665e+01   2.0000000e+00
  -3.4812640e+02  -1.7155419e+02   2.0000000e+00
  -1.8272636e+02  -2.3564549e+02   1.0000000e+00
  -2.2478282e+02  -2.8165985e+02   1.0000000e+00
   2.0896408e+02  -2.6047522e+02   1.0000000e+00
  -3.0310101e+02   1.5070410e+01   2.0000000e+00
  -2.8857248e+02  -2.7151820e+02   2.0000000e+00
  -5.8690405e+01  -1.8366538e+02   2.0000000e+00
  -1.6288049e+02  -2.9051315e+02   2.0000000e+00
   1.9286038e+02   2.5629503e+02   1.2000000e+00
  -5.4542987e+01  -3.8936342e+02   2.0000000e+00
  -6.1662740e+01  -2.1177653e+02   2.0000000e+00
   1.8196665e+02  -6.3115735e+01   2.0000000e+00
  -2.0349023e+02  -1.1914304e+02   2.0000000e+00
  -3.4210147e+02   8.0397374e+01   1.0000000e+00
  -1.9850833e+02   2.2422403e+02   2.0000000e+00
  -6.9426389e+01  -8.4329694e+01   2.0000000e+00
  -8.6464476e+01   3.4592860e+02   1.0000000e+00
   2.6838672e+02  -9.2375896e+01   2.0000000e+00
  -7.2887947e+00   2.1110122e+02   2.0000000e+00
   1.0988098e+02   2.9349821e+01   2.0000000e+00
  -8.8355200e+00  -6.8040985e+01   2.0000000e+00
   2.8592851e+02   2.8860079e+02   2.0000000e+00
  -1.9368192e+02  -3.1295355e+02   2.0000000e+00
  -2.1350901e+02   2.9991571e+02   2.0000000e+00
  -2.0005678e+02   3.5817114e+02   2.0000000e+00
  -2.6467305e+02  -2.8241956e+02   2.0000000e+00
  -2.5678295e+02   3.3602542e+02   2.0000000e+00
   3.2514289e+02  -9.8171749e+01   1.0000000e+00
  -2.5065389e+02  -2.1648443e+02   1.0000000e+00
  -3.9708907e+01  -3.8418432e+02   2.0000000e+00
  -3.6199519e+02  -2.0531251e+02   2.0000000e+00
  -6.6736858e+01   1.0401353e+02   2.0000000e+00
  -1.6790221e+02   2.6562996e+01   2.0000000e+00
  -7.2510526e+01  -4.5061240e+01   2.0000000e+00
  -2.5923711e+02  -8.7790075e+01   2.0000000e+00
   6.6819029e+01   1.1950405e+02   2.0000000e+00
  -1.9377930e+02   3.1525004e+02   2.0000000e+00
  -2.2521838e+02  -1.3416686e+02   2.0000000e+00
   2.9686730e+02  -3.3590374e+02   1.0000000e+00
   1.5413002e+02   3.7792092e+02   1.0000000e+00
  -2.6467431e+02   2.6067078e+02   2.0000000e+00
   2.4588529e+02   1.1052907e+02   2.0000000e+00
  -1.0386641e+02   2.4835654e+02   2.0000000e+00
   2.2459221e+02  -1.9499628e+02   1.0000000e+00
  -1.7629781e+02  -1.6112176e+02   1.0000000e+00
  -3.3235280e+02   3.6314223e+02   1.0000000e+00
   1.3773418e+02  -1.0421191e+02   2.0000000e+00
  -3.1766834e+02   1.6864886e+02   1.0000000e+00
  -2.5635727e+02  -2.7665638e+02   2.0000000e+00
  -2.9344867e+02  -1.1607554e+02   1.0000000e+00
  -3.2487157e+02  -2.8729359e+02   2.0000000e+00
   1.2080809e+02   2.7705192e+02   2.0000000e+00
  -2.3638642e+02   2.2379876e+02   2.0000000e+00
  -1.2732617e-01  -1.8420571e+02   2.0000000e+00
  -3.2808052e+02   1.4967930e+02   1.0000000e+00
  -2.4037904e+02  -1.5475041e+02   2.0000000e+00
  -3.6000970e+02  -5.0086449e+01   2.0000000e+00
   8.7548345e+00   1.8478788e+02   2.0000000e+00
   3.6252023e+02   2.6700708e+02   1.0000000e+00
  -2.6928971e+02  -2.4455392e+01   2.0000000e+00
  -2.4989307e+02   3.2906403e+02   2.0000000e+00
  -2.3674962e+02  -2.6324106e+02   2.0000000e+00
  -2.2632860e+02  -1.7151481e+02   1.4000000e+00
   3.1863167e+02   3.1730972e+02   2.0000000e+00
   1.1043014e+01   2.5236287e+02   2.0000000e+00
   2.7034914e+02  -1.4282207e+02   2.0000000e+00
   5.9175652e+01  -8.4265620e+01   2.0000000e+00
   3.7730509e+02  -1.6465256e+01   2.0000000e+00
  -1.4434850e+02  -3.4993215e+02   2.0000000e+00
  -3.0696771e+02   8.3730480e+01   2.0000000e+00
   1.5868968e+02  -3.1838418e+02   1.0000000e+00
   3.3022723e+02   2.6199256e+02   2.0000000e+00
  -2.5119347e+02  -2.5952178e+02   2.0000000e+00
  -3.1935652e+02   3.5171076e+02   1.0000000e+00
   2.1708294e+01  -2.8539674e+02   2.0000000e+00
  -2.1214738e+02  -1.8894491e+02   1.0000000e+00
  -1.0668214e+01   1.3915181e+02   2.0000000e+00
   2.9126519e+02  -2.5669086e+02   1.0000000e+00
  -2.0264389e+02  -7.3823095e+01   2.0000000e+00
   7.8780368e+00   2.8025813e+02   2.0000000e+00
  -1.8382265e+02  -1.0234284e+02   1.0000000e+00
   2.5701000e+02  -2.3156695e+02   1.0000000e+00
   1.0860665e+02  -9.5247251e+01   2.0000000e+00
  -3.7682759e+00  -1.5245362e+01   2.0000000e+00
  -2.8329825e+02   2.4712779e+02   2.0000000e+00
   2.7997754e+02  -2.6318787e+02   1.0000000e+00
  -1.4947545e+02  -1.4710171e+02   1.0000000e+00
  -5.4151619e+01  -1.6207863e+02   2.0000000e+00
  -3.6358898e+02  -2.9835930e+02   2.0000000e+00
   3.6734334e+02   1.6726219e+02   2.0000000e+00
  -2.2996846e+02  -2.8371595e+02   1.0000000e+00
  -3.6229996e+02   2.2668572e+02   1.0000000e+00
   1.3649722e+02   3.5385482e+02   1.0000000e+00
   2.3797332e+02  -2.3736640e+02   1.0000000e+00
  -9.6365838e+01   3.7057723e+01   2.0000000e+00
   3.2318809e+02   1.3165638e+02   2.0000000e+00
   2.7858009e+02  -6.7892474e+01   1.0000000e+00
   2.7964001e+02   3.0515133e+02   2.0000000e+00
   1.1781504e+02   2.6946058e+02   2.0000000e+00
   2.3689112e+02   4.6654805e+01   2.0000000e+00
  -1.9854257e+02  -1.8797684e+02   1.0000000e+00
  -2.2063386e+02  -3.2295913e+02   2.0000000e+00
  -2.6801393e+02   2.3204098e+02   2.0000000e+00
  -6.0640989e+01   2.2285486e+02   2.0000000e+00
   2.8440288e+02  -4.9793965e+01   2.0000000e+00
  -3.4496332e+02  -5.0988373e+01   2.0000000e+00
  -2.8029765e+02  -2.4185051e+02   2.0000000e+00
  -2.9973023e+02   1.5153545e+01   2.0000000e+00
  -8.3944898e+01   2.8147656e+02   2.0000000e+00
  -1.8544161e+02  -3.4178277e+02   2.0000000e+00
  -3.1333986e+02   3.4659865e+02   1.2000000e+00
  -1.4487521e+02  -2.8386711e+02   2.0000000e+00
  -1.4930267e+02   3.7759398e+01   2.0000000e+00
  -2.1668418e+02   1.8552874e+02   2.0000000e+00
   1.2992849e+01   1.5505169e+02   2.0000000e+00
   1.7861851e+02   6.1122480e+01   2.0000000e+00
  -3.4327840e+02   5.5485088e+01   2.0000000e+00
   2.8585130e+02   2.8695677e+02   2.0000000e+00
   4.8339630e+01   3.6211148e+02   2.0000000e+00
   3.2709224e+02   2.4499371e+02   1.0000000e+00
  -1.2158565e+02  -1.2874227e+02   1.0000000e+00
   1.9352638e+02  -2.4304103e+02   1.0000000e+00
  -1.6004407e+02   3.9144992e+01   2.0000000e+00
  -3.2516878e+02   1.9636566e+01   2.0000000e+00
  -3.0765097e+02   2.2846939e+02   2.0000000e+00
   9.4229608e+01   2.4914366e+02   2.0000000e+00
   2.9080358e+02  -1.7341263e+02   1.0000000e+00
  -5.7459572e+01   1.4769138e+02   2.0000000e+00
   4.2749568e+01  -1.2205837e+01   1.0000000e+00
  -1.0898310e+02   3.5993756e+02   1.0000000e+00
  -1.8570937e+02  -1.4723269e+02   1.0000000e+00
  -1.2305164e+01   2.6234564e+02   2.0000000e+00
   2.1102282e+02  -2.2303242e+02   1.0000000e+00
   5.9793288e+01   3.0931360e+02   1.0000000e+00
   2.1616763e+02   3.1109275e+01   2.0000000e+00
  -2.6248513e+02  -2.8480026e+02   2.0000000e+00
   3.3105275e+01   1.1194165e+02   2.0000000e+00
   1.6003768e+00  -1.1022483e+01   2.0000000e+00
   9.9791402e+01  -1.5208916e+02   2.0000000e+00
  -3.3926774e+02  -3.4792345e+02   1.0000000e+00
   4.6602037e+01   3.7487957e+02   1.0000000e+00
  -8.3109981e+01   1.8676631e+02   2.0000000e+00
   2.0161077e+02   2.3319745e+01   2.0000000e+00
   1.8369779e+02  -2.5733274e+02   1.0000000e+00
   2.7300290e+02   1.5545213e+02   2.0000000e+00
  -3.1603636e+02   1.5072657e+02   1.0000000e+00
  -2.5588695e+02  -1.3907797e+02   2.0000000e+00
  -1.3757195e+02  -2.7589648e+02   2.0000000e+00
   2.4259325e+02   1.7638171e+02   2.0000000e+00
   3.3374254e+02  -2.2565132e+02   1.0000000e+00
  -2.9704346e+02  -4.8393447e-01   2.0000000e+00
   1.6739435e+02   5.7998827e+01   2.0000000e+00
  -1.9783359e+02   3.0959394e+02   2.0000000e+00
   2.8190603e+02   2.9031145e+02   2.0000000e+00
   1.1753912e+02   3.4945612e+02   2.0000000e+00
  -2.9503048e+02   3.4849933e+02   2.0000000e+00
   1.5869292e+02   2.3736252e+02   1.0000000e+00
   1.6179705e+02   1.1719815e+02   2.0000000e+00
  -1.4449998e+02  -1.2406384e+01   2.0000000e+00
  -3.5980240e+02   3.0867953e+02   1.0000000e+00
  -3.5476192e+02  -4.4143341e+01   2.0000000e+00
   1.2684648e+02   7.5585792e+01   2.0000000e+00
   1.7517432e+02  -8.7427892e+01   2.0000000e+00
  -1.2206152e+02   1.2480735e+01   2.0000000e+00
  -3.1599379e+02   2.8067855e+02   1.0000000e+00
  -2.0413162e+02  -7.5119556e+01   2.0000000e+00
  -1.5883069e+02  -2.3561241e+02   1.0000000e+00
   9.0651737e+00  -3.5765952e+02   2.0000000e+00
  -3.5738691e+02   3.3045988e+02   1.0000000e+00
  -3.8113135e+02  -2.3988713e+02   2.0000000e+00
   2.3787268e+02  -2.5245033e+02   1.0000000e+00
   2.6025704e+02   1.3074969e+02   2.0000000e+00
   2.5389072e+02  -3.3607562e+02   1.0000000e+00
  -3.6011906e+02  -2.0394420e+01   1.0000000e+00
   2.5363606e+01  -1.5113085e+02   2.0000000e+00
   4.3188926e+01   3.0015791e+02   2.0000000e+00
   1.0847821e+02   1.6723465e+02   2.0000000e+00
  -1.5223667e+02  -2.5831314e+01   2.0000000e+00
  -1.5555291e+02  -1.1582973e+02   1.0000000e+00
  -4.5049170e+01  -2.3512085e+02   2.0000000e+00
   2.3337900e+02   2.6966192e+02   2.0000000e+00
  -3.4779113e+02  -8.5553816e+01   2.0000000e+00
   8.9452292e+00   3.1404151e+02   2.0000000e+00
  -1.6313633e+00  -2.5816611e+02   2.0000000e+00
   1.7907424e+02   2.3343359e+02   2.0000000e+00
  -2.9805114e+02   2.2128276e+02   2.0000000e+00
  -3.1979164e+02   9.0952657e+01   2.0000000e+00
  -3.5933417e+02  -2.6367680e+02   2.0000000e+00
  -2.8521413e+01   1.0079082e+02   2.0000000e+00
  -2.3091088e+02  -2.7577819e+02   2.0000000e+00
  -2.1050480e+02  -3.4590256e+02   2.0000000e+00
   2.0389240e+02  -2.8170763e+01   2.0000000e+00
  -1.7973855e+01   2.0811601e+02   2.0000000e+00
   1.6620320e+02   3.3190307e+01   2.0000000e+00
   5.5524154e+01   1.2417539e+02   2.0000000e+00
   1.8715350e+02   2.0446046e+01   2.0000000e+00
  -1.6284911e+02   6.7127831e+01   1.7000000e+00
   3.5520247e+02  -1.8368766e+01   2.0000000e+00
  -1.5344861e+02   4.7159789e+01   2.0000000e+00
  -1.3940273e+02  -2.4010684e+02   2.0000000e+00
   8.5211734e+00   9.6853249e+01   2.0000000e+00
   2.2435868e+02  -1.9742391e+01   2.0000000e+00
   4.9165929e+01  -9.3981560e+01   2.0000000e+00
  -2.1903723e+01  -3.0497604e+02   2.0000000e+00
   6.9610942e+01  -2.4526927e+02   2.0000000e+00
   4.3620216e+01   1.7407872e+02   2.0000000e+00
  -4.5543982e+01   2.3009500e+02   2.0000000e+00
  -2.5543029e+02   3.4125779e+02   2.0000000e+00
   2.0323879e+02  -2.4829313e+02   1.0000000e+00
   1.0812523e+01  -2.1733317e+02   2.0000000e+00
   8.2416650e+01   5.3415793e+01   2.0000000e+00
  -3.2056845e+02  -2.2934536e+02   2.0000000e+00
   3.1447246e+02   7.2275242e+01   2.0000000e+00
   9.0602923e+01   1.7733960e+02   2.0000000e+00
   2.6447474e+02   2.7836502e+02   2.0000000e+00
   2.0832239e+01  -3.6380299e+01   2.0000000e+00
  -6.2959400e+01   2.7029398e+01   2.0000000e+00
   2.5971335e+02   1.0561569e+02   2.0000000e+00
  -2.0013232e+02   1.1963109e+01   2.0000000e+00
  -3.7342236e+02  -2.1801965e+02   2.0000000e+00
  -1.3306448e+02  -2.9384966e+02   2.0000000e+00
   1.9572136e+02   3.1456436e+01   2.0000000e+00
  -2.5512391e+02  -1.7067766e+02   1.4000000e+00
   1.0037148e+02   3.5427044e+02   2.0000000e+00
  -7.4381545e+01   3.2957735e+01   2.0000000e+00
  -8.7213944e+01   3.4294817e+02   1.0000000e+00
   1.7273039e+01  -1.5837070e+02   2.0000000e+00
  -3.1338848e+02   5.2998717e+01   2.0000000e+00
  -1.7034139e+02  -2.1914720e+02   1.0000000e+00
   2.3420290e+02   3.0195917e+02   2.0000000e+00
  -3.7803731e+02  -6.1770446e+01   2.0000000e+00
  -3.2201451e+02   2.5462414e+02   1.0000000e+00
  -3.1194078e+02   1.7621795e+02   1.0000000e+00
  -3.3736388e+01   3.3928944e+00   2.0000000e+00
   2.9815695e+02  -1.9267257e+02   1.0000000e+00
   2.6261001e+02   3.1516649e+02   2.0000000e+00
  -1.7480000e+02  -2.2758727e+02   1.0000000e+00
   1.3352350e+02   3.3263191e+02   2.0000000e+00
  -3.5753882e+02   3.4536502e+02   1.0000000e+00
   2.6268552e+02   1.6664930e+02   2.0000000e+00
   3.0558712e+02   2.3454401e+02   2.0000000e+00
  -2.4548838e+02   1.9431537e+01   2.0000000e+00
  -9.5068523e+01   9.3056904e+01   2.0000000e+00
  -2.1348436e+02   3.5393375e+02   2.0000000e+00
   1.7318856e+01  -3.4437204e+01   2.0000000e+00
  -2.8196884e+02  -1.2617218e+01   2.0000000e+00
  -8.8457384e+01  -1.7882666e+01   2.0000000e+00
   1.0675439e+02  -1.2779880e+02   2.0000000e+00
  -1.8254822e+02   1.9682015e+02   2.0000000e+00
   1.0730982e+02  -2.8551244e+02   1.7000000e+00
   3.3767649e+02   2.5578615e+02   1.0000000e+00
   3.4554414e+02  -2.4294150e+02   1.0000000e+00
  -3.5466744e+02   1.0439666e+02   1.0000000e+00
  -4.4874789e+01   1.5594531e+02   2.0000000e+00
   1.8707935e+02  -5.9067544e+01   2.0000000e+00
  -6.4263653e+01  -2.4925361e+02   2.0000000e+00
  -1.9993881e+02   1.0479356e+02   1.1000000e+00
   4.5489204e+00  -3.6169312e+02   2.0000000e+00
  -1.8859325e+02  -2.9318919e+01   2.0000000e+00
  -3.3844468e+02   3.4680904e+02   1.0000000e+00
   2.4601162e+02   3.4496189e+02   2.0000000e+00
   3.7192743e+02   1.8909094e+02   2.0000000e+00
   1.6088632e+02   1.6840311e+02   1.0000000e+00
  -2.9591850e+02  -7.5761445e+01   1.4000000e+00
  -2.3448572e+02  -1.8150635e+02   1.6000000e+00
  -3.6420714e+02  -3.4377386e+02   1.0000000e+00
  -3.1838960e+02  -7.3192028e+00   2.0000000e+00
   2.7371668e+02   1.8729029e+02   2.0000000e+00
   2.5557616e+02   1.2486927e+02   2.0000000e+00
   1.0846530e+02  -1.8368767e+02   2.0000000e+00
  -1.9318793e+02  -2.6462983e+02   1.0000000e+00
   9.6790533e+01  -7.7721451e+01   2.0000000e+00
   1.8806152e+02  -2.3825437e+01   1.0000000e+00
  -2.8951207e+01   3.4501270e+02   1.0000000e+00
  -2.9411567e+02   6.6663969e+01   2.0000000e+00
  -1.7776125e+02  -3.3481792e+01   2.0000000e+00
   1.0567517e+01  -1.1688766e+02   2.0000000e+00
  -2.1783268e+02   1.7762990e+02   2.0000000e+00
   2.4032912e+02  -1.0888121e+02   2.0000000e+00
  -3.6115649e+02   2.6299738e+02   1.0000000e+00
  -8.4885675e+00  -8.0098192e+01   2.0000000e+00
   1.8716347e+01   3.4467957e+02   2.0000000e+00
  -1.6430699e+02   3.3509999e+02   2.0000000e+00
  -1.6558673e+02   3.3083254e+02   2.0000000e+00
   1.1764902e+02   1.3634724e+02   2.0000000e+00
  -3.3250636e+02  -1.8816271e+02   2.0000000e+00
   7.9825624e+01  -5.2267637e+01   2.0000000e+00
  -1.0318090e+02   2.4332056e+02   2.0000000e+00
   3.4716198e+02   3.7364911e+02   2.0000000e+00
  -2.2306547e+02   3.1498341e+02   2.0000000e+00
   2.5016263e+02  -2.5998414e+02   1.0000000e+00
   6.9701997e+01   3.6815814e+02   2.0000000e+00
   1.1479840e+02  -2.1497704e+02   2.0000000e+00
  -1.4987807e+01   1.2338334e+02   2.0000000e+00
  -1.9954026e+02  -2.1468652e+02   2.0000000e+00
   1.5385987e+02   3.7860260e+02   1.0000000e+00
  -3.9062221e+01   9.2311940e+00   2.0000000e+00
   1.3835715e+02   8.2425255e+01   2.0000000e+00
   2.5935096e+02  -2.6257645e+00   2.0000000e+00
  -8.4571883e+00  -3.4622242e+02   2.0000000e+00
  -1.5281480e+02   9.3820887e+01   2.0000000e+00
  -3.4456365e+02   3.4060807e+01   2.0000000e+00
  -1.4140572e+02  -1.5627004e+02   1.0000000e+00
   2.9812670e+02   2.4977942e+02   2.0000000e+00
   1.6089964e+02   2.4246593e+02   1.0000000e+00
  -2.5545331e+02   2.4188814e+02   2.0000000e+00
  -2.4198220e+02  -3.1603394e+02   1.0000000e+00
   5.0570698e+01   3.7272073e+02   1.0000000e+00
   9.5416132e+01  -1.7724402e+02   2.0000000e+00
  -2.4039500e+02  -5.2083606e+01   2.0000000e+00
  -2.4710605e+02  -1.2657998e+02   2.0000000e+00
   2.1090924e+02   6.6833623e+01   2.0000000e+00
  -2.5295725e+02   2.8924775e+02   2.0000000e+00
   3.4398866e+02   3.5958994e+02   2.0000000e+00
  -2.5793186e+02  -2.7843636e+02   2.0000000e+00
  -3.0031796e+02  -2.9636933e+02   2.0000000e+00
  -3.1296286e+02  -2.0887828e+02   2.0000000e+00
   3.7324161e+02  -3.0306233e+01   2.0000000e+00
   3.3862737e+02  -2.2075613e+02   1.0000000e+00
   1.2947461e+02   1.4046517e+02   2.0000000e+00
   1.4709066e+02   2.1338970e+02   2.0000000e+00
  -2.5764754e+02  -1.1297448e+02   2.0000000e+00
   2.9464222e+02   1.3590397e+02   2.0000000e+00
   3.2691745e+02  -3.0316435e+02   1.0000000e+00
   6.2392698e+01  -2.9439108e+02   2.0000000e+00
   2.6096084e+02   2.8824687e+02   2.0000000e+00
  -3.8689026e+02  -2.9118286e+02   2.0000000e+00
   3.4529189e+02  -1.4274308e+02   1.0000000e+00
   4.1318721e+01   2.8956959e+02   2.0000000e+00
   2.0684514e+02  -2.9682129e+02   1.0000000e+00
  -3.7746780e+02  -3.6760727e+01   2.0000000e+00
  -2.0779411e+02   2.8130316e+02   2.0000000e+00
   2.5823500e+02   1.7327897e+00   2.0000000e+00
   1.9290156e+01  -8.6476313e+01   2.0000000e+00
  -6.3326591e+01  -1.5382189e+02   2.0000000e+00
   3.3738588e+02  -5.8871558e+01   1.0000000e+00
  -1.7524866e+01   3.6469021e+02   1.0000000e+00
   1.3711497e+02  -9.7292826e+01   2.0000000e+00
  -3.4008544e+02  -2.1897721e+02   2.0000000e+00
   2.0508228e+02  -2.2514113e+02   1.0000000e+00
  -3.8554571e+02  -2.6974100e+02   2.0000000e+00
   3.6282688e+02   3.0007692e+02   1.0000000e+00
   9.9084898e+01  -1.6536394e+02   2.0000000e+00
   4.1299029e+01   1.8486053e+02   2.0000000e+00
  -2.5207069e+02  -1.5128961e+02   2.0000000e+00
  -2.9297480e+02   3.0909291e+02   2.0000000e+00
  -1.7068798e+02  -2.9425191e+02   2.0000000e+00
  -3.2902705e+02  -2.0211805e-01   2.0000000e+00
  -3.1381434e+02  -1.8986042e+02   2.0000000e+00
   2.1270223e+02  -1.5899516e+01   2.0000000e+00
  -3.0857670e+02  -8.5155000e+01   1.4000000e+00
   6.3223247e+01   2.9649125e+02   2.0000000e+00
   8.5813103e+01   3.5268588e+02   2.0000000e+00
  -2.2089437e+02   3.2180622e+02   2.0000000e+00
  -2.5967414e+01   1.7725598e+02   2.0000000e+00
   3.2450254e+02   2.3001553e+02   1.0000000e+00
  -1.9034998e+02   3.7235637e+02   2.0000000e+00
   1.7238758e+01  -1.8563138e+00   2.0000000e+00
  -2.6587264e+02   1.2561004e+02   2.0000000e+00
  -9.6379004e+00   1.5923303e+02   2.0000000e+00
  -2.6321064e+01   4.4793608e+01   2.0000000e+00
  -3.4744648e+02   1.7218185e+02   1.0000000e+00
   2.6250866e+01  -1.7193320e+02   2.0000000e+00
  -1.3637483e+02  -1.7701154e+02   1.0000000e+00
  -2.6940430e+02   3.0063804e+02   2.0000000e+00
  -2.6528898e+02  -1.5500239e+02   1.0000000e+00
   2.6094951e+02  -3.1865207e+02   1.0000000e+00
   2.8973103e+02  -1.2628042e+02   2.0000000e+00
   6.2193574e+01  -3.4752608e+02   1.0000000e+00
  -1.8940755e+02  -2.9434400e+02   2.0000000e+00
   5.3247091e+01  -2.9706746e+02   2.0000000e+00
   2.4534541e+02  -2.6440027e+02   1.0000000e+00
   2.7440806e+02  -3.0736548e+02   1.0000000e+00
  -1.2937407e+02   7.8434035e+00   2.0000000e+00
   2.7396822e+02  -1.7865875e+02   1.0000000e+00
   3.1417618e+02   3.5443484e+02   2.0000000e+00
  -2.0629226e+02   5.9086208e+01   2.0000000e+00
  -3.4771968e+02  -2.2991267e+02   2.0000000e+00
   9.3848046e+01  -1.2048489e+02   2.0000000e+00
  -1.8202203e+02  -3.0603363e+02   2.0000000e+00
  -1.0252245e+02  -2.8750187e+01   2.0000000e+00
  -7.8639922e+01  -6.5584431e+01   2.0000000e+00
  -3.2342840e+02  -2.2233176e+02   2.0000000e+00
   2.3837068e+02  -1.7395784e+01   2.0000000e+00
   7.3166426e+01  -3.3976349e+02   2.0000000e+00
  -4.6522335e+01   5.6495427e+01   2.0000000e+00
   3.3871934e+02   2.4330160e+02   1.0000000e+00
   2.2035279e+02  -1.9683866e+02   1.0000000e+00
  -1.7089819e+02  -1.4723996e+02   1.0000000e+00
  -1.7111849e+02   3.3856701e+02   2.0000000e+00
  -1.6751261e+01  -1.5619613e+02   2.0000000e+00
   2.9861282e+02  -1.3982457e+02   1.0000000e+00
  -3.5156428e+02   1.7597618e+02   1.0000000e+00
   1.3498585e+02   3.8254098e+02   1.0000000e+00
   1.7043216e+02   3.5667937e+02   2.0000000e+00
   2.2687264e+02   2.7959535e+02   2.0000000e+00
   1.0127090e+02  -1.9903479e+02   2.0000000e+00
  -3.7561293e+02  -1.3077980e+02   2.0000000e+00
   3.3399961e+02   2.3286893e+02   1.0000000e+00
   3.5241022e+02   2.4997164e+02   1.0000000e+00
   1.1861969e+01   2.4539014e+02   2.0000000e+00
  -6.5592300e+01   2.3624830e+02   2.0000000e+00
   3.1030527e+02  -4.6177535e+01   1.0000000e+00
  -1.9290049e+02  -2.4770608e+02   1.0000000e+00
   1.8697666e+02  -2.7100908e+02   1.0000000e+00
  -1.6875957e+02  -1.1941241e+02   1.0000000e+00
  -3.6213316e+02  -2.2498946e+01   1.0000000e+00
   1.7783942e+02   2.4893615e+02   1.0000000e+00
  -1.9103780e+02   6.5242866e+01   2.0000000e+00
  -3.4165893e+02  -7.4412033e+01   2.0000000e+00
   7.6249627e+01  -3.5230587e+02   1.0000000e+00
   1.3407476e+02  -1.6728381e+02   2.0000000e+00
   5.2823449e+01  -9.1873358e+01   2.0000000e+00
  -2.8737732e+00   3.5511182e+02   1.0000000e+00
   2.3099670e+02  -2.7826854e+02   1.0000000e+00
  -2.2677758e+02  -1.5288580e+02   2.0000000e+00
  -2.2484416e+02  -2.3418802e+02   2.0000000e+00
   2.1793190e+02   3.4810400e+01   2.0000000e+00
  -3.2343131e+02  -3.5065685e+02   1.0000000e+00
  -4.2726561e+01  -3.7725676e+02   2.0000000e+00
  -3.6964265e+02  -1.7671247e+02   2.0000000e+00
   1.0757598e+02   1.5083342e+02   2.0000000e+00
   1.8488439e+02  -1.6930351e+02   2.0000000e+00
   2.1937190e+02  -4.4233335e+01   2.0000000e+00
  -1.8068576e+02   6.8402825e+01   2.0000000e+00
  -2.5056538e+02   5.6544365e+01   2.0000000e+00
  -2.1335886e+01  -2.9995877e+02   2.0000000e+00
  -2.9714198e+02   1.8625957e+02   2.0000000e+00
   1.9949462e+02  -2.4101120e+02   1.0000000e+00
  -2.8849988e+02  -2.9773495e+02   2.0000000e+00
   9.4567885e+01  -1.3667759e+02   2.0000000e+00
   3.4240533e+02  -1.7750995e+02   1.0000000e+00
  -7.4417966e+01   8.7592522e+01   2.0000000e+00
   1.7517678e+02  -5.9864062e+01   2.0000000e+00
  -2.9336956e+01  -3.1435842e+02   2.0000000e+00
  -3.6848274e+02  -2.4099692e+02   2.0000000e+00
   1.2273306e+02   3.4035583e+02   2.0000000e+00
   8.2943082e+01   1.7355917e+02   2.0000000e+00
  -2.0791800e+02  -7.6716377e+00   2.0000000e+00
  -1.7485485e+02  -1.9600150e+02   1.0000000e+00
   2.5265744e+02  -2.6949765e+02   1.0000000e+00
   2.5155150e+02   1.8268343e+02   2.0000000e+00
  -1.4827939e+02   1.6969483e+02   2.0000000e+00
  -2.2281798e+02   2.6935076e+02   2.0000000e+00
   1.0723479e+02  -1.2066370e+02   2.0000000e+00
  -1.2140130e+02  -1.6154997e+02   1.0000000e+00
  -8.1489017e+00   2.9673307e+02   2.0000000e+00
   2.3696924e+02  -3.0575325e+02   1.0000000e+00
