  -3.3651963e+02   1.2131906e+02   2.0000000e+00
   1.1624436e+02   2.6800482e+02   2.0000000e+00
   3.0263998e+02  -2.5256274e+01   2.0000000e+00
  -2.1588067e+02  -3.1062312e+02   2.0000000e+00
  -3.8295214e+01  -1.4376322e+02   2.0000000e+00
   1.9230259e+02  -2.2217145e+02   2.0000000e+00
   1.3849984e+02   2.8825262e+02   2.0000000e+00
   2.3737753e+02  -5.3965722e+01   2.0000000e+00
  -1.9560804e+02   1.8451685e+02   2.0000000e+00
  -2.1815578e+02   1.4582248e+02   2.0000000e+00
   2.9347563e+02   1.9572810e+02   2.0000000e+00
  -2.8775156e+02  -9.2165490e+01   2.0000000e+00
  -1.7937256e+02   3.9062713e+01   2.0000000e+00
  -2.7958856e+02   1.0421903e+02   2.0000000e+00
   5.8952412e+01   2.6841885e+02   2.0000000e+00
   1.2712020e+02   2.0223903e+02   2.0000000e+00
  -2.4135611e+02   2.6944662e+02   2.0000000e+00
  -1.4494996e+02   7.5982656e+01   2.0000000e+00
  -2.1417773e+00   3.4656724e+02   2.0000000e+00
  -7.5986229e+01  -2.3314741e+01   2.0000000e+00
  -1.9559244e+02  -3.2836134e+02   1.0000000e+00
   7.5079164e+01   1.2415547e+02   2.0000000e+00
  -9.6107907e+01  -1.8652336e+01   2.0000000e+00
   3.2060921e+02  -8.4705692e+00   2.0000000e+00
   3.4968555e+02  -8.6040223e-01   2.0000000e+00
   2.8761429e+02   1.2178805e+01   2.0000000e+00
  -2.3161960e+02  -1.0216222e+02   2.0000000e+00
  -2.8554734e+01  -1.3941603e+02   2.0000000e+00
   2.5461958e+01   2.7383900e+02   2.0000000e+00
   2.8753813e+02   2.7861133e+02   2.0000000e+00
  -5.9734011e+00  -2.0981569e+02   2.0000000e+00
   2.9566659e+02  -1.3598456e+02   2.0000000e+00
   2.3804223e+02   2.3194997e+02   2.0000000e+00
  -7.1082862e+01  -2.0364935e+01   2.0000000e+00
   1.2801830e+02   1.7048221e+02   2.0000000e+00
   2.8094690e+02  -1.0433188e+02   1.7000000e+00
   2.7246171e+02   2.9200120e+02   2.0000000e+00
  -2.2705954e+02  -3.1272139e+02   2.0000000e+00
  -1.9802345e+02   2.0185771e+00   2.0000000e+00
   3.2118470e+02  -2.4269101e+02   2.0000000e+00
  -7.2705096e+00   2.6548552e+02   1.0000000e+00
   2.3543468e+02   8.4313789e+01   2.0000000e+00
  -7.5638868e+01  -1.3125668e+02   2.0000000e+00
   3.1491505e+02   2.3317646e+02   2.0000000e+00
   2.2469051e+02   3.7165191e+00   2.0000000e+00
  -1.0396941e+02   1.9596664e+02   2.0000000e+00
   3.3994397e+02  -1.1438357e+02   2.0000000e+00
   2.4568992e+02   7.5495236e+01   2.0000000e+00
  -3.0317357e+02   2.4033118e+02   1.0000000e+00
  -1.5484042e+01  -3.3688879e+02   2.0000000e+00
   1.0792725e+02  -9.7548000e+01   2.0000000e+00
   2.1827651e+00   2.8021762e+02   2.0000000e+00
   2.2505778e+02  -9.6503952e+01   2.0000000e+00
   1.2255416e+02   2.3070642e+02   2.0000000e+00
   1.1943994e+01  -3.5453708e+02   2.0000000e+00
  -7.3322735e+01   2.6337991e+02   2.0000000e+00
   4.0303097e+01   2.2087608e+02   2.0000000e+00
   2.0834372e+02   1.5262256e+02   2.0000000e+00
   2.4421346e+02  -1.8749336e+02   2.0000000e+00
  -3.3886579e+02  -1.2504208e+02   1.0000000e+00
  -1.6571828e+02   5.7598700e+00   2.0000000e+00
   3.4370767e+02  -2.1012112e+02   2.0000000e+00
  -1.0317054e+02   9.8339676e+00   2.0000000e+00
   2.0024190e+02   2.9999942e+02   2.0000000e+00
  -3.3248083e+01   3.2936854e+02   2.0000000e+00
   4.6523130e+00   2.4172239e+02   2.0000000e+00
   7.3861052e+01  -2.0580763e+02   2.0000000e+00
   2.8188968e+02  -3.0442637e+02   2.0000000e+00
   2.9981325e+01   3.1681373e+02   1.0000000e+00
   2.1978503e+02   3.0322254e+02   2.0000000e+00
   1.3081789e+02   3.0385253e+02   2.0000000e+00
   2.2327633e+02  -6.0025915e+01   2.0000000e+00
  -2.7957073e+02  -4.4543724e+01   2.0000000e+00
  -1.0285640e+02  -8.8396804e+01   2.0000000e+00
   2.6348584e+02   2.6622514e+02   2.0000000e+00
   1.5038310e+02   9.8945761e+01   2.0000000e+00
  -3.3292589e+02  -2.5029450e+02   2.0000000e+00
  -5.1797148e+01  -3.1967881e+02   2.0000000e+00
  -3.1180568e+02  -6.7286691e+01   1.0000000e+00
   2.3856641e+02  -5.2571174e+01   2.0000000e+00
   4.7341781e+01   1.0609024e+02   2.0000000e+00
   1.7313146e+02   2.5150852e+02   2.0000000e+00
  -2.3755855e+02  -3.1407376e+02   2.0000000e+00
  -6.0878438e+01  -1.0226870e+02   2.0000000e+00
   3.0498134e+02  -4.6483353e+01   2.0000000e+00
   6.8171076e+01  -2.5071588e+02   2.0000000e+00
   1.5577588e+02   1.8071877e+02   2.0000000e+00
   3.4374291e+02   1.2948892e+02   2.0000000e+00
   2.0191508e+02  -1.9997434e+02   2.0000000e+00
   1.3421316e+02   1.8880100e+02   2.0000000e+00
   9.0252797e+01   1.4191727e+02   2.0000000e+00
   1.9661700e+02   2.9341383e+02   2.0000000e+00
  -2.9251209e+02   2.6322906e+02   1.0000000e+00
  -2.9390608e+02   1.1307226e+01   2.0000000e+00
  -8.3731929e+01   1.9985505e+02   2.0000000e+00
  -2.9802304e+02  -1.8562977e+02   2.0000000e+00
   1.8132777e+02  -3.1001188e+02   1.0000000e+00
  -1.4644223e+02  -1.4723940e+01   2.0000000e+00
   2.5106776e+02  -3.0053645e+02   1.0000000e+00
   2.5151706e+02  -9.1606862e+01   2.0000000e+00
   5.2425158e+01   2.7915802e+02   2.0000000e+00
  -1.4767085e+01   5.7129950e+01   2.0000000e+00
  -1.2845860e+02  -8.8812693e+01   2.0000000e+00
  -2.2590734e+02   2.3391529e+02   2.0000000e+00
   3.1592732e+02  -8.3515638e+01   2.0000000e+00
  -5.4573931e+01   1.6345666e+02   2.0000000e+00
  -1.5745266e+02   3.0547120e+02   2.0000000e+00
   2.8508646e+02  -5.4543220e+01   2.0000000e+00
  -5.3982689e+01  -2.7009532e+02   2.0000000e+00
  -1.7635201e+02   2.7912510e+02   2.0000000e+00
  -1.7705256e+01  -1.8434672e+01   1.0000000e+00
  -1.6566831e+02   2.6527125e+02   2.0000000e+00
  -1.7515590e+02  -2.6171586e+02   2.0000000e+00
  -4.8377320e+00   2.8664755e+02   2.0000000e+00
   3.2405454e+02   1.4408950e+02   2.0000000e+00
   2.0434512e+02   2.2475428e+02   2.0000000e+00
  -3.3461690e+02   8.8818999e+01   2.0000000e+00
  -1.0005510e+02   5.8259196e+01   2.0000000e+00
  -2.9711592e+02   1.0993297e+02   2.0000000e+00
  -6.9602689e+01   1.4993267e+02   2.0000000e+00
  -2.8829832e+02  -1.4130459e+02   2.0000000e+00
   2.5688262e+02   3.0723274e+02   2.0000000e+00
  -2.4981646e+02   2.7836395e+02   2.0000000e+00
   3.9965059e+00   2.4311681e+02   2.0000000e+00
   2.5996995e+02   2.9370644e+02   2.0000000e+00
  -1.0243335e+02   3.8489521e+01   2.0000000e+00
  -2.4878087e+01  -2.9816200e+02   2.0000000e+00
   1.5682671e+02   9.4472456e+01   2.0000000e+00
   1.3900441e+02  -1.7214518e+02   2.0000000e+00
  -1.1965621e+02  -3.4849629e+01   2.0000000e+00
   1.8408981e+02  -2.0777327e+02   2.0000000e+00
   1.8629608e+02   1.1119331e+02   2.0000000e+00
  -2.3396479e+02  -1.0035617e+02   2.0000000e+00
  -2.4106787e+02  -1.8619405e+02   2.0000000e+00
  -3.2894749e+02   1.3792680e+02   2.0000000e+00
   1.8183780e+02  -2.4352696e+02   2.0000000e+00
   2.6240888e+02  -2.5969957e+02   2.0000000e+00
  -1.9381781e+02   2.9931669e+02   2.0000000e+00
  -2.3427054e+02  -3.3490544e+02   2.0000000e+00
  -2.6167117e+02   2.2390665e+02   2.0000000e+00
   3.3867482e+02  -6.6918962e+01   2.0000000e+00
  -2.2182677e+02   2.3057685e+02   2.0000000e+00
  -3.1981294e+02  -2.8057595e+02   2.0000000e+00
   1.0476640e+02  -9.2738023e+01   2.0000000e+00
  -1.1201932e+02   9.4472092e+01   2.0000000e+00
   1.3626996e+02  -2.6093243e+02   2.0000000e+00
   2.0005993e+01   1.2368764e+02   2.0000000e+00
   5.1137021e+01  -8.0118304e+01   2.0000000e+00
   6.8539418e+01   1.7591427e+02   2.0000000e+00
  -2.5510059e+02   1.6924411e+02   2.0000000e+00
  -3.0720629e+02  -2.6276757e+02   2.0000000e+00
  -1.9303607e+01   2.7509429e+02   1.4000000e+00
  -2.6205317e+02   1.2884476e+01   2.0000000e+00
  -3.0567472e+02   2.3113467e+01   2.0000000e+00
  -1.3103956e+02  -1.9199624e+01   2.0000000e+00
  -2.7418148e+02   1.9624563e+02   2.0000000e+00
   1.9412269e+02  -2.1053001e+02   2.0000000e+00
   5.3211659e+01   1.2494465e+02   2.0000000e+00
  -3.3733317e+02  -2.6463040e+02   2.0000000e+00
   2.3709843e+02  -2.0067819e+02   2.0000000e+00
  -3.0471026e+02   2.3330517e+02   1.0000000e+00
  -3.0275330e+02  -7.3580989e+00   2.0000000e+00
   9.3589235e+01  -1.2551626e+02   1.0000000e+00
   2.0939264e+02  -2.8973158e+02   2.0000000e+00
  -3.3127197e+02   1.4881969e+02   2.0000000e+00
   1.9815633e+02  -1.4342936e+02   2.0000000e+00
  -1.5506147e+02   1.0256109e+02   2.0000000e+00
  -2.0452811e+02  -1.2446831e+02   2.0000000e+00
  -1.5891417e+02  -3.0246104e+02   2.0000000e+00
   3.2763191e+02  -4.9203428e+01   1.0000000e+00
  -6.3148872e+01  -9.5720970e+01   2.0000000e+00
   1.8412319e+02  -2.8796566e+02   2.0000000e+00
  -9.6821512e+00  -1.1822588e+02   2.0000000e+00
  -2.8682278e+02  -2.9790301e+02   1.0000000e+00
   2.5846052e+02   2.4862743e+02   2.0000000e+00
  -1.9948150e+02  -2.5368181e+02   2.0000000e+00
   2.3094820e+02   2.5112616e+02   2.0000000e+00
  -1.4851599e+02  -2.7394162e+02   2.0000000e+00
  -2.5503277e+02   9.7447861e+00   2.0000000e+00
   1.1537107e+02  -2.3174694e+02   2.0000000e+00
  -1.8988294e+02  -1.1726692e+02   2.0000000e+00
  -1.5142608e+02  -2.3992382e+02   2.0000000e+00
   1.4448549e+02  -2.4263050e+02   2.0000000e+00
  -1.7323466e+02   1.3616030e+02   2.0000000e+00
   8.9963343e+01  -2.3343963e+02   2.0000000e+00
  -7.7441002e+01   1.4630895e+02   2.0000000e+00
  -1.1011106e+02  -1.0734053e+02   2.0000000e+00
   3.1854159e+02   2.2398064e+02   2.0000000e+00
  -2.7323904e+02   2.2784156e+02   2.0000000e+00
   9.1690868e+01  -7.6964066e+01   2.0000000e+00
   3.5072156e+02  -2.7068860e+02   2.0000000e+00
   1.0615034e+02   4.7929405e+01   2.0000000e+00
  -3.3149926e+02  -7.9439890e+01   1.0000000e+00
  -2.7508181e+02  -3.0725396e+02   1.0000000e+00
  -3.2789787e+02  -1.7475854e+02   2.0000000e+00
   2.1158362e+02   1.0904790e+02   2.0000000e+00
  -1.2434960e+02  -8.2786987e+01   2.0000000e+00
  -3.1418719e+02   1.5603516e+02   2.0000000e+00
  -9.7643869e+01  -9.7348412e+01   2.0000000e+00
  -2.7609694e+02  -2.2194852e+02   2.0000000e+00
   1.7063626e+02  -9.3762859e+01   2.0000000e+00
  -8.0952575e+01   1.9408886e+02   2.0000000e+00
  -2.4487825e+02   3.0107026e+02   2.0000000e+00
  -6.1154518e+01  -2.9460994e+01   2.0000000e+00
   1.1691310e+02   1.6354123e+02   2.0000000e+00
   1.2274908e+02  -8.1831051e+01   2.0000000e+00
  -2.6744977e+02   6.2981286e+01   2.0000000e+00
   2.8432885e+02  -1.8880285e+02   2.0000000e+00
  -8.7874232e+00  -2.1773758e+02   2.0000000e+00
  -2.9230372e+02   7.2158917e+01   2.0000000e+00
   2.1232782e+02  -2.7403735e+02   2.0000000e+00
   1.3631894e+02  -2.2010853e+02   2.0000000e+00
   1.1245430e+01  -2.7286279e+02   2.0000000e+00
  -2.6481229e+02   2.3043864e+02   2.0000000e+00
  -2.0127048e+02  -2.9650256e+02   1.0000000e+00
  -3.6197604e+01   3.3352222e+02   2.0000000e+00
   7.6367912e+01  -2.3959690e+02   2.0000000e+00
   1.0501129e+02  -1.2260763e+02   1.0000000e+00
  -1.0329698e+02  -2.8784896e+02   2.0000000e+00
  -9.7430006e+01  -5.9954048e+01   2.0000000e+00
   8.1785612e+01   1.2757185e+02   2.0000000e+00
   2.1883860e+02  -1.9534204e+02   2.0000000e+00
   1.2662610e+02   6.0134332e+01   2.0000000e+00
  -3.2668560e+02   6.3160637e+01   2.0000000e+00
   1.4445460e+02  -2.6938257e+02   2.0000000e+00
  -2.8821653e+02   2.6108580e+02   1.0000000e+00
  -1.5389115e+02  -2.0930471e+02   2.0000000e+00
  -6.9605595e+01  -2.0342077e+01   2.0000000e+00
  -8.9806229e+01  -3.4461380e+01   2.0000000e+00
  -1.7287329e+02  -2.0192758e+02   2.0000000e+00
  -7.6198480e+01  -2.1084330e+02   2.0000000e+00
   4.4131197e+01  -3.3843556e+02   2.0000000e+00
  -2.8939011e+02  -1.1786481e+01   2.0000000e+00
  -2.7757034e+02   6.7672235e+01   2.0000000e+00
  -3.4258964e+02   1.3333787e+02   2.0000000e+00
   2.9186321e+02   2.1392545e+02   2.0000000e+00
  -2.3223944e+02   2.1179684e+02   2.0000000e+00
   3.1890902e+02   6.4983675e+01   2.0000000e+00
   3.5853449e+01   2.1605844e+02   2.0000000e+00
   9.4731476e+01  -6.6932881e+01   2.0000000e+00
  -2.4789697e+02  -6.7461407e+01   2.0000000e+00
   2.1830706e+02  -1.8389816e+02   2.0000000e+00
  -3.8126706e+01   4.9921319e+01   2.0000000e+00
   2.0559266e+02  -4.6498321e+01   2.0000000e+00
  -1.7579768e+02   3.1215429e+02   2.0000000e+00
  -7.6966647e+01   1.4892669e+02   2.0000000e+00
   3.4261949e+02  -7.0271584e+01   1.0000000e+00
   3.9248410e+01  -5.6322177e+01   2.0000000e+00
   1.3639779e+02  -9.7539386e+01   2.0000000e+00
  -2.8489679e+02   2.0744184e+02   1.0000000e+00
   9.3133918e+01  -2.3953976e+02   2.0000000e+00
   3.2001575e+02  -2.1431703e+02   2.0000000e+00
   4.3910512e+01  -1.6313901e+01   2.0000000e+00
   7.9609281e+01  -2.8494781e+02   1.0000000e+00
  -3.3623953e+02  -6.9243447e+01   1.0000000e+00
   2.8007322e+02  -1.0359671e+02   2.0000000e+00
  -2.6121657e+02   5.1616906e+01   2.0000000e+00
   1.3345631e+02   2.8718674e+02   2.0000000e+00
  -7.3873058e+01   4.9422893e+01   1.0000000e+00
   9.9797666e+00  -2.8900450e+02   2.0000000e+00
  -6.4596700e+01   3.0738793e+02   2.0000000e+00
  -2.9396096e+02  -9.3226109e+01   2.0000000e+00
  -2.5548461e+02   2.9009486e+02   2.0000000e+00
   1.0943234e+02   1.0517254e+02   2.0000000e+00
   1.3906573e+02  -2.6613414e+02   2.0000000e+00
   2.7505206e+02  -8.8080898e+01   1.6000000e+00
   1.2278888e+02   9.4894680e+01   2.0000000e+00
   2.7497550e+02  -1.5733913e+02   2.0000000e+00
   8.1426790e+01   2.6341204e+01   2.0000000e+00
  -9.2446034e+01   3.4723966e+02   2.0000000e+00
   9.4519082e+00   2.6251102e+01   1.0000000e+00
  -1.1743252e+02   8.3954437e+01   2.0000000e+00
  -2.0314826e+02   1.5525584e+02   2.0000000e+00
   7.4237575e+01  -1.9282728e+02   2.0000000e+00
   2.2782420e+02  -7.6137801e-01   2.0000000e+00
  -1.0343568e+02  -2.1299713e+02   2.0000000e+00
   1.8527552e+02  -2.8004120e+02   2.0000000e+00
  -2.4125997e+02  -2.4751520e+02   2.0000000e+00
  -7.1000339e+01   2.7152122e+02   2.0000000e+00
   1.7517794e+02  -2.3265621e+02   2.0000000e+00
  -5.8963966e+01   1.4330622e+02   2.0000000e+00
  -1.4638025e+02   1.6116213e+02   2.0000000e+00
   1.5943047e+02  -1.9465185e+02   2.0000000e+00
   1.3342070e+02   1.1166721e+02   2.0000000e+00
  -1.5784186e+02   1.2119575e+01   2.0000000e+00
   1.7932302e+02   2.3218941e+02   2.0000000e+00
  -4.4098611e+01  -2.7269139e+02   2.0000000e+00
  -1.5398910e+02   1.6216561e+02   2.0000000e+00
   3.1010781e+02   2.1279704e+02   2.0000000e+00
  -2.6613446e+02   1.8408169e+01   2.0000000e+00
   2.4609578e+02  -8.7361932e+00   2.0000000e+00
  -3.4309269e+02   4.3961277e+01   2.0000000e+00
  -3.0362589e+02   2.9666170e+02   1.0000000e+00
   3.8230667e+00   2.4732824e+02   2.0000000e+00
   1.8403915e+02   1.8140824e+02   2.0000000e+00
   2.3606216e+02  -8.0903719e+01   2.0000000e+00
   8.1885190e+01   1.3708568e+02   2.0000000e+00
  -1.3160355e+02  -1.4057076e+02   2.0000000e+00
  -2.6596774e+02   2.3531603e+02   2.0000000e+00
   3.4741083e+02   4.6110879e+01   2.0000000e+00
  -3.1717880e+02  -1.8525941e+02   2.0000000e+00
  -1.9548606e+00   6.3077923e+01   2.0000000e+00
  -2.4806547e+02   2.3219426e+02   2.0000000e+00
  -3.1634457e+02  -1.9955681e+02   2.0000000e+00
   3.3947267e+02  -8.0567158e+01   2.0000000e+00
  -2.6764843e+02   5.4018776e+01   2.0000000e+00
  -2.8392832e+00   1.0665874e+02   2.0000000e+00
  -2.0894151e+02   1.4106444e+02   2.0000000e+00
   1.3939666e+02  -6.2976906e+01   2.0000000e+00
   1.6567504e+02  -1.2440816e+02   2.0000000e+00
  -2.9321502e+02   2.9313208e+02   1.0000000e+00
  -1.3240451e+02   3.0087644e+02   2.0000000e+00
  -2.2528956e+02  -2.5648842e+02   2.0000000e+00
   3.3123956e+01   7.3885910e+01   2.0000000e+00
  -1.9667770e+02  -1.1316550e+02   2.0000000e+00
   1.0354010e+02   1.0292187e+02   2.0000000e+00
   1.4844261e+02   8.8027858e+01   2.0000000e+00
  -1.1100104e+02   4.1959814e+01   2.0000000e+00
   1.3503579e+01  -3.5578933e+02   2.0000000e+00
  -2.0158415e+02   2.4017365e+02   2.0000000e+00
  -8.9917061e+01   2.4977858e+02   2.0000000e+00
   1.7150858e+02  -4.5940636e+01   2.0000000e+00
  -1.6936377e+02   1.2058796e+02   2.0000000e+00
   1.3458605e+02   2.9109280e+02   2.0000000e+00
  -2.2196870e+02   1.5581508e+02   2.0000000e+00
  -6.1435578e+00   3.9730129e+01   2.0000000e+00
  -9.2335573e+01   2.1361527e+02   2.0000000e+00
   4.1595852e+01   2.5180642e+02   2.0000000e+00
   2.5161156e+02  -2.3490246e+02   2.0000000e+00
   3.1698819e+01   2.3697572e+02   2.0000000e+00
   3.6542133e+01   2.6875028e+02   2.0000000e+00
  -3.1338006e+02  -2.6890379e+02   2.0000000e+00
  -2.5566377e+02   2.5491949e+02   2.0000000e+00
   2.9390163e+02   3.1968766e+02   2.0000000e+00
   5.1804612e+01   5.9004046e+01   1.9000000e+00
   3.4450667e+02   4.6158622e+01   2.0000000e+00
  -2.5702530e+02  -2.2546345e+02   2.0000000e+00
   2.1332910e+02   2.2014512e+02   2.0000000e+00
  -2.6507367e+02  -1.4984234e+02   2.0000000e+00
   3.4729221e+02  -2.1145626e+02   2.0000000e+00
  -1.0115654e+02   6.0451538e+01   2.0000000e+00
  -1.3247702e+02  -1.2762187e+02   1.0000000e+00
   2.6357374e+01   2.5115072e+02   2.0000000e+00
   3.3667927e+02   1.3378832e+02   2.0000000e+00
  -9.6371288e+01   2.7103827e+02   2.0000000e+00
   8.5906105e+01  -1.2886918e-01   2.0000000e+00
  -2.5486907e+02  -1.5833296e+02   2.0000000e+00
  -3.0615251e+02   1.3223197e+02   2.0000000e+00
   2.8809682e+02   8.4986271e+00   2.0000000e+00
   7.3923553e+01  -1.0938601e+01   2.0000000e+00
   1.3445648e+02   2.6315483e+02   2.0000000e+00
   1.1599993e+02  -2.3532622e+02   2.0000000e+00
  -2.5319084e+02  -1.0988908e+02   2.0000000e+00
   3.1677167e+02   1.3460838e+01   2.0000000e+00
  -1.3118725e+02  -4.7109774e+01   2.0000000e+00
  -1.7158387e+02   7.3344160e+01   2.0000000e+00
  -3.0628552e+02   1.3559202e+02   2.0000000e+00
   5.1338335e+00   2.6757254e+01   1.5000000e+00
   1.9139391e+02  -1.4882620e+02   2.0000000e+00
   2.3581724e+02  -2.4230609e+02   2.0000000e+00
  -4.0454476e+01  -1.3485594e+02   2.0000000e+00
   1.7939258e+02   2.9589040e+02   2.0000000e+00
   5.5274395e+01   1.5106461e+02   2.0000000e+00
   2.9839162e+01   5.0356957e+01   2.0000000e+00
  -2.0682756e+02  -2.8196978e+01   2.0000000e+00
   2.1751905e+02  -3.1337325e+02   1.0000000e+00
  -2.0262788e+02  -2.9699762e+01   2.0000000e+00
  -4.8547002e+01   1.8299373e+02   2.0000000e+00
  -3.3920531e+02  -1.1076933e+02   1.0000000e+00
   1.8520609e+02   3.0231069e+02   2.0000000e+00
  -1.7749473e+02   2.7628959e+02   2.0000000e+00
  -8.9255963e+01   9.1895719e+00   2.0000000e+00
   1.8614843e+02   1.4649536e+02   2.0000000e+00
  -2.4380620e+01  -1.2071741e+02   2.0000000e+00
  -2.4509619e+02  -3.0540017e+02   2.0000000e+00
  -2.9055496e+02   2.1694023e+02   1.0000000e+00
   1.7129576e+01   8.1871489e+01   2.0000000e+00
  -2.5629265e+02  -3.1385489e+02   1.0000000e+00
   2.7313444e+02  -3.1893464e+02   1.0000000e+00
  -2.3282137e+02   1.5648163e+02   2.0000000e+00
   2.4901993e+02  -9.1044387e+01   2.0000000e+00
   8.7458251e+01  -2.4398981e+02   2.0000000e+00
   2.3733357e+02  -2.9478565e+02   1.0000000e+00
  -2.6568491e+01   1.4959178e+02   2.0000000e+00
   1.0948806e+02   3.2195945e+02   2.0000000e+00
  -1.0587059e+02  -3.1440396e+02   1.0000000e+00
   3.1594715e+01   1.3420858e+02   2.0000000e+00
  -1.0033596e+02  -2.7604500e+02   2.0000000e+00
   1.4456049e+02  -2.9994536e+02   1.0000000e+00
   3.0108242e+02  -3.0215731e+02   2.0000000e+00
  -2.5978485e+02   2.2573442e+02   2.0000000e+00
  -3.9169094e+01   4.8696197e+01   2.0000000e+00
   1.8821107e+02  -2.0713161e+02   2.0000000e+00
  -3.2528688e+00   3.4569093e+02   2.0000000e+00
   1.1488427e+02   2.2146696e+02   1.0000000e+00
   1.7038491e+02  -5.5368757e+01   2.0000000e+00
   2.8037161e+01   5.8066303e+01   2.0000000e+00
   2.8129281e+02  -1.0164847e+02   2.0000000e+00
  -1.0330244e+02   1.6851496e+02   2.0000000e+00
   2.8202998e+02  -9.9373478e+01   2.0000000e+00
  -3.0600653e+02   2.2042123e+02   1.0000000e+00
   3.0511946e+02  -1.5881849e+02   2.0000000e+00
  -2.7162888e+02  -4.9870409e+01   2.0000000e+00
   1.9329814e+02   6.3912542e+01   2.0000000e+00
  -2.0768543e+01   3.4537347e+02   2.0000000e+00
  -2.1733282e+02  -2.7865539e+02   2.0000000e+00
   3.4719168e+00  -3.7615605e+01   2.0000000e+00
   2.7432684e+02  -8.4336775e+01   2.0000000e+00
  -3.2771687e+02   3.8790394e+01   2.0000000e+00
   2.8344499e+02  -2.7083568e+02   2.0000000e+00
  -3.2476353e+02  -1.3276560e+02   1.0000000e+00
   1.6576985e+01   7.5657980e+01   2.0000000e+00
  -3.3041582e+01  -2.5754386e+02   2.0000000e+00
  -5.5542728e+01   7.5488496e+00   2.0000000e+00
   1.5710617e+02   2.1461545e+02   2.0000000e+00
  -2.6021732e+02  -2.9071336e+02   2.0000000e+00
  -7.2004186e+01   6.5067937e+01   1.0000000e+00
  -1.0894794e+02  -6.8794569e+01   2.0000000e+00
   1.3900434e+02  -2.9532563e+02   1.0000000e+00
  -1.5291627e+02   1.6779103e+02   2.0000000e+00
   2.5374287e+02   1.2656884e+02   2.0000000e+00
  -6.8679632e+01  -8.1278257e+01   2.0000000e+00
   2.0084717e+01   2.4172274e+02   2.0000000e+00
   6.4327114e+00   5.8405758e+01   2.0000000e+00
   3.6521746e+01   2.7389975e+01   2.0000000e+00
   7.5634096e+01   1.3030514e+02   2.0000000e+00
   1.5345234e+02   3.2378964e+01   2.0000000e+00
   1.6582185e+01   2.5120524e+02   2.0000000e+00
  -3.2228049e+02   1.4916031e+02   2.0000000e+00
   2.6792264e+02   2.5528442e+02   2.0000000e+00
   1.4688490e+02  -7.9913172e+01   2.0000000e+00
  -2.3165754e+02  -2.7266537e+02   2.0000000e+00
   2.1973806e+02   3.1109391e+02   2.0000000e+00
   2.3771138e+02   1.8221101e+02   2.0000000e+00
  -9.9928339e+00  -2.0332370e+02   2.0000000e+00
  -3.2873921e+02  -1.9435079e+02   2.0000000e+00
  -1.1397072e+02   3.3080026e+02   2.0000000e+00
  -1.2831355e+02   2.7035677e+02   2.0000000e+00
   8.3832304e+01  -2.4437984e+01   2.0000000e+00
   1.5758483e+02   4.4702797e+01   2.0000000e+00
  -2.1822819e+02   2.6872523e+02   2.0000000e+00
  -5.0742964e+01   7.4870076e+01   2.0000000e+00
  -3.0050423e+02   1.0215764e+02   2.0000000e+00
   1.2064945e+01  -3.1708604e+01   2.0000000e+00
   3.1147387e+02  -1.9472271e+02   2.0000000e+00
  -9.5817765e+01   7.1390708e+01   2.0000000e+00
   5.1575396e+01  -2.8239309e+01   2.0000000e+00
   2.6365394e+02  -2.5724660e+02   2.0000000e+00
  -1.0747194e+02   1.9722292e+02   2.0000000e+00
   2.0500969e+02  -3.0378940e+02   2.0000000e+00
  -6.0321282e+00  -1.1981794e+02   2.0000000e+00
   1.9295450e+02  -1.8046069e+02   2.0000000e+00
  -2.8698956e+02  -2.3538419e+02   1.0000000e+00
  -1.3966646e+02   5.5813065e+01   2.0000000e+00
   1.9313815e+02  -1.7848126e+02   2.0000000e+00
  -3.2418313e+02  -1.2239448e+02   2.0000000e+00
  -9.5300398e+01  -3.6612710e+01   2.0000000e+00
   2.3217000e+02  -3.0849760e+02   1.0000000e+00
   3.5388856e+02   4.8556547e+01   2.0000000e+00
   3.1891706e+02  -1.6337547e+02   2.0000000e+00
   2.8008551e+02  -1.6396342e+02   2.0000000e+00
  -4.1324345e+01  -1.5309460e+02   2.0000000e+00
  -1.3958296e+02  -2.4408710e+02   2.0000000e+00
  -1.7640596e+02  -1.6581613e+02   2.0000000e+00
  -3.2681047e+02  -1.3535211e+02   1.0000000e+00
  -2.3593637e+01   1.7505740e+02   2.0000000e+00
  -2.5327658e+02  -2.0949040e+02   2.0000000e+00
  -1.6731691e+02  -2.8879046e+02   2.0000000e+00
   1.2382219e+02   2.5954354e+02   2.0000000e+00
  -3.1580687e+02  -1.0753310e+02   2.0000000e+00
   1.1483573e+02  -1.8494879e+02   2.0000000e+00
  -1.2387861e+02   2.0556527e+02   2.0000000e+00
   1.3480160e+02   2.7986421e+02   2.0000000e+00
   1.3168379e+02   4.0226002e+01   2.0000000e+00
  -9.6484245e+00  -3.2271567e+02   2.0000000e+00
   1.4354481e+02  -2.1282595e+02   2.0000000e+00
  -4.4897317e+01  -1.1590737e+00   2.0000000e+00
  -1.3194201e+02  -1.3070869e+02   1.0000000e+00
  -1.8067094e+02  -2.2209862e+02   2.0000000e+00
  -1.0163815e+02   6.0625982e+01   2.0000000e+00
   2.4872372e+02   1.3126901e+02   2.0000000e+00
  -2.3800157e+02  -9.8068713e+01   2.0000000e+00
   2.8370433e+01  -1.0318189e+02   2.0000000e+00
   4.2543645e+01   2.3218090e+02   2.0000000e+00
   5.3348129e+00  -2.8446207e+02   2.0000000e+00
   1.1216153e+02   2.6049377e+01   2.0000000e+00
  -2.9913351e+02   2.9043402e+02   1.0000000e+00
   6.7283763e+01  -8.7729500e+00   2.0000000e+00
   2.3471261e+02   1.5071202e+02   2.0000000e+00
  -2.3804677e+02  -1.2451173e+02   2.0000000e+00
  -7.2499616e+01   2.9395233e+02   2.0000000e+00
  -1.4665965e+02   2.3125973e+02   2.0000000e+00
  -1.7767268e+02   3.7919748e+01   2.0000000e+00
   2.9585396e+02   8.0769232e+01   2.0000000e+00
   6.3284492e+01  -1.2598674e+02   2.0000000e+00
  -2.8103659e+02   1.5966181e+01   2.0000000e+00
   2.8433831e+02  -1.2705006e+02   2.0000000e+00
  -2.5261236e+02  -2.0792154e+02   2.0000000e+00
  -1.7988618e+02   8.2890526e+01   2.0000000e+00
   1.7888907e+02  -5.1482390e+01   2.0000000e+00
   2.2289312e+02   4.1080010e+01   2.0000000e+00
  -2.9227682e+02  -3.0307586e+02   1.0000000e+00
   1.0882009e+02  -1.2574182e+02   1.0000000e+00
   9.1916337e+01  -1.7674791e+02   2.0000000e+00
   3.2301342e+02  -1.6088758e+02   2.0000000e+00
  -2.7844229e+02  -3.2683185e+02   1.0000000e+00
  -2.0871089e+02   1.2814610e+02   2.0000000e+00
  -2.1867823e+02   2.6924777e+02   2.0000000e+00
   3.1815179e+02  -1.2719230e+01   2.0000000e+00
  -3.0133692e+02  -2.6393251e+02   2.0000000e+00
  -4.4681667e+01   1.4083280e+02   2.0000000e+00
   1.3552089e+01  -1.5758608e+01   2.0000000e+00
   1.2900658e+02   3.0353391e+02   2.0000000e+00
  -2.9607699e+02  -3.3436635e+02   1.0000000e+00
  -2.8555186e+02   2.8826305e+01   2.0000000e+00
   3.1725404e+01   2.5247644e+01   1.5000000e+00
   9.3984782e+01   2.1660228e+02   1.0000000e+00
   2.0664953e+02  -3.9098745e+00   1.0000000e+00
   1.4807329e+02  -1.9136534e+02   2.0000000e+00
  -2.7177288e+02  -1.1537236e+02   2.0000000e+00
   2.3403948e+02  -7.9557283e+01   2.0000000e+00
   2.5903542e+02  -2.8514039e+02   1.0000000e+00
  -2.0014417e+02  -2.3924110e+02   2.0000000e+00
  -1.3144796e+02  -2.9090848e+02   2.0000000e+00
  -4.1592582e+01  -1.5366926e+02   2.0000000e+00
   1.4569752e+02  -1.0329287e+02   2.0000000e+00
   2.9974638e+02  -2.1321928e+02   1.0000000e+00
   9.8514509e+01   9.5834271e+01   2.0000000e+00
   3.1065722e+02   3.0611582e+02   2.0000000e+00
  -7.3727984e+01  -1.3021005e+01   2.0000000e+00
   2.2399053e+02   1.0540798e+02   2.0000000e+00
   1.7904609e+02  -1.8869232e+02   2.0000000e+00
  -2.0699044e+01   1.7422748e+02   2.0000000e+00
   6.4182916e+00   2.7306558e+02   2.0000000e+00
   1.7331905e+02  -2.4928223e+02   2.0000000e+00
  -1.7421036e+02   1.3988647e+02   2.0000000e+00
   2.4689147e+02   1.8392621e+02   2.0000000e+00
   2.7215528e+02   8.4047935e+01   2.0000000e+00
   1.3817310e+02  -2.2248093e+02   2.0000000e+00
   2.0584247e+02   2.3058445e+02   2.0000000e+00
  -2.8842498e+02  -3.2271776e+02   1.0000000e+00
   2.2998838e+02   1.6993976e+01   2.0000000e+00
  -4.4488321e+00   1.6029233e+02   2.0000000e+00
  -3.0073565e+02  -9.1892245e+01   2.0000000e+00
  -2.2688161e+02   2.9520735e+02   2.0000000e+00
  -1.9784067e+02   1.1419868e+02   2.0000000e+00
  -2.2588937e+02  -1.0548115e+02   2.0000000e+00
   3.5000310e+00   2.9750724e+02   2.0000000e+00
  -2.0580878e+02  -1.8710722e+02   2.0000000e+00
  -2.0096022e+02  -2.2187767e+02   2.0000000e+00
  -8.4488863e+01   3.4474047e+02   2.0000000e+00
   2.0873958e+02  -4.9941201e+01   2.0000000e+00
  -1.4467210e-01   2.8233659e+02   2.0000000e+00
  -1.8855358e+02   2.3723104e+02   2.0000000e+00
  -3.1875972e+02   7.2438174e+01   2.0000000e+00
   8.6407838e+01   3.4301561e+01   2.0000000e+00
  -2.7726404e+02  -3.2923438e+02   1.0000000e+00
   3.2495027e+02  -1.6672817e+02   2.0000000e+00
  -2.4164139e+02  -2.4520480e+01   2.0000000e+00
   2.4750953e+02  -1.9456771e+02   2.0000000e+00
  -1.9544095e+02  -1.8011016e+02   2.0000000e+00
   8.0467588e+01  -1.6677423e+02   1.0000000e+00
  -1.9831666e+00  -2.0158689e+02   2.0000000e+00
  -5.4706314e+01  -2.5681998e+02   2.0000000e+00
  -3.1716149e+01  -2.8428199e+02   2.0000000e+00
  -2.4710140e+02   2.3197174e+02   2.0000000e+00
  -6.9323518e+01   8.2876722e+01   1.0000000e+00
   2.6119318e+00   6.9601210e+01   2.0000000e+00
   2.7247096e+02  -2.6720782e+02   2.0000000e+00
  -8.8893360e+01  -4.2486557e+01   2.0000000e+00
  -1.3783252e+02  -3.1322796e+01   2.0000000e+00
   6.7490069e+01   2.6085380e+02   2.0000000e+00
  -3.5175549e+01  -2.5200543e+02   2.0000000e+00
  -2.1656494e+02   1.7265096e+02   2.0000000e+00
   2.9993510e+02  -7.5744020e+00   2.0000000e+00
   1.7780863e+02  -2.7078825e+02   2.0000000e+00
   2.9238110e+02  -3.1696341e+02   2.0000000e+00
  -2.1369400e+00  -2.1085087e+02   2.0000000e+00
  -2.4875537e+02  -1.2202872e+02   2.0000000e+00
   3.6042131e+01  -1.1818989e+02   2.0000000e+00
   2.7029934e+02   1.5210535e+02   2.0000000e+00
  -1.4426931e+02   1.0418977e+02   2.0000000e+00
   1.2799870e+02   2.8153200e+02   2.0000000e+00
   2.8861603e+02  -2.1405875e+02   2.0000000e+00
  -1.9541670e+02   1.7225509e+02   2.0000000e+00
  -5.9284582e+01   6.0830683e+01   1.0000000e+00
   2.1615547e+02   1.8891293e+02   2.0000000e+00
  -1.5285604e+02  -6.1416000e+01   2.0000000e+00
  -2.3247162e+02  -8.3387388e+01   2.0000000e+00
  -3.3368437e+02   1.4708228e+02   2.0000000e+00
   1.9054425e+02  -2.8851040e+02   2.0000000e+00
   1.1022807e+02   6.1383895e+01   1.0000000e+00
   1.7808917e+02   3.6724057e+01   2.0000000e+00
  -1.9523267e+02  -1.3749824e+02   2.0000000e+00
  -1.7015242e+02  -1.7026103e+02   2.0000000e+00
  -2.5948646e+02  -2.0022077e+02   2.0000000e+00
  -9.1061787e+01   3.4041725e+02   2.0000000e+00
   2.6399957e+02   2.7613892e+02   2.0000000e+00
   2.8120483e+02   2.9244693e+02   2.0000000e+00
  -2.9768706e+02   4.8945822e+01   2.0000000e+00
  -1.5284692e+02   7.1701280e+00   2.0000000e+00
  -2.3004370e+02   1.7947407e+02   2.0000000e+00
  -3.2888236e+02   3.8269806e+01   2.0000000e+00
   1.5576184e+02  -2.4836507e+02   2.0000000e+00
  -1.5777093e+02   2.7044386e+02   2.0000000e+00
   6.8829112e+01  -2.7286568e+02   1.0000000e+00
  -2.1143328e+02   2.7552970e+02   2.0000000e+00
  -1.1268135e+02  -2.4695482e+02   2.0000000e+00
   1.1038522e+02   3.1435094e+02   2.0000000e+00
  -2.6515054e+02   3.6681870e+01   2.0000000e+00
   1.3463797e+02  -2.8678034e+02   1.0000000e+00
   2.1721387e+02   3.1450558e+02   2.0000000e+00
   2.5491338e+02   2.8499147e+02   2.0000000e+00
  -2.7433960e+02   2.5659765e+02   2.0000000e+00
  -2.2604153e+02  -2.8517383e+02   2.0000000e+00
  -2.9938214e+02   2.1864370e+02   1.0000000e+00
  -1.9745410e+02   1.1412076e+02   2.0000000e+00
  -3.1477227e+01  -3.3955548e+02   2.0000000e+00
   1.4293022e+02  -1.9013266e+02   2.0000000e+00
  -2.3464611e+02   2.9085327e+02   2.0000000e+00
   8.5738482e+01  -2.6532360e+02   2.0000000e+00
  -2.9611739e+02   1.1712221e+02   2.0000000e+00
   1.5048556e+02  -2.7687342e+02   1.0000000e+00
  -3.1819898e+02  -2.6043187e+02   2.0000000e+00
  -5.9276498e+01  -2.2799193e+02   2.0000000e+00
  -5.4684128e+01   1.7552135e+02   2.0000000e+00
   2.9421480e+02   2.1036601e+02   2.0000000e+00
  -2.4761597e+02  -3.0155621e+02   2.0000000e+00
  -8.7946156e+01  -2.3059476e+02   2.0000000e+00
  -6.7561547e+01  -1.2336574e+02   2.0000000e+00
   1.7130070e+02  -6.2832293e+01   1.0000000e+00
   1.7284205e+02  -9.6624767e+01   2.0000000e+00
   3.1147052e+02  -4.1916371e+01   2.0000000e+00
  -2.0577888e+02  -1.3620515e+02   2.0000000e+00
  -1.8648391e+02  -1.1549218e+02   2.0000000e+00
   2.0949705e+02  -3.0407864e+02   2.0000000e+00
  -4.5680708e+01   1.4655569e+02   2.0000000e+00
  -3.2309671e+01  -1.2204772e+02   2.0000000e+00
   1.2013640e+02   2.8776705e+02   2.0000000e+00
   5.5203773e+01   5.3244247e+01   1.9000000e+00
   3.4576165e+02  -2.3605687e+01   2.0000000e+00
   2.2830804e+02   1.4196355e+02   2.0000000e+00
   1.7760448e+02  -3.1221578e+02   1.0000000e+00
   2.7103264e+02  -2.5816134e+02   2.0000000e+00
  -1.8019150e+02  -1.3324131e+02   2.0000000e+00
   8.4047152e+01   4.8575374e+01   2.0000000e+00
  -9.5701995e+01  -1.9039845e+01   2.0000000e+00
   1.6009131e+02  -5.9604704e+01   1.0000000e+00
   2.9766206e+02  -1.1985826e+02   2.0000000e+00
   2.1095182e+02  -2.8609296e+02   2.0000000e+00
  -3.9543405e+01  -5.9343825e+01   2.0000000e+00
  -2.7532701e+02   2.5058629e+02   2.0000000e+00
   7.8030585e+01   5.1358857e+01   2.0000000e+00
  -1.7552339e+01   3.3763279e+02   2.0000000e+00
  -3.2400324e+02  -2.6542447e+02   2.0000000e+00
  -2.9247229e+00   2.9230722e+02   2.0000000e+00
   2.3606650e+02  -1.0054762e+02   2.0000000e+00
  -2.2720188e+02  -1.5376155e+02   2.0000000e+00
  -1.7635215e+02   3.0907994e+02   2.0000000e+00
   2.5153006e+02  -2.8482667e+02   1.0000000e+00
  -2.9584845e+02  -3.0837676e+02   1.0000000e+00
   3.1745659e+01   2.6171618e+02   2.0000000e+00
  -1.2767534e+02   2.1143715e+02   2.0000000e+00
  -1.9534432e+02   1.9092358e+02   2.0000000e+00
  -1.1236181e+02   2.3982595e+02   2.0000000e+00
  -3.2689267e+02   1.4726374e+02   2.0000000e+00
   2.5968614e+02  -2.7158381e+02   2.0000000e+00
  -6.5605112e+01  -8.6736937e+01   2.0000000e+00
   3.4411912e+02  -2.3073440e+02   2.0000000e+00
  -1.3100354e+02  -2.3226952e+02   2.0000000e+00
   1.4568148e+02  -1.8056806e+02   2.0000000e+00
  -2.8322873e+02   2.2005177e+02   1.0000000e+00
  -4.4343019e+01   6.7482451e+01   2.0000000e+00
   3.5255860e+01   5.9359477e+01   2.0000000e+00
  -8.0610265e+01  -2.0771926e+02   2.0000000e+00
   2.4650610e+02  -2.6326335e+02   2.0000000e+00
   3.6119042e+02   6.8388855e+01   2.0000000e+00
  -1.0038475e+02  -2.7703403e+02   2.0000000e+00
  -2.9329005e+02  -2.5923737e+02   2.0000000e+00
  -2.0838179e+02   2.3817445e+02   2.0000000e+00
  -2.2864514e+02   2.3196733e+02   2.0000000e+00
   2.3624076e+02  -1.5452144e+02   1.1000000e+00
   2.6200846e+02   1.7469578e+02   2.0000000e+00
  -1.9864410e+02  -3.1151398e+02   1.0000000e+00
  -2.4101871e+02  -3.3060626e+02   2.0000000e+00
  -2.6051746e+02   2.7424144e+02   2.0000000e+00
   1.0364610e+02  -1.8242244e+02   2.0000000e+00
  -1.0915141e+02   3.3680507e+02   2.0000000e+00
   2.7835945e+02  -2.8782867e+02   1.0000000e+00
  -2.4931166e+02   3.0189959e+02   2.0000000e+00
  -1.6167636e+02   1.4992886e+02   2.0000000e+00
  -1.9874866e+02   1.8828647e+02   2.0000000e+00
  -5.0591530e+01   9.2153350e+01   2.0000000e+00
  -1.9469394e+02  -1.4967292e+02   2.0000000e+00
  -1.0881653e+02  -3.1665374e+02   1.0000000e+00
  -2.8115636e+02   2.5710097e+02   2.0000000e+00
  -3.0936985e+01   2.4341963e+02   2.0000000e+00
  -1.9926886e+02  -3.1566382e+02   1.6000000e+00
   9.5726481e+01  -1.1902879e+02   2.0000000e+00
   2.4753559e+01   1.3253646e+02   2.0000000e+00
   2.2131159e+02   2.5401682e+02   2.0000000e+00
   3.1103819e+02   2.1065239e+02   2.0000000e+00
  -2.1046377e+02  -3.0720405e+02   1.9000000e+00
   3.0197789e+02  -3.1499668e+02   1.0000000e+00
  -2.9596329e+02  -3.0914538e+02   1.0000000e+00
   4.4302874e+01  -1.0066215e+02   2.0000000e+00
  -2.5290208e+01  -2.3381603e+02   2.0000000e+00
  -3.5029313e+01  -1.1700364e+02   2.0000000e+00
   2.1556782e+02  -1.5124839e+02   2.0000000e+00
   1.9685453e+02   3.1728246e+02   2.0000000e+00
  -2.7960714e+02  -2.8768217e+02   1.0000000e+00
  -3.2890208e+02  -2.6834282e+02   2.0000000e+00
  -1.4926463e+02   1.5429348e+02   2.0000000e+00
   1.4970436e+01   2.8658209e+02   2.0000000e+00
   9.6720545e+01  -1.9939034e+02   2.0000000e+00
   2.9497177e+02  -2.6549730e+02   2.0000000e+00
  -1.6658466e+02  -2.6980166e+02   2.0000000e+00
   4.2669253e+01   2.1611055e+02   1.0000000e+00
  -9.8608500e+01   1.9891284e+02   2.0000000e+00
   5.3355254e+01   2.2117606e+02   2.0000000e+00
  -1.1516827e+02   2.6881151e+02   2.0000000e+00
  -6.9025805e+01   3.4344954e+02   2.0000000e+00
  -1.1654609e+02  -8.8599603e+00   2.0000000e+00
   2.8226336e+02   9.7256889e+01   2.0000000e+00
   2.3735869e+02  -9.5960563e+01   2.0000000e+00
   3.3202586e+02   8.5618404e+01   2.0000000e+00
   3.7512489e+01   2.4390776e+01   2.0000000e+00
  -1.8264101e+02  -3.2548304e+02   1.0000000e+00
   3.0560599e+02  -2.3809497e+01   2.0000000e+00
   2.9299536e+02   7.1989270e+01   2.0000000e+00
   3.4817167e+02   3.8048383e+01   2.0000000e+00
   2.5141059e+02   7.6429047e+01   2.0000000e+00
   2.4991069e+02   3.7899530e+00   2.0000000e+00
   2.8171835e+02   2.2664119e+02   2.0000000e+00
  -7.6426158e+01  -2.3177927e+02   2.0000000e+00
   1.0982640e+02   2.1826913e+02   1.0000000e+00
   3.0527450e+02  -8.0493331e+01   2.0000000e+00
   3.1626581e+02   1.3213778e+02   2.0000000e+00
   1.8067843e+02   1.3814964e+02   2.0000000e+00
   2.1292976e+02  -3.3375287e+01   2.0000000e+00
  -2.5373661e+02   2.8742061e+02   2.0000000e+00
  -2.2557008e+02  -8.2664718e+01   2.0000000e+00
   1.9570134e+02   1.3234142e+02   2.0000000e+00
  -1.7384103e+02  -1.7018035e+02   2.0000000e+00
  -1.6439176e+02   3.5962424e+01   2.0000000e+00
  -7.3888516e+01  -2.3233897e+02   2.0000000e+00
   2.1882355e+02  -2.3744953e+02   2.0000000e+00
   1.4657695e+02  -2.2925249e+02   2.0000000e+00
   7.3309355e+01   5.5958750e+01   2.0000000e+00
  -2.7034684e+02  -2.2480788e+02   2.0000000e+00
  -1.2158609e+02  -1.5570384e+02   2.0000000e+00
  -1.7585300e+01  -1.9199281e+02   2.0000000e+00
  -1.8753535e+02   2.2906040e+02   1.0000000e+00
  -2.1332843e+02  -2.2106225e+02   2.0000000e+00
   6.7383616e+01  -2.5827128e+02   2.0000000e+00
  -2.2955007e+02  -1.5453586e+02   2.0000000e+00
  -1.7277320e+02   3.0205949e+02   2.0000000e+00
   2.7984349e+02  -2.5929351e+02   2.0000000e+00
  -2.0344884e+02   1.7324956e+02   2.0000000e+00
  -1.7553131e+02   2.7653653e+02   2.0000000e+00
  -9.3658571e+00  -2.4370866e+02   2.0000000e+00
  -1.0225745e+02  -5.2422083e+01   2.0000000e+00
   2.8357620e+02  -2.3068815e+02   1.0000000e+00
  -2.8780161e+02  -2.6082336e+01   2.0000000e+00
  -2.8846287e+02  -1.1726572e+01   2.0000000e+00
  -2.3830561e+02   1.7216875e+02   2.0000000e+00
   3.3573901e+02  -1.0538158e+02   2.0000000e+00
  -2.1426440e+02   2.6555867e+02   2.0000000e+00
  -7.8223206e+01   2.1613267e+02   2.0000000e+00
  -5.4913974e+01  -2.2102124e+01   2.0000000e+00
   1.6519605e+02  -2.8051071e+02   2.0000000e+00
   2.7444291e+02   2.6044674e+02   2.0000000e+00
  -2.5040797e+00   2.5117476e+02   2.0000000e+00
   1.1009132e+02   2.9116312e+01   2.0000000e+00
   2.2926620e+02   1.1863025e+02   2.0000000e+00
  -1.4406095e+02  -3.2185513e+02   2.0000000e+00
  -3.2403217e+02  -1.8269271e+01   2.0000000e+00
   3.2922161e+01  -1.1613144e+02   2.0000000e+00
   2.9584701e+02   5.7513643e+01   2.0000000e+00
   1.9139424e+02   2.9666975e+02   2.0000000e+00
   2.6183965e+02  -2.3770479e+02   2.0000000e+00
  -5.1768936e+01  -3.3783115e+02   2.0000000e+00
   1.0467561e+02   1.8033175e+02   2.0000000e+00
   1.8759614e+02  -1.7885294e+02   2.0000000e+00
  -1.8126886e+01  -3.0913444e+02   2.0000000e+00
  -1.2059129e+02  -3.6834572e+01   2.0000000e+00
   3.1223828e+02  -1.9763861e+02   2.0000000e+00
  -2.3592715e+02  -3.2489129e+02   2.0000000e+00
  -1.8590910e+02   1.8967215e+02   2.0000000e+00
  -2.1206393e+02   2.6735100e+02   2.0000000e+00
   1.8241259e+02   1.8211387e+02   2.0000000e+00
   8.8053642e+01  -8.7294873e+01   2.0000000e+00
   1.9827228e+02  -8.5193766e+00   1.0000000e+00
   1.8682904e+02   2.4546325e+02   2.0000000e+00
   7.4435807e+01   1.7511856e+02   2.0000000e+00
  -1.3454134e+01  -2.8139810e+02   2.0000000e+00
   1.5215818e+02  -7.6551167e+01   2.0000000e+00
  -7.3436309e+01  -2.2753232e+02   2.0000000e+00
   2.4810441e+02   8.7119893e+01   2.0000000e+00
  -5.1457828e+01   6.6093699e+01   2.0000000e+00
   1.1128401e+02  -1.8937521e+02   2.0000000e+00
  -1.6393580e+01   3.3791233e+02   2.0000000e+00
   1.0577841e+02   4.5525590e+01   2.0000000e+00
  -3.2393633e+02  -1.8035070e+02   2.0000000e+00
   2.1550590e+02   4.1162379e+01   2.0000000e+00
  -1.1440847e+02   2.1546565e+01   2.0000000e+00
  -5.7246079e+01   1.5406580e+02   2.0000000e+00
   7.7849792e+01   5.7479465e+01   2.0000000e+00
   2.6231808e+02   3.2030791e+02   2.0000000e+00
   4.3651738e+01   2.4220333e+02   2.0000000e+00
  -2.5814379e+02  -2.1130704e+02   2.0000000e+00
   9.1275656e+01  -2.0074493e+02   2.0000000e+00
   2.0316970e+02  -2.0938756e+02   2.0000000e+00
  -2.1590834e+01  -2.2500855e+02   2.0000000e+00
   1.6552401e+02   3.0936321e+02   2.0000000e+00
   2.3766592e+02  -2.8858785e+02   1.0000000e+00
  -1.9317758e+01  -3.0081340e+02   2.0000000e+00
   1.1390186e+02  -2.3077282e+02   2.0000000e+00
  -1.7138454e+02   2.3798597e+02   2.0000000e+00
  -1.1058593e+02   2.0144117e+02   2.0000000e+00
   5.4517848e+01   1.5156384e+02   2.0000000e+00
   8.8627434e+01  -1.0547969e+02   2.0000000e+00
  -1.2765607e+02  -2.8848181e+02   2.0000000e+00
   3.1740226e+02  -2.9260602e+02   2.0000000e+00
   1.3365534e+01  -2.3486705e+02   2.0000000e+00
   3.9992725e+01  -3.9911464e+01   2.0000000e+00
  -2.5322181e+01  -6.3543134e+00   1.0000000e+00
  -1.9330183e+02   1.7389967e+02   2.0000000e+00
  -1.6108423e+02   1.4851314e+02   2.0000000e+00
  -2.3315468e+01  -1.4045135e+02   2.0000000e+00
  -2.0761638e+02  -1.3102508e+02   2.0000000e+00
  -5.5453436e+01   3.5160237e+02   2.0000000e+00
   3.2071053e+02   9.1908266e+01   2.0000000e+00
  -2.2107316e+02  -2.9135406e+02   2.0000000e+00
  -2.0594922e+02  -3.0180212e+02   1.3000000e+00
   2.4918242e+02  -1.3826804e+02   2.0000000e+00
  -1.2152509e+02   2.5656690e+02   2.0000000e+00
  -2.2405223e+02   1.7398091e+02   2.0000000e+00
   7.8458765e+01  -2.6315698e+02   2.0000000e+00
  -2.5948193e+02  -2.9051740e+02   2.0000000e+00
  -3.1114713e+02  -1.7789397e+02   2.0000000e+00
   1.6760064e+02  -3.9625081e+01   2.0000000e+00
   3.0045319e+02   2.1557925e+02   2.0000000e+00
   9.0012983e+01  -2.5064778e+02   2.0000000e+00
   3.4328026e+02  -2.5557460e+02   2.0000000e+00
   7.6548321e+01  -3.0186684e+01   2.0000000e+00
  -2.8077056e+02   2.0948267e+02   2.0000000e+00
   1.0323908e+02  -1.8620205e+02   2.0000000e+00
   3.4885877e+02   1.3579950e+02   1.0000000e+00
  -3.2868442e+02  -1.8628568e+02   2.0000000e+00
  -1.1290355e+02   2.5066568e+02   2.0000000e+00
  -3.1313815e+02  -1.9878265e+01   2.0000000e+00
  -2.5105393e+01  -1.1620160e+02   2.0000000e+00
   2.6416265e+02  -2.6880671e+02   2.0000000e+00
  -1.6852943e+02  -2.5029765e+02   2.0000000e+00
   3.1779804e+02   8.8801546e+01   2.0000000e+00
  -9.1913656e+01   2.9298294e+02   2.0000000e+00
   1.9338629e+02  -2.1241632e+02   2.0000000e+00
  -1.9768848e+02   2.5038406e+02   2.0000000e+00
   2.8634235e+02   8.2761015e+01   2.0000000e+00
  -2.3808611e+02   2.0881959e+02   2.0000000e+00
   8.9171575e+01  -2.5753920e+02   2.0000000e+00
  -1.8910150e+02  -3.2419030e+02   1.0000000e+00
   2.5344895e+02  -2.0920181e+01   2.0000000e+00
  -9.9403745e+01  -2.2053953e+02   2.0000000e+00
  -2.7898747e+01  -1.2391816e+02   2.0000000e+00
   2.9558437e+02   4.7041196e+01   2.0000000e+00
  -2.6307628e+02   6.1664974e+01   2.0000000e+00
   2.3769714e+02   2.9744244e+02   2.0000000e+00
   2.0345481e+02  -2.8412876e+02   2.0000000e+00
   2.1667575e+02  -3.6984897e+01   2.0000000e+00
   5.8532642e+00   2.2691455e+02   2.0000000e+00
   2.5204491e+02   8.8141607e+01   2.0000000e+00
   2.9049819e+02   2.6600858e+02   2.0000000e+00
  -2.8458952e+02  -2.1206270e+02   1.0000000e+00
   1.5247241e+02  -7.5681593e+01   2.0000000e+00
   2.5102368e+02  -2.9875486e+02   1.0000000e+00
   2.8738069e+02   3.1768181e+02   2.0000000e+00
   1.0949453e+02  -4.1470294e+01   2.0000000e+00
   2.6769022e+02   2.5381813e+02   2.0000000e+00
   5.4599028e+01  -9.8891761e+01   2.0000000e+00
  -1.8809748e+02   5.9719217e+01   2.0000000e+00
   1.8138130e+02  -3.1453251e+02   1.0000000e+00
  -3.2379530e+01  -3.3881352e+02   2.0000000e+00
   1.3040667e+02   1.1717403e+02   2.0000000e+00
  -2.1699790e+02   1.3447305e+02   2.0000000e+00
   2.0863986e+02  -1.6938251e+02   2.0000000e+00
   1.0214216e+02  -1.2272310e+02   2.0000000e+00
  -5.5802539e+00   9.7623190e+01   2.0000000e+00
  -1.1997595e+02  -9.4410124e+01   2.0000000e+00
   2.9170772e+02   1.9892093e+02   2.0000000e+00
  -2.6564230e+02  -2.7842112e+02   1.0000000e+00
  -2.7579007e+02  -2.1400267e+02   2.0000000e+00
   2.4309692e+02   2.8860278e+02   2.0000000e+00
  -1.0108950e+02  -1.9612601e+02   2.0000000e+00
  -3.3072248e+02   1.2031787e+02   2.0000000e+00
  -1.1423756e+02   9.6786094e+01   2.0000000e+00
   2.8694812e+02  -1.5142489e+01   2.0000000e+00
   3.1931623e+02  -3.0516807e+02   1.0000000e+00
   2.0944165e+02   3.0500692e+02   2.0000000e+00
  -7.5436225e+01   1.6559407e+02   2.0000000e+00
   1.4589117e+02  -6.6933989e+01   2.0000000e+00
  -3.1014121e+01   1.1265744e+02   2.0000000e+00
   1.6160528e+02  -2.2358508e+02   2.0000000e+00
  -2.1892443e+02   2.8685552e+02   2.0000000e+00
  -1.7563331e+02   7.3620356e+01   2.0000000e+00
   3.1790910e+02  -9.6068259e+01   2.0000000e+00
  -3.3539578e+02  -1.8507259e+02   1.0000000e+00
  -2.2311909e+02   1.8234900e+02   2.0000000e+00
   1.2589002e+01  -3.6187052e+01   2.0000000e+00
  -5.2343783e+01  -2.7001317e+02   2.0000000e+00
   2.3124766e+02  -5.5298549e+01   2.0000000e+00
  -1.1919948e+02   1.0917627e+02   2.0000000e+00
   2.5523094e+02  -1.5023528e+02   2.0000000e+00
   2.9323467e+02  -3.0569618e+02   2.0000000e+00
   1.3699790e+02  -2.3060538e+02   2.0000000e+00
   2.6622982e+02   2.3925809e+02   2.0000000e+00
   1.1270852e+02  -3.5544485e+01   2.0000000e+00
   2.7490513e+02   1.9822693e+02   2.0000000e+00
  -1.4584597e+02  -3.2924539e+02   1.4000000e+00
   9.9163239e+01  -2.3038652e+02   2.0000000e+00
   2.0588458e+02  -2.0536463e+02   2.0000000e+00
   4.4523709e+01   2.3785301e+02   2.0000000e+00
   3.3075479e+02  -6.5677512e+01   2.0000000e+00
   4.0251882e+01   1.1879748e+02   2.0000000e+00
  -1.6210957e+02   1.2669413e+02   2.0000000e+00
  -2.4436865e+02  -2.8136789e+02   2.0000000e+00
   1.3138123e+02   2.6774101e+02   2.0000000e+00
  -2.8216794e+02  -8.7497586e+01   2.0000000e+00
   5.1605831e+01  -1.2151870e+02   2.0000000e+00
   1.1091270e+02   3.2119470e+02   2.0000000e+00
   1.6121559e+02   8.8863043e+00   2.0000000e+00
  -1.0460874e+02   2.0068883e+02   2.0000000e+00
   2.2273814e+02  -6.9132870e+01   2.0000000e+00
   3.1844919e+02   7.8830546e+00   2.0000000e+00
  -6.9923547e+01   3.2254757e+02   2.0000000e+00
  -6.5291515e+00  -1.3654241e+02   2.0000000e+00
   3.1172560e+02  -8.7313875e+01   2.0000000e+00
  -5.4786055e+01  -2.6408555e+02   2.0000000e+00
   8.8544747e+01  -1.8409681e+02   2.0000000e+00
   2.3179743e+02   1.2713069e+02   2.0000000e+00
   1.1272224e+02   2.2127006e+02   1.0000000e+00
  -9.6897126e+01   6.0806431e+01   2.0000000e+00
  -1.7082592e+02   4.1637131e+01   2.0000000e+00
   9.9706387e+01  -1.1419666e+02   2.0000000e+00
  -4.6936739e+01  -3.0708533e+02   2.0000000e+00
  -1.5763430e+02   1.4451246e+02   2.0000000e+00
  -3.5906302e+01   1.5872871e+02   2.0000000e+00
   2.0088771e+02   3.1400271e+02   2.0000000e+00
   2.1006319e+02   2.9962473e+02   2.0000000e+00
   9.5503694e+01  -1.1155049e+02   2.0000000e+00
   1.5212316e+02   4.6748876e+00   2.0000000e+00
  -2.4190319e+02  -1.5563750e+02   2.0000000e+00
   2.4585541e+02   7.5709125e+01   2.0000000e+00
   3.2515840e+02  -1.7654579e+02   2.0000000e+00
   2.9148454e+02   2.2528740e+02   2.0000000e+00
   1.3307174e+02   4.8155436e+01   2.0000000e+00
  -2.3670616e+02   1.2083293e+02   2.0000000e+00
  -1.1739774e+02  -3.7888353e+01   2.0000000e+00
   2.9491205e+02  -4.1616683e+01   2.0000000e+00
  -2.0302393e+02  -2.3869536e+02   2.0000000e+00
  -1.6433093e+02   1.1759200e+01   2.0000000e+00
   5.5649698e+01   7.6179934e+01   2.0000000e+00
   2.8635261e+02   2.0824578e+02   2.0000000e+00
   6.8390868e+01  -1.8085290e+02   2.0000000e+00
   1.3273585e+02   6.0251184e+01   2.0000000e+00
  -1.9903210e+02   1.6762754e+02   2.0000000e+00
   2.5245104e+02  -1.5611854e+02   1.0000000e+00
   3.3994427e+02  -1.4076585e+02   2.0000000e+00
   2.6095218e+02   2.3860955e+02   2.0000000e+00
   2.6476732e+02   3.0497554e+02   2.0000000e+00
  -1.3305355e+02  -2.5030283e+02   2.0000000e+00
  -2.8515915e+02   1.0401280e+02   2.0000000e+00
   2.5882212e+02  -1.6408143e+02   1.3000000e+00
  -2.6121167e+02  -3.1547062e+02   1.0000000e+00
  -1.5180516e+02  -7.1041239e+00   2.0000000e+00
   2.5197551e+02   1.7929688e+02   2.0000000e+00
  -2.0216399e+02   2.2398349e+02   2.0000000e+00
   2.7112060e+02   2.7979264e+02   2.0000000e+00
  -2.2520753e+02   3.0402888e+02   2.0000000e+00
   2.9664739e+02  -2.1008235e+02   1.0000000e+00
  -1.8828465e+02   4.9289377e+01   2.0000000e+00
  -3.4058811e+02  -1.2672411e+02   1.0000000e+00
   3.3371495e+02  -1.0926253e+02   2.0000000e+00
  -1.9070856e+02   2.3876006e+02   2.0000000e+00
   1.9069821e+02   2.6338327e+02   2.0000000e+00
  -2.1490064e+02   2.7540411e+02   2.0000000e+00
  -2.9251967e+02   2.6065178e+02   1.0000000e+00
  -1.6383940e+02   6.3774461e+01   2.0000000e+00
   2.3149655e+02   2.3958918e+02   2.0000000e+00
   5.4956629e+01   1.3849753e+02   2.0000000e+00
  -2.6742219e+02   1.5740202e+01   2.0000000e+00
   3.2183577e+01  -6.8020476e+01   2.0000000e+00
   2.9409363e+02   2.1902550e+02   2.0000000e+00
   1.0724219e+02   9.9348392e+01   2.0000000e+00
  -3.3184927e+02  -2.6446098e+02   2.0000000e+00
   2.3841732e+02  -3.0290334e+02   1.0000000e+00
   1.3338491e+02   3.1606757e+02   2.0000000e+00
   8.7374465e+01  -9.1982154e+01   2.0000000e+00
   2.7702856e+02   2.0949742e+02   2.0000000e+00
   1.4068556e+02   2.0214796e+02   2.0000000e+00
  -2.2489327e+02  -2.2189758e+02   2.0000000e+00
   3.2643301e+02   1.3486875e+02   2.0000000e+00
  -5.0745689e+01  -3.4585062e+01   2.0000000e+00
  -3.1489463e+02  -3.2946023e+02   1.0000000e+00
   3.5365859e+02   4.0789424e+01   2.0000000e+00
  -2.3568916e+02   2.1124433e+02   2.0000000e+00
  -1.5928997e+02   3.5613845e+01   2.0000000e+00
  -3.1576573e+01  -2.2698270e+02   2.0000000e+00
  -2.8786240e+02   2.5927194e+02   1.0000000e+00
  -1.9036845e+02   5.9031364e+01   2.0000000e+00
  -2.9680264e+02  -3.3575099e+02   1.0000000e+00
   5.4607485e+01   1.7742017e+02   2.0000000e+00
   2.4922947e+02   1.9224334e+01   2.0000000e+00
   1.1509419e+02   9.3188768e+00   2.0000000e+00
  -3.0362236e+02   2.1808156e+02   1.0000000e+00
   2.2889943e+02   2.1836524e+02   2.0000000e+00
  -1.5387078e+02  -2.0793670e+02   2.0000000e+00
  -9.9332544e+00   1.2262195e+02   2.0000000e+00
   3.5028108e+02  -5.7195206e+01   1.0000000e+00
  -2.9040180e+02   2.2560132e+01   2.0000000e+00
   2.5734491e+02   7.7606287e+00   2.0000000e+00
  -2.4620857e+02  -2.5298602e+02   2.0000000e+00
  -2.3635223e+02   2.6552732e+02   2.0000000e+00
  -2.9269194e+01  -1.4513529e+02   2.0000000e+00
   1.8117163e+02  -1.4464941e+02   2.0000000e+00
  -1.3358466e+02   5.1060084e+01   2.0000000e+00
  -1.4722105e+02   1.8647597e+01   2.0000000e+00
  -1.8574276e+01   2.2127627e+02   2.0000000e+00
  -1.1008966e+02   3.3005016e+02   2.0000000e+00
   3.3564324e+02  -1.4163323e+02   2.0000000e+00
   3.0689405e+02  -1.4553348e+02   2.0000000e+00
   1.7679057e+02   1.2424141e+02   2.0000000e+00
   3.4662213e+02  -2.3697734e+02   2.0000000e+00
  -2.9600546e+02  -1.8963602e+02   2.0000000e+00
   8.7643227e+01   9.7336865e+01   2.0000000e+00
  -1.2202597e+02  -9.8087090e+01   2.0000000e+00
  -2.2349651e+02  -2.3423274e+02   2.0000000e+00
   3.3189304e+02  -1.2754443e+02   2.0000000e+00
   1.7252510e+02   2.8955379e+02   2.0000000e+00
  -2.8251334e+02   1.0414717e+02   2.0000000e+00
  -2.9459503e+02  -2.2630712e+02   1.0000000e+00
  -1.3657374e+02   6.2651728e+01   2.0000000e+00
  -1.7811074e+02   1.2794160e+02   2.0000000e+00
  -7.3083458e+01   1.3949149e+02   2.0000000e+00
  -2.0693957e+01  -1.9188762e+02   2.0000000e+00
  -1.8988363e+02   3.0128264e+02   2.0000000e+00
   3.1256693e+02  -1.9627462e+02   2.0000000e+00
  -2.8011142e+02   2.3877382e+01   2.0000000e+00
  -2.2335934e+02  -2.8639495e+02   2.0000000e+00
   3.1211480e+01   2.4026851e+02   2.0000000e+00
  -2.2301463e+02   2.3335410e+02   2.0000000e+00
  -2.6288047e-01   5.0607589e+01   2.0000000e+00
   1.6926601e+02  -5.0215844e+01   2.0000000e+00
   3.4970828e+02  -2.3624633e+02   2.0000000e+00
   3.1684968e+02  -2.9539564e+02   2.0000000e+00
   2.9031517e+02   1.0513167e+02   2.0000000e+00
   1.0398173e+02  -1.7532697e+02   2.0000000e+00
   2.4607205e+02   1.0170344e+02   2.0000000e+00
   2.9481668e+02   2.0174562e+02   2.0000000e+00
  -1.9269163e+02  -2.9173034e+02   1.0000000e+00
   2.5129056e+02  -2.7358191e+02   2.0000000e+00
   3.4682896e+02   7.1751693e+00   1.0000000e+00
   2.6810152e+02  -1.4971148e+02   2.0000000e+00
   3.1914673e+02  -1.5849148e+02   2.0000000e+00
   3.2928007e+02  -9.1147086e+01   2.0000000e+00
   8.2703623e+01  -9.5424026e+01   2.0000000e+00
  -2.8998928e+02  -3.2590480e+02   1.0000000e+00
   3.9762139e+01  -3.3711381e+02   2.0000000e+00
   3.5263896e+02  -9.0950558e+00   1.0000000e+00
   9.8895178e+01  -7.6833481e+01   2.0000000e+00
   7.5299931e+01  -1.7845246e+02   2.0000000e+00
   9.1946860e+01  -2.4239426e+02   2.0000000e+00
  -3.1394391e+02  -1.4009102e+02   1.0000000e+00
   2.7977192e+02  -2.8207273e+02   1.0000000e+00
   2.1360657e+02  -2.6323891e+02   2.0000000e+00
  -1.9611553e+02  -1.9663778e+02   2.0000000e+00
  -1.2534166e+02   2.7536107e+02   2.0000000e+00
   6.2144206e+01   1.2822072e+02   2.0000000e+00
   1.9626261e+02  -2.6992442e+02   2.0000000e+00
   2.9869647e+02   3.0352363e+02   2.0000000e+00
   2.7613746e+02   1.8931148e+02   2.0000000e+00
  -1.0978695e+02  -2.8280967e+02   2.0000000e+00
   5.0016722e+01  -1.1125532e+02   2.0000000e+00
  -3.1421144e+02  -3.2277914e+02   1.0000000e+00
   1.6926780e+02  -3.0975086e+02   1.0000000e+00
  -9.1327053e+01  -2.9699045e+02   2.0000000e+00
  -1.7561003e+02  -2.0795235e+02   2.0000000e+00
  -2.4602593e+02  -1.8994539e+02   2.0000000e+00
   1.6126167e+02  -5.7201616e+01   2.0000000e+00
  -1.8478125e+02  -1.4099716e+02   2.0000000e+00
  -2.7485241e+02   2.1587993e+02   2.0000000e+00
  -3.0757697e+02   1.3987242e+02   2.0000000e+00
  -3.2225324e+02   4.0865099e+01   2.0000000e+00
   2.4341147e+02   3.1512721e+02   2.0000000e+00
  -2.9787502e+02  -7.9852744e+01   2.0000000e+00
   3.0516336e+01  -8.3183593e+01   2.0000000e+00
   1.5812867e+01   2.8082756e+02   2.0000000e+00
  -2.2267725e+02   2.2754783e+02   2.0000000e+00
   2.4328245e+02   2.5421416e+02   2.0000000e+00
  -2.6130057e+02  -1.8322022e+01   2.0000000e+00
  -1.7665834e+02   3.6615510e+01   2.0000000e+00
  -2.9202339e+02  -2.4219961e+01   2.0000000e+00
   2.4056875e+02   1.1354397e+02   2.0000000e+00
   1.8912183e+02  -1.8297335e+02   2.0000000e+00
   1.3564588e+02  -2.6258328e+02   2.0000000e+00
  -3.8675714e+01  -2.5158737e+02   2.0000000e+00
  -2.7028633e+02   3.0050146e+02   1.0000000e+00
  -3.4207164e+01   6.1708723e+01   2.0000000e+00
  -1.4770361e+01  -2.2079769e+02   2.0000000e+00
  -1.4337957e+02   2.2006175e+02   2.0000000e+00
  -1.5137174e+02   9.6547909e+01   2.0000000e+00
   1.7415330e+02  -1.5153487e+02   2.0000000e+00
   1.5959435e+02   3.5617066e+01   2.0000000e+00
   2.7590418e+02  -7.7891292e+01   2.0000000e+00
   4.7911672e+01   2.6221501e+02   2.0000000e+00
   2.4831409e+02   1.7773177e+02   2.0000000e+00
   2.9793630e+02  -2.9006562e+02   2.0000000e+00
  -2.8985454e+02  -7.6826423e+01   2.0000000e+00
   2.5226537e+02   3.1029803e+02   2.0000000e+00
  -6.3094861e+01   7.3529561e+01   1.0000000e+00
  -2.0627142e+02  -8.6891573e+01   2.0000000e+00
  -2.5960916e+02  -3.2396875e+02   1.0000000e+00
  -1.3870011e+02   1.5421610e+02   2.0000000e+00
  -2.7746432e+02  -4.8818621e+01   2.0000000e+00
   2.9847956e+02  -4.5364136e+01   2.0000000e+00
  -4.2898333e+01   1.5659456e+02   2.0000000e+00
  -9.5319898e+01  -2.7808875e+02   2.0000000e+00
   2.3690332e+02   2.4552601e+02   2.0000000e+00
  -2.0432932e+02  -1.9686587e+02   2.0000000e+00
  -3.3491874e+02  -2.5941445e+02   2.0000000e+00
   1.4279081e+02  -1.7470838e+02   2.0000000e+00
   2.2983422e+02   2.7590472e+02   2.0000000e+00
   1.0409647e+00  -4.5914058e+01   2.0000000e+00
   2.3661947e+02   2.1192412e+02   2.0000000e+00
   1.4371164e+02  -2.7348794e+02   1.0000000e+00
   5.3582249e+01   1.8688698e+01   1.9000000e+00
   2.1987310e+02   3.2467727e+02   2.0000000e+00
   4.2633105e+02   1.2227038e+02   2.0000000e+00
  -2.4458969e+02   1.5606371e+02   2.0000000e+00
   1.9166204e+02  -2.8374222e+02   2.0000000e+00
   4.2678258e+01  -3.4676481e+02   2.0000000e+00
   2.9896815e+02  -2.1928408e+02   1.0000000e+00
  -2.2423833e+02  -4.7603617e+01   2.0000000e+00
  -2.4323907e+02   1.4373168e+00   2.0000000e+00
   1.4375422e+02   1.0093689e+02   2.0000000e+00
   2.1684629e+02  -2.9877472e+02   2.0000000e+00
  -5.3953316e+01   1.5265495e+02   2.0000000e+00
   5.2934870e+01  -9.7610068e+01   2.0000000e+00
   9.1288930e+01   3.1503923e+02   2.0000000e+00
  -2.9580270e+02  -9.0079967e+01   2.0000000e+00
  -1.7287964e+02   7.5545370e+01   2.0000000e+00
   3.0295949e+02   2.1213859e+02   2.0000000e+00
  -3.0966387e+02  -3.3645003e+02   1.0000000e+00
   2.2479656e+02   2.5831427e+02   2.0000000e+00
   3.0098062e+02   6.6169640e+01   2.0000000e+00
  -2.2723057e+02   2.5478729e+02   2.0000000e+00
  -7.0099514e+01  -9.7596031e+01   2.0000000e+00
   1.4484805e+02  -2.6742894e+02   2.0000000e+00
   3.3483094e+02  -1.6683761e+02   2.0000000e+00
  -2.2863932e+02   1.4179284e+02   2.0000000e+00
   1.8405814e+02  -2.7888306e+02   2.0000000e+00
   1.2143355e+02   4.2163855e+01   2.0000000e+00
   2.1512822e+02   2.8518405e+02   2.0000000e+00
  -2.6232865e+02   2.6678599e+02   2.0000000e+00
  -3.1848913e+02   5.9388430e+01   2.0000000e+00
  -2.1463663e+02   1.6135042e+02   2.0000000e+00
   2.9932862e+02   1.0188684e+02   2.0000000e+00
  -2.6480930e+02  -1.2019127e+02   2.0000000e+00
  -2.7026377e+02  -2.3815467e+01   2.0000000e+00
   2.4849085e+02   1.0305978e+02   2.0000000e+00
   1.3901129e+02   2.8298658e+02   2.0000000e+00
   2.8725328e+02   5.3218295e+01   2.0000000e+00
   1.8160297e+02  -3.7092688e+01   1.8000000e+00
   2.0359031e+02  -2.5103080e+02   2.0000000e+00
  -1.2335457e+02   1.8584452e+02   2.0000000e+00
   2.8031924e+02   6.8509325e+01   2.0000000e+00
  -6.0151343e+01   3.1948911e+02   2.0000000e+00
   1.1611674e+02  -7.3282091e+01   2.0000000e+00
   3.1372841e+02  -1.7458634e+02   2.0000000e+00
   3.3176352e+02  -1.1711989e+02   2.0000000e+00
  -2.1867647e+02   1.4571230e+02   2.0000000e+00
   1.8986640e+02  -2.2610761e+02   2.0000000e+00
   2.1969830e+02   1.3881851e+02   2.0000000e+00
  -2.4773092e+02   2.2767885e+02   2.0000000e+00
  -1.9948121e+02   2.3463843e+02   1.0000000e+00
   2.7793388e+02  -1.5809463e+02   2.0000000e+00
  -1.0950033e+02  -2.0151616e+02   2.0000000e+00
   1.2919545e+02  -8.1228272e+01   2.0000000e+00
   3.0030952e+01   2.1428249e+02   2.0000000e+00
   8.3091593e+01  -2.8739779e+02   1.0000000e+00
  -2.8204101e+02   2.9995902e+02   1.0000000e+00
  -2.6281785e+02  -4.4607255e+01   2.0000000e+00
   2.2019794e+02   1.5438196e+02   2.0000000e+00
   1.5363716e+02  -2.3183727e+02   2.0000000e+00
   1.6007180e+02  -3.0932794e+02   1.0000000e+00
  -3.4892073e+00  -2.4148927e+02   2.0000000e+00
  -2.4019122e+02  -2.8268748e+02   2.0000000e+00
  -2.4252913e+02  -2.7600128e+02   2.0000000e+00
   1.1159729e+02  -2.0645469e+00   2.0000000e+00
   2.4781338e+02  -1.1028905e+02   2.0000000e+00
  -1.6207957e+02   1.0637855e+01   2.0000000e+00
  -2.8790613e+02   2.3425701e+02   2.0000000e+00
   2.9719973e+00   2.3696457e+02   2.0000000e+00
  -1.7966504e+02  -2.6224654e+02   2.0000000e+00
  -8.3180934e+00   4.9718840e+01   2.0000000e+00
  -2.0469508e+02  -3.0750168e+02   1.9000000e+00
   8.3020387e+01  -6.1606993e+01   2.0000000e+00
  -1.1195070e+02  -1.0667694e+02   2.0000000e+00
   2.0714073e+02  -3.0994984e+02   1.0000000e+00
   2.5824798e+02   2.2465981e+02   2.0000000e+00
  -1.7199622e+02   2.7083325e+02   2.0000000e+00
   3.2375227e+02  -2.4902212e+02   2.0000000e+00
  -3.7756184e+01  -5.4637204e+01   2.0000000e+00
  -2.4635779e+02   1.2756676e+02   2.0000000e+00
   2.6048181e+02   1.9033824e+02   2.0000000e+00
  -4.1658293e+01  -1.2271697e+02   2.0000000e+00
   1.9226034e+02   1.3365712e+01   2.0000000e+00
   3.4258497e+02  -2.6046209e+02   2.0000000e+00
  -2.0031405e+02   1.2463167e+02   2.0000000e+00
  -1.4463349e+02   9.3864922e+01   2.0000000e+00
   1.7560349e+02  -5.0018555e+01   2.0000000e+00
   2.2582403e+01   1.2270756e+02   2.0000000e+00
  -6.4600002e+01   3.3920300e+02   2.0000000e+00
  -3.3481302e+02   1.6440969e+02   1.8000000e+00
  -2.7931854e+02   2.0508065e+01   2.0000000e+00
  -2.8849495e+02   2.1547550e+02   1.0000000e+00
   2.1739291e+02   4.0362519e+01   2.0000000e+00
   2.5377132e+02   2.5378357e+02   2.0000000e+00
   1.2366400e+02  -1.3324264e+02   1.0000000e+00
   2.4420536e+02   2.6126387e+02   2.0000000e+00
  -3.3154915e+02  -2.5951116e+00   2.0000000e+00
  -2.8415151e+02   9.8830102e+01   2.0000000e+00
   1.6581613e+02  -1.2000407e+02   2.0000000e+00
   2.0929630e+02  -1.6076308e+02   2.0000000e+00
  -1.1532433e+02  -2.4611586e+02   2.0000000e+00
   3.0100014e+02  -2.2998336e+02   1.0000000e+00
  -4.6723780e+01  -8.1567218e+01   2.0000000e+00
  -1.5345948e+02   1.5845896e+02   2.0000000e+00
  -1.5775364e+02   2.6995029e+02   2.0000000e+00
  -3.3815243e+02   1.6824185e+02   1.9000000e+00
   3.1565266e+02   9.0640204e+00   2.0000000e+00
  -1.8563951e+02  -1.4939292e+02   2.0000000e+00
   2.3428578e+02   4.0851974e+01   2.0000000e+00
  -9.8732560e+01  -2.8136260e+02   2.0000000e+00
   6.3101238e-01   2.8803076e+02   2.0000000e+00
  -8.9651903e+01   3.0244420e+02   2.0000000e+00
   3.2673072e+02  -9.0429568e+01   2.0000000e+00
  -1.6736834e+02   9.5541605e+00   2.0000000e+00
   2.4739202e+02   2.4992403e+02   2.0000000e+00
  -2.8586074e+02   1.7311378e+01   2.0000000e+00
   2.4434563e+02  -1.9114858e+02   2.0000000e+00
   1.6911948e+02   1.2809109e+02   2.0000000e+00
   5.5098819e+01  -1.0924935e+02   2.0000000e+00
   3.1436366e+02  -2.8850067e+02   1.1000000e+00
  -2.4953520e+02   2.5230797e+02   2.0000000e+00
  -3.8776359e+01   3.3755358e+02   2.0000000e+00
  -1.6586844e+02  -1.9302797e+02   2.0000000e+00
  -1.4453447e+02  -3.2755992e+02   1.4000000e+00
   1.8817969e+02   6.7592341e+01   1.0000000e+00
  -3.1719622e+02  -9.2363443e+01   2.0000000e+00
   1.7107634e+02   2.1553304e+01   2.0000000e+00
   1.1728318e+02   8.1322024e+00   2.0000000e+00
   1.0891783e+02  -9.9869421e+01   2.0000000e+00
  -4.6059634e+01   7.1449669e+01   2.0000000e+00
   1.4414509e+01   1.3566032e+02   2.0000000e+00
   1.8968184e+01   8.5965950e+01   2.0000000e+00
   1.8712050e+01   1.1972900e+02   2.0000000e+00
   3.6093035e+02   7.3243823e+01   2.0000000e+00
   2.5437811e+02  -2.3236461e+02   2.0000000e+00
  -2.9654679e+02   2.0858378e+02   1.0000000e+00
   2.2830897e+02   7.7350423e+01   2.0000000e+00
   2.7825717e+00  -2.8838550e+01   2.0000000e+00
  -2.9947027e+02   2.2706875e+02   1.0000000e+00
   3.2710626e+02  -2.1206763e+02   2.0000000e+00
  -3.2216587e+02  -7.8458869e+01   1.0000000e+00
   2.2363243e+02  -8.6845419e+01   2.0000000e+00
   4.5329014e+01   1.1463963e+02   2.0000000e+00
  -1.6217564e+01  -2.2918253e+02   2.0000000e+00
  -2.7161793e+02   2.4676537e+02   2.0000000e+00
   2.8479517e+02   3.0998862e+02   2.0000000e+00
  -1.6818171e+01  -2.8976469e+02   2.0000000e+00
   1.4959076e+01   2.1068528e+02   2.0000000e+00
  -1.1053350e+02   3.2442203e+02   2.0000000e+00
   1.9895161e+02  -1.4730998e+02   2.0000000e+00
  -2.3198531e+02  -2.4356913e+02   2.0000000e+00
  -1.2182334e+02  -1.5624692e+02   2.0000000e+00
   4.4480897e+00   7.6568461e+01   2.0000000e+00
  -4.1229191e+01  -3.3918105e+02   2.0000000e+00
   2.1430748e+02  -2.4927391e+02   2.0000000e+00
  -2.3318195e+02   2.5610126e+02   2.0000000e+00
  -2.0804317e+02  -1.1181437e+02   2.0000000e+00
  -2.5369271e-01   6.6156663e+01   2.0000000e+00
  -2.2563776e+02   2.4822527e+02   2.0000000e+00
   1.7128268e+02  -2.8053346e+02   2.0000000e+00
  -2.3883519e+02  -3.0746707e+02   2.0000000e+00
  -2.6395789e+02   2.4027971e+02   2.0000000e+00
  -3.2561404e+02  -2.3035383e+02   1.0000000e+00
   2.5062398e+02   2.7177748e+02   2.0000000e+00
   1.7782321e+02  -2.3719143e+02   2.0000000e+00
   2.4044095e+01  -6.8521208e+01   2.0000000e+00
  -1.4195934e+02   2.2785836e+02   2.0000000e+00
   2.6821523e+02  -2.6325001e+02   2.0000000e+00
   1.3208339e+02  -1.2100319e+02   2.0000000e+00
   4.1251642e+01   2.5729806e+02   2.0000000e+00
  -6.6521645e+00   2.4954866e+02   2.0000000e+00
  -3.4026455e+02   1.2786750e+02   2.0000000e+00
   2.1267929e+02   2.7293627e+02   2.0000000e+00
   2.4209886e+02   1.2262728e+02   2.0000000e+00
   1.1292577e+02   1.8118818e+02   2.0000000e+00
   3.1846963e+02   5.1737342e+00   2.0000000e+00
  -3.0241343e+02   1.0644437e+02   2.0000000e+00
   7.8710842e+01   5.9482005e+01   2.0000000e+00
  -2.2613091e+02  -2.8961480e+02   2.0000000e+00
  -1.9992502e+02  -1.3866837e+02   2.0000000e+00
  -2.2271322e+02  -3.1870682e+02   2.0000000e+00
   3.5305634e+01   2.7422689e+02   2.0000000e+00
  -1.5063399e+02  -2.8234921e+02   2.0000000e+00
  -1.1438324e+01  -2.2139382e+00   2.0000000e+00
  -1.8754791e+02  -2.1419751e+02   2.0000000e+00
  -3.3748005e+02   1.2135655e+02   2.0000000e+00
   1.9877627e+02  -1.3311740e+02   2.0000000e+00
  -1.3965712e+02   1.2097403e+02   2.0000000e+00
  -1.8994241e+02  -1.2434979e+02   2.0000000e+00
   3.1358062e+01   1.4154311e+02   2.0000000e+00
  -2.5287112e+02   2.4109743e+02   2.0000000e+00
   4.6409106e+01   2.8401344e+02   2.0000000e+00
   8.9568788e+01  -1.0762535e+02   2.0000000e+00
   2.5779584e+02  -1.0874718e+02   2.0000000e+00
  -3.0752658e+02   1.4685402e+02   2.0000000e+00
  -2.8686867e+02  -1.4261614e+02   2.0000000e+00
  -2.9023623e+01  -1.2154057e+01   1.0000000e+00
  -2.0441018e+02  -3.1845120e+02   1.8000000e+00
   1.1570547e+02   2.1422388e+02   1.0000000e+00
   1.5530323e+02  -2.6343525e+02   2.0000000e+00
  -1.9671352e+02   2.1754964e+02   2.0000000e+00
   7.5611603e+01  -1.0374724e+02   2.0000000e+00
   3.1794053e+02  -2.3917475e+02   2.0000000e+00
  -1.5487199e+02  -2.4839347e+01   2.0000000e+00
  -6.1153972e+01   3.3548601e+02   2.0000000e+00
  -1.7475989e+02   8.8799363e+01   2.0000000e+00
   1.7849797e+02   1.2266787e+02   2.0000000e+00
   2.3980258e+02   3.3095368e+02   2.0000000e+00
  -8.7660807e+01  -1.3682484e+02   2.0000000e+00
  -2.8149149e+02   1.7190355e+01   2.0000000e+00
   1.8209450e+02   3.2359540e+02   2.0000000e+00
  -2.0684386e+02  -2.8345994e+02   1.0000000e+00
  -2.0849787e+02   2.2635194e+02   2.0000000e+00
   3.1371736e+02  -1.3746022e+01   2.0000000e+00
   1.4448019e+02  -1.7335356e+02   2.0000000e+00
   2.6900673e+02  -3.1743912e+02   1.0000000e+00
  -1.1869857e+01   2.8389107e+02   2.0000000e+00
  -2.9193532e+02   2.3734362e+02   2.0000000e+00
  -1.5488823e+02   1.4532215e+02   2.0000000e+00
  -2.2604355e+02   1.8842853e+02   2.0000000e+00
   3.0868129e+02  -8.6704453e+01   2.0000000e+00
  -2.0873750e+02   2.3477658e+02   2.0000000e+00
  -1.5389483e+02   2.7944618e+02   2.0000000e+00
  -1.1277181e+02  -3.1180650e+02   1.0000000e+00
   9.1362191e+01  -2.8115470e+02   1.0000000e+00
  -3.1618963e+02  -1.7380497e+02   2.0000000e+00
   3.0058916e+02   6.8142653e+01   2.0000000e+00
   3.0596435e+02   2.0359513e+02   2.0000000e+00
  -2.4172107e+02   1.2260284e+02   2.0000000e+00
  -2.6157677e+02   2.3759756e+02   2.0000000e+00
  -2.4301071e+02   2.5699324e+02   2.0000000e+00
   1.7420374e+01  -6.5362502e+01   2.0000000e+00
  -6.1217864e+00   2.8319726e+02   2.0000000e+00
  -2.3560342e+02  -2.8941619e+02   2.0000000e+00
   1.6657702e+02  -5.2467949e+01   2.0000000e+00
  -2.9461047e+02  -3.2033865e+02   1.0000000e+00
  -2.3429396e+02   2.4815086e+02   2.0000000e+00
  -2.6338360e+02   1.6681721e+02   2.0000000e+00
  -9.1534188e+01   1.8960564e+02   2.0000000e+00
  -1.4882295e+02   1.7638193e+02   2.0000000e+00
  -1.2452192e+02  -2.6407341e+02   2.0000000e+00
   1.4997661e+02  -2.8851986e+02   1.0000000e+00
   1.1396379e+02   1.7288116e+02   2.0000000e+00
  -2.3194010e+02  -9.3429898e+01   2.0000000e+00
   2.4618219e+02   2.9998410e+02   2.0000000e+00
   3.2076668e+02  -1.7126608e+02   2.0000000e+00
  -7.4487118e+01   1.4320370e+02   2.0000000e+00
  -2.9556605e+02   1.0635232e+02   2.0000000e+00
  -3.3052150e+02   4.7349145e+01   2.0000000e+00
   2.8613935e+02   2.0578722e+02   2.0000000e+00
  -1.5905508e+02   3.0402645e+02   2.0000000e+00
   3.2985143e+02   6.7563950e+01   2.0000000e+00
  -1.0717674e+02   3.3577716e+02   2.0000000e+00
   2.6373788e+02  -9.3298782e+01   2.0000000e+00
  -2.3293010e+02   1.7766839e+02   2.0000000e+00
   4.3879342e+01   2.0728981e+02   1.6000000e+00
   2.7293360e+02   1.9056824e+02   2.0000000e+00
  -1.3139764e+02  -1.4638464e+02   2.0000000e+00
   5.1546978e+01  -4.3694436e+01   2.0000000e+00
  -2.7215758e+02  -3.1020286e+02   1.0000000e+00
  -1.6902548e+02   1.5325253e+02   2.0000000e+00
   1.9067357e+02  -2.4036932e+02   2.0000000e+00
  -2.7851655e+02  -3.1231005e+02   1.0000000e+00
  -1.9340552e+02  -1.5091878e+02   2.0000000e+00
  -1.6780283e+02  -2.1168404e+02   2.0000000e+00
