  -3.2634031e+02  -7.2017248e+01   2.0000000e+00
  -1.9847797e+02   1.5307261e+02   2.0000000e+00
  -3.2060346e+02   2.4720907e+02   1.0000000e+00
   2.7708158e+02  -9.9362339e+01   2.0000000e+00
  -2.6207169e+02  -5.6845520e+01   1.0000000e+00
   2.3180920e+02  -8.8282267e+01   2.0000000e+00
  -1.8220416e+02  -2.7617945e+02   2.0000000e+00
   1.0075864e+02  -2.8141957e+02   2.0000000e+00
  -5.7196808e+00  -4.2882708e+01   2.0000000e+00
   2.5449746e+02  -7.0668131e+00   2.0000000e+00
  -8.0743733e+01   2.5630108e+02   2.0000000e+00
   2.8927502e+02   2.1683964e+01   2.0000000e+00
   7.2922203e+01   2.7930709e+02   2.0000000e+00
  -2.3002976e+02  -2.7514484e+02   2.0000000e+00
   2.6612288e+02  -6.5968251e+01   2.0000000e+00
  -1.2088570e+02   1.6021287e+02   2.0000000e+00
   1.4543881e+02   1.9340249e+02   1.9000000e+00
  -2.4713229e+02  -7.4632496e+01   2.0000000e+00
  -1.5492996e+02   2.8171786e+02   2.0000000e+00
  -3.3094387e+02   1.2201303e+01   2.0000000e+00
   1.6356308e+01  -2.5381697e+02   2.0000000e+00
  -1.3368756e+02   9.3505558e+00   2.0000000e+00
  -3.0517390e+02  -2.8654162e+02   2.0000000e+00
   2.2722338e+02   1.6259910e+02   1.0000000e+00
   2.4382139e+02   2.3946684e+02   1.0000000e+00
  -2.2246038e+01   2.5290676e+01   2.0000000e+00
  -1.8971032e+02  -1.8351137e+02   2.0000000e+00
   2.9867341e+02  -1.6845436e+02   2.0000000e+00
   2.4137476e+01  -1.4112863e+02   2.0000000e+00
  -1.1759911e+02   2.2977924e+02   2.0000000e+00
  -2.7192832e+02  -1.0652305e+00   1.3000000e+00
   1.2895833e+02   2.9351314e+01   2.0000000e+00
  -1.4120812e+02  -2.3582369e+02   2.0000000e+00
  -2.7790178e+02  -1.6211930e+02   2.0000000e+00
   2.6524706e+02  -2.6306023e+02   2.0000000e+00
  -1.0015412e+02   3.0837611e+02   2.0000000e+00
  -4.9499656e+01  -1.0312016e+02   2.0000000e+00
  -3.2164109e+02   1.4590896e+02   1.0000000e+00
  -4.1112094e+01   1.3690295e+02   2.0000000e+00
   1.5301953e+02   7.8394992e+01   2.0000000e+00
  -2.6970972e+02   1.6650254e+02   2.0000000e+00
  -2.6667394e+02  -1.0426016e+02   2.0000000e+00
   2.5399967e+02  -3.3892439e+02   1.0000000e+00
  -7.0457820e+01   8.9297090e+01   2.0000000e+00
  -2.9568317e+02   1.0249049e+02   2.0000000e+00
   2.9073408e+02  -3.5578223e+02   1.0000000e+00
  -3.4437348e+02  -2.7901461e+02   2.0000000e+00
  -6.3606239e+00   2.5496302e+01   2.0000000e+00
   2.1964346e+02  -1.5177960e+02   2.0000000e+00
  -2.5953460e+02   1.0417785e+02   2.0000000e+00
  -1.0045454e+02   1.2193171e+02   2.0000000e+00
  -1.8154944e+02   1.7231686e+02   2.0000000e+00
  -1.9742399e+02  -2.9532244e+02   2.0000000e+00
   2.2731948e+01  -2.1493377e+01   2.0000000e+00
   2.0144665e+02  -7.1167852e+01   2.0000000e+00
  -2.4313975e+02  -3.4351702e+02   2.0000000e+00
   1.0568851e+02   7.6250447e+01   2.0000000e+00
   3.0638221e+01  -1.3142070e+02   2.0000000e+00
  -7.0404547e+01   6.3359960e+01   2.0000000e+00
   3.3860845e+02  -2.1309649e+00   2.0000000e+00
  -2.5510821e+02   3.0551061e+02   1.0000000e+00
   5.3884168e+01   7.4825836e+01   2.0000000e+00
   1.4960413e+02   4.0417021e+00   2.0000000e+00
  -3.1669278e+02  -1.2866043e+02   2.0000000e+00
  -1.3115940e+02   3.0808810e+02   2.0000000e+00
   1.9377114e+02   3.2537725e+02   1.0000000e+00
   3.2098953e+02  -4.0545714e+01   2.0000000e+00
   1.2920947e+02   2.8709861e+02   2.0000000e+00
   2.0066462e+02   3.1768881e+02   1.0000000e+00
  -2.0898978e+02   1.3314922e+02   2.0000000e+00
   2.3195929e+02  -3.1085008e+02   1.0000000e+00
   6.6159213e+01  -8.7946571e+01   2.0000000e+00
  -2.9638181e+02  -2.1792876e+02   2.0000000e+00
   3.6728346e+01   1.9770738e+02   2.0000000e+00
  -1.5022878e+02  -2.4871876e+02   2.0000000e+00
   1.2841913e+02   3.5865962e+01   2.0000000e+00
  -3.1804442e+02  -1.3599765e+01   2.0000000e+00
   7.9961314e+01  -3.0422721e+02   2.0000000e+00
   1.1532095e+02   2.7989371e+02   2.0000000e+00
   2.1161694e+02   3.1467910e+02   1.0000000e+00
  -3.4343897e+02  -2.6790166e+02   2.0000000e+00
   2.3385398e+02   2.8376754e+02   1.0000000e+00
   2.9022152e+02  -3.6849166e+02   1.0000000e+00
  -2.3788499e+02  -3.0671794e+01   2.0000000e+00
  -2.2135306e+02   3.3119209e+01   2.0000000e+00
   4.7469307e+01  -1.5733165e+02   2.0000000e+00
   3.2149516e+01  -2.0416094e+01   1.0000000e+00
  -2.2533591e+02  -2.4254743e+02   2.0000000e+00
  -3.0813629e+02  -9.1075458e+01   2.0000000e+00
   1.1685869e+02  -2.8199237e+02   2.0000000e+00
   2.1810468e+02   3.8929002e+01   2.0000000e+00
   3.0066125e+02  -4.1629465e+01   2.0000000e+00
   3.4953530e+02  -6.3797421e+01   2.0000000e+00
  -7.7325644e+01  -7.7209266e+01   2.0000000e+00
  -9.4648412e+01  -2.4399015e+02   1.0000000e+00
  -9.1741416e+01   1.0042292e+02   2.0000000e+00
   5.4019005e+01  -2.6577468e+02   2.0000000e+00
   1.7000840e+02   2.6694812e+02   1.1000000e+00
   1.4597828e+02  -3.1111227e+02   1.0000000e+00
  -6.2342541e+01  -1.8068308e+02   2.0000000e+00
  -1.4509607e+02   1.2487547e+02   2.0000000e+00
  -8.2899270e+01   2.0752745e+02   2.0000000e+00
   8.1085050e+01   1.9335878e+02   1.0000000e+00
  -3.4595716e+01  -1.8324586e+02   2.0000000e+00
   2.6731294e+02   2.8815596e+02   1.0000000e+00
  -1.7449465e+02  -2.0622593e+01   2.0000000e+00
  -2.3077545e+02  -1.6902798e+02   2.0000000e+00
  -2.6335406e+02  -2.6771236e+02   2.0000000e+00
  -1.8293307e+02   1.1690028e+02   2.0000000e+00
   1.7487760e+02   2.6554611e+02   1.2000000e+00
  -1.6575747e+02   2.3571544e+02   2.0000000e+00
   3.2310345e+02  -1.7758155e+02   2.0000000e+00
   1.9097601e+01   1.9537751e+02   2.0000000e+00
  -1.0496391e+02   6.8437137e+01   2.0000000e+00
   1.8165280e+02   9.8167767e+00   2.0000000e+00
   3.0556198e+02  -1.6319330e+02   2.0000000e+00
   8.0202461e+01  -2.0412449e+02   2.0000000e+00
   2.1628619e+02  -7.9231376e+01   2.0000000e+00
   9.2409722e+01   5.7663148e+01   2.0000000e+00
  -2.8250757e+02   9.6225306e+01   2.0000000e+00
   2.8052031e+02   1.9167280e+02   2.0000000e+00
  -2.9587743e+02   2.6481841e+02   1.0000000e+00
   2.6456804e+02   2.0714483e+02   1.6000000e+00
  -2.5787982e+02  -1.9816877e+02   2.0000000e+00
  -3.2876802e+02  -2.7612174e+02   2.0000000e+00
   2.5931180e+02   7.4793291e+00   2.0000000e+00
   1.6579703e+02   1.5093065e+02   2.0000000e+00
   3.5047430e+00  -2.2110886e+02   2.0000000e+00
  -1.6909724e+02   1.7794367e+02   2.0000000e+00
  -3.4882847e+01  -3.2547813e+02   2.0000000e+00
   3.2471241e+02  -2.7130151e+02   2.0000000e+00
   1.4536993e+02   4.2461230e+01   2.0000000e+00
   2.2787522e+02  -2.0498846e+02   2.0000000e+00
  -3.7286376e+01  -2.9154492e+02   2.0000000e+00
   2.4364367e+02  -1.4532973e+02   2.0000000e+00
   3.3003544e+02   1.1954750e+02   1.0000000e+00
   2.6181737e+02   1.8200383e+02   1.8000000e+00
  -1.1984813e+01  -2.3808596e+02   2.0000000e+00
   6.8308511e+01   2.7011969e+02   2.0000000e+00
  -2.4943000e+01  -2.0698308e+02   2.0000000e+00
  -1.2993794e+02   2.2256117e+02   2.0000000e+00
   3.0752156e+02  -5.1818480e+01   2.0000000e+00
  -3.2272462e+02  -1.0228076e+01   2.0000000e+00
   1.9055935e+02   2.0569495e+02   1.0000000e+00
   1.6790675e+02  -6.2452931e+00   2.0000000e+00
   5.3349980e+00   2.5520157e+02   2.0000000e+00
  -2.2055755e+02  -1.8164694e+02   2.0000000e+00
  -9.9737727e+01   3.1875529e+02   2.0000000e+00
  -2.5477275e+02   6.2720033e+01   2.0000000e+00
  -3.1936721e+02  -2.4225098e+02   2.0000000e+00
  -2.2803523e+02   3.1143301e+02   1.0000000e+00
  -7.6664773e+01   2.6430028e+02   2.0000000e+00
   2.6703857e+01   3.7071837e+00   2.0000000e+00
   1.0924815e+02  -5.0852819e+01   1.0000000e+00
  -8.2689130e+01   3.1383912e+02   2.0000000e+00
   1.0196484e+02  -1.4907903e+02   2.0000000e+00
   1.6187044e+02  -3.1003389e+01   2.0000000e+00
   1.5446954e+02   6.8673913e+01   2.0000000e+00
   2.1915723e+02  -3.5560608e+02   2.0000000e+00
  -8.5848803e+01  -4.0777870e+01   2.0000000e+00
   2.7195702e+02  -3.7474693e+02   2.0000000e+00
  -3.0889167e+02   1.8705494e+02   1.0000000e+00
   2.7562130e+02   6.5676644e+01   2.0000000e+00
   1.7682987e+01  -3.5427600e+01   2.0000000e+00
   5.7720324e+01   7.1432517e+01   2.0000000e+00
  -2.5952727e+02  -1.1345674e+00   1.0000000e+00
  -8.8577356e+01  -2.4162712e+02   1.0000000e+00
   2.8696818e+02   9.7311653e+00   2.0000000e+00
   6.8998727e+01  -5.6738125e+01   2.0000000e+00
  -1.9727924e+02   1.6701641e+02   2.0000000e+00
   2.0227045e+02   6.4077680e+01   2.0000000e+00
  -3.8000013e+01   7.8463109e+01   2.0000000e+00
  -1.1397383e+01   3.7795277e+01   2.0000000e+00
   3.0623438e+02   1.3192217e+02   1.0000000e+00
  -3.2021813e+02  -8.8443503e+01   2.0000000e+00
   3.0877243e+01   1.7610806e+02   2.0000000e+00
   1.6197531e+01  -2.1213124e+02   2.0000000e+00
  -2.0906844e+02  -8.8903790e+01   2.0000000e+00
   3.1710820e+02  -2.4351982e+02   2.0000000e+00
   9.6814080e+00   2.8755408e+02   2.0000000e+00
  -1.4454077e+02   8.6834105e+01   2.0000000e+00
   6.6551020e+01   2.2711333e+02   2.0000000e+00
  -5.0733173e+00   3.2448827e+02   2.0000000e+00
   2.9440137e+02  -3.7231925e+02   1.0000000e+00
   2.6264584e+02   1.8486829e+01   2.0000000e+00
   2.9402789e+02  -2.0916324e+02   2.0000000e+00
   1.3327687e+02   2.5300866e+02   2.0000000e+00
  -1.1727371e+02   3.1882095e+02   2.0000000e+00
   1.8134651e+02  -2.1464482e+02   2.0000000e+00
   3.0966474e+01  -2.1238197e+02   2.0000000e+00
   2.1370469e+02  -9.9693512e+01   2.0000000e+00
   2.6192884e+02  -3.6285981e+02   2.0000000e+00
  -3.2928182e+02   5.6312598e+01   1.0000000e+00
  -8.8392706e+00   6.5036725e+01   2.0000000e+00
  -2.1911136e+02   2.7920118e+02   2.0000000e+00
  -2.1445955e+02  -2.3187076e+01   2.0000000e+00
   2.9088149e+02   7.8947830e+01   2.0000000e+00
   2.9934564e+02  -1.4466776e+02   2.0000000e+00
   2.2227456e+02  -3.1642366e+02   1.0000000e+00
   2.1725506e+02   8.5525392e+00   2.0000000e+00
  -3.3226668e+02  -3.0867282e+02   1.0000000e+00
  -2.7727517e+02   1.6355200e+01   2.0000000e+00
  -3.2133651e+02   2.6125270e+02   1.0000000e+00
  -2.7983408e+02   1.6208063e+01   2.0000000e+00
  -2.5051079e+02   8.9249448e+01   2.0000000e+00
   2.7781102e+02  -3.6399546e+02   1.0000000e+00
   1.1934257e+02   5.8801390e+01   2.0000000e+00
  -1.9336115e+01  -1.6631213e+02   2.0000000e+00
  -3.1958298e+02   2.7778494e+02   1.0000000e+00
  -3.1052396e+02   1.5260187e+01   2.0000000e+00
   2.5902856e+02  -9.0779517e+00   2.0000000e+00
  -3.2031678e+02  -4.8240398e+01   2.0000000e+00
  -2.7303930e+02  -2.4595133e+02   2.0000000e+00
   2.3107181e+02  -2.0744485e+02   2.0000000e+00
  -2.2922111e+02   2.7784802e+02   2.0000000e+00
   2.3999638e+02  -5.5048631e+01   2.0000000e+00
  -1.5758406e+02  -1.0383822e+02   2.0000000e+00
  -6.7079445e+01   1.9062247e+00   2.0000000e+00
   1.3285398e+02  -8.0685885e+01   2.0000000e+00
   1.0783095e+02  -2.8648623e+02   2.0000000e+00
  -2.5739748e+02  -1.4336810e+02   2.0000000e+00
  -2.9640839e+02  -2.9220824e+02   2.0000000e+00
   1.6693688e+02  -6.7804326e+01   2.0000000e+00
  -1.8112549e+02   3.0528923e+02   2.0000000e+00
   8.4065390e+01   3.0332404e+02   2.0000000e+00
   3.2548582e+02   6.8743977e+01   2.0000000e+00
   1.4751766e+02  -2.5102598e+02   2.0000000e+00
   7.5082959e+01   3.0060439e+02   2.0000000e+00
   1.0849634e+01  -2.3492533e+02   2.0000000e+00
   3.2541380e+02   1.4993086e+02   1.0000000e+00
  -2.2731614e+02  -1.7436331e+02   2.0000000e+00
   1.1983132e+02   2.7695054e+02   2.0000000e+00
   2.2449636e+02  -1.3884557e+02   2.0000000e+00
   1.8266513e+01  -5.5900179e+01   2.0000000e+00
   2.4592736e+02  -9.4607588e+01   2.0000000e+00
   7.8434461e+01  -2.0021312e+02   2.0000000e+00
   1.2199702e+02  -1.5490155e+00   2.0000000e+00
  -2.2009166e+02   1.9886650e+02   2.0000000e+00
   3.3231275e+02  -2.5307275e+02   2.0000000e+00
   1.8824466e+02  -1.6433038e+02   2.0000000e+00
   8.5886733e+01  -1.0724698e+02   2.0000000e+00
   5.2523083e+01  -2.7880770e+02   2.0000000e+00
   3.6114680e+01   3.0003046e+02   2.0000000e+00
  -1.3411482e+02  -2.4816896e+02   2.0000000e+00
   1.7096356e+02   2.8132968e+01   2.0000000e+00
   1.4786665e+01  -8.7063704e+00   2.0000000e+00
   2.5522142e+02  -1.5050482e+02   2.0000000e+00
  -2.5524605e+02  -2.2372782e+02   2.0000000e+00
  -1.6572659e+02  -3.0348367e+02   2.0000000e+00
   9.9654256e+01  -3.0044910e+02   2.0000000e+00
  -2.9649229e+02   1.0896013e+02   2.0000000e+00
  -2.8188979e+02  -3.2782539e+02   2.0000000e+00
  -1.9375538e+02   1.8068349e+02   2.0000000e+00
  -2.6035858e+02   1.5895158e+02   2.0000000e+00
  -2.3697478e+02  -7.4349744e+01   2.0000000e+00
  -2.1543306e+02   1.4223511e+02   2.0000000e+00
   3.0750740e+02  -6.1804509e+01   2.0000000e+00
   8.3170347e+01  -2.2652320e+02   2.0000000e+00
   8.4424315e+01   2.7323713e+02   2.0000000e+00
   2.9130531e+02  -3.3604129e+02   1.0000000e+00
   9.0200584e+01  -1.6186511e+02   2.0000000e+00
  -3.1908297e+01  -2.4298576e+02   2.0000000e+00
  -2.3939459e+02   5.2935728e+00   2.0000000e+00
   1.3023323e+02  -1.4914124e+02   2.0000000e+00
  -1.9389881e+02   2.2140363e+02   2.0000000e+00
   1.4174510e+02   3.1188047e+02   2.0000000e+00
  -2.4413991e+02  -2.4498191e+02   2.0000000e+00
   2.3977604e+02   3.2086201e+02   1.0000000e+00
  -1.7464012e+02   2.5920926e+02   2.0000000e+00
   2.7963778e+02   4.5320067e+01   2.0000000e+00
   2.2650237e+01   3.0320164e+02   2.0000000e+00
  -2.8690533e+02  -2.1894654e+02   2.0000000e+00
  -1.6535490e+02  -3.2603903e+02   2.0000000e+00
   3.2894761e+02   4.6242111e+01   2.0000000e+00
   7.1291030e+01  -2.9352211e+02   2.0000000e+00
   2.9239687e+02  -5.9936367e+01   2.0000000e+00
   3.3016866e+02  -2.5803389e+02   2.0000000e+00
  -2.7750901e+02   9.2489246e+01   2.0000000e+00
  -1.3782529e+02   2.8558958e+01   2.0000000e+00
  -1.6379044e+02  -2.3068182e+02   2.0000000e+00
   3.2828837e+02   9.7681238e+01   2.0000000e+00
   4.3181757e+01  -1.5669596e+02   2.0000000e+00
  -3.3022200e+02  -1.5499616e+02   2.0000000e+00
   2.6466161e+02  -2.1765608e+02   2.0000000e+00
  -2.0813915e+02   6.9655446e+01   2.0000000e+00
  -3.5119940e+01   1.7222363e+02   2.0000000e+00
   1.6239547e+01  -1.3052843e+02   2.0000000e+00
  -2.1905584e+02  -1.5213856e+02   2.0000000e+00
  -2.3012642e+02  -2.5063235e+02   2.0000000e+00
   1.8163451e+02  -3.1462757e+02   2.0000000e+00
  -1.3880656e+02  -6.4560795e+00   2.0000000e+00
   7.4648486e+00  -1.4414479e+02   2.0000000e+00
  -2.3596665e+02   2.4432445e+02   2.0000000e+00
  -1.5108043e+02   2.7887718e+01   2.0000000e+00
   4.9617681e+01  -3.4051836e+02   2.0000000e+00
  -2.1415386e+02  -3.0153392e+02   2.0000000e+00
   3.4109839e+02  -2.7790890e+02   2.0000000e+00
  -1.3067755e+02   2.4924394e+02   2.0000000e+00
  -2.4381347e+02   1.2400654e+02   2.0000000e+00
   7.6128410e+01   3.7620246e+01   2.0000000e+00
  -2.9605059e+02   6.6420080e+00   2.0000000e+00
  -1.9377524e+02   4.0642576e+00   2.0000000e+00
   8.4343885e+00  -3.0665257e+02   2.0000000e+00
   2.6039528e+02   3.2217539e+02   1.0000000e+00
  -2.0681957e+02  -2.6635286e+02   2.0000000e+00
   1.6167102e+02   4.1647800e+00   2.0000000e+00
   2.0973719e+02  -1.3303263e+02   2.0000000e+00
  -2.1234502e+02   3.1250942e+02   2.0000000e+00
   1.3317681e+02  -1.4164061e+02   2.0000000e+00
   2.3599260e+02  -3.1819860e+02   1.0000000e+00
   1.3124371e+02   5.7264237e+01   2.0000000e+00
   9.1240736e+01   7.9595691e+01   2.0000000e+00
  -2.1817202e+02  -1.9496478e+02   2.0000000e+00
  -6.7994355e+01   1.5810250e+02   2.0000000e+00
  -5.5099841e+00  -1.8396578e+02   2.0000000e+00
   3.1616693e+02  -1.7040680e+02   2.0000000e+00
  -4.0502619e+01   2.6505920e+01   2.0000000e+00
  -1.0971441e+02  -3.2094788e+02   2.0000000e+00
  -3.4121118e+02  -2.6723922e+02   2.0000000e+00
  -4.8530302e+01   2.8732972e+01   2.0000000e+00
  -9.2913086e+01  -1.1404206e+02   2.0000000e+00
   2.7647202e+02  -1.9347737e+02   2.0000000e+00
   3.0877085e+01  -1.3928176e+02   2.0000000e+00
   1.5777211e+02   2.7604714e+02   2.0000000e+00
  -1.3638572e+02  -4.9887029e+01   2.0000000e+00
  -2.2304364e+02  -7.3269547e+01   2.0000000e+00
  -1.7321697e+02   3.0972617e+02   2.0000000e+00
  -2.3338467e+02  -2.3919404e+02   2.0000000e+00
   6.0822765e+01   2.1163625e+02   2.0000000e+00
  -8.3697965e+01  -1.6582254e+01   2.0000000e+00
   9.6842718e+01  -6.2207101e+01   2.0000000e+00
   1.3190706e+02   2.6558032e+02   2.0000000e+00
   3.2845877e+02  -8.3745263e+01   2.0000000e+00
   1.8300297e+02  -1.5688813e+02   2.0000000e+00
   1.8517496e+02   2.5739431e+02   1.2000000e+00
   1.0400639e+02   2.1063424e+02   1.7000000e+00
  -4.7884613e+01  -2.5116112e+02   2.0000000e+00
  -7.0544701e+01  -4.2721964e+01   2.0000000e+00
   1.0572399e+02  -7.9490897e+01   2.0000000e+00
  -8.5245591e+01  -5.5079501e+01   2.0000000e+00
   2.9713127e+01  -1.6634998e+01   1.0000000e+00
  -1.6612983e+02   1.0358733e+02   2.0000000e+00
   3.0060105e+02  -2.5936151e+02   2.0000000e+00
   7.5015453e+01  -1.4430657e+02   2.0000000e+00
  -3.3930954e+02  -2.9785952e+02   2.0000000e+00
   3.3297303e+02   2.5455129e+01   2.0000000e+00
  -5.5069764e+01   1.9415196e+02   2.0000000e+00
   1.9882509e+02  -2.1255816e+02   2.0000000e+00
  -2.5473969e+02  -1.4523281e+02   2.0000000e+00
  -2.6926550e+02  -6.8755008e+01   1.0000000e+00
   1.8794581e+02   1.2932457e+01   2.0000000e+00
  -1.5950392e+02  -1.1321813e+02   2.0000000e+00
  -2.3964447e+02   6.1355752e+01   2.0000000e+00
   9.8766509e+00  -4.3825785e+01   2.0000000e+00
   2.2014087e+02  -2.4070947e+02   2.0000000e+00
   4.1256651e+01  -1.1821531e+02   2.0000000e+00
  -1.4416370e+02   5.5741820e+01   2.0000000e+00
  -1.8844300e+01  -3.3936821e+02   2.0000000e+00
   1.3331482e+02   8.1601004e+01   2.0000000e+00
  -4.6036222e+01   2.9666058e+02   2.0000000e+00
  -2.5252812e+01  -3.8939890e+01   2.0000000e+00
   1.8999119e+02   1.6557699e+02   2.0000000e+00
   2.0662802e+02   3.1619854e+02   1.0000000e+00
   4.4948993e+01  -2.9423985e+02   2.0000000e+00
   1.9171152e+02  -2.0177484e+02   2.0000000e+00
  -2.5184077e+02  -1.2434732e+02   2.0000000e+00
   3.8505304e+01  -1.8030168e+02   2.0000000e+00
   1.9761661e+02   3.5423093e+01   2.0000000e+00
  -2.1622356e+02  -5.6919808e+01   2.0000000e+00
   3.2620077e+02  -3.7464477e+02   1.0000000e+00
  -1.9784839e+02  -9.0118049e+01   2.0000000e+00
  -2.4046255e+02   2.9473706e+02   2.0000000e+00
   8.9089696e+01   3.3056780e+02   2.0000000e+00
   8.1948563e+01   1.3440504e+02   1.0000000e+00
   3.2728816e+02  -1.7536372e+02   2.0000000e+00
   1.7775406e+02   1.7171446e+02   2.0000000e+00
   2.3257584e+02  -3.2999994e+01   2.0000000e+00
  -5.6570304e+01   2.4367615e+02   2.0000000e+00
   3.1598453e+02   6.7586744e+01   2.0000000e+00
  -2.9439048e+02   8.4709550e+01   2.0000000e+00
   8.5671122e+01  -8.6554861e+01   2.0000000e+00
   1.3501065e+02   2.3450189e+02   2.0000000e+00
  -2.5554804e+02   2.6703139e+02   2.0000000e+00
  -3.1311649e+02   1.5844172e+02   1.0000000e+00
  -9.1503333e+01  -3.0645595e+02   2.0000000e+00
   1.3540051e+02   3.1739532e+02   2.0000000e+00
   3.1552046e+02  -4.1033045e+01   2.0000000e+00
   3.2113452e+02  -3.3936191e+01   2.0000000e+00
  -3.2937776e+02   3.8512002e+01   2.0000000e+00
   1.8863252e+02   1.9474080e+02   2.0000000e+00
  -2.8616656e+02   2.3829825e+02   1.0000000e+00
  -3.1982779e+02  -3.6323696e+01   2.0000000e+00
  -1.2373802e+02   2.0079797e+02   2.0000000e+00
  -3.1723504e+02   2.1824293e+02   1.0000000e+00
  -2.3834879e+01  -2.3851418e+02   2.0000000e+00
   3.3577975e+02  -2.1087692e+02   2.0000000e+00
  -2.3214565e+02  -1.3083390e+02   2.0000000e+00
   1.8326546e+02   6.6523660e+00   2.0000000e+00
  -2.0111783e+02  -3.3963784e+02   2.0000000e+00
   7.9348391e+01   1.8899419e+02   1.0000000e+00
  -9.1229534e+01  -4.5571094e+01   2.0000000e+00
  -2.6459167e+02   2.6704661e+02   2.0000000e+00
   3.1520373e+02  -9.5413147e+01   2.0000000e+00
  -2.5157787e+02   2.0339623e+02   2.0000000e+00
   1.1133569e+02  -2.7773889e+02   2.0000000e+00
  -1.8660175e+02   1.6946725e+02   2.0000000e+00
  -2.7631923e+02  -3.0336169e+01   1.0000000e+00
  -2.9351770e+02   1.0773634e+02   2.0000000e+00
  -1.1713171e+02   3.1387034e+02   2.0000000e+00
   2.5666615e+01   2.4499278e+02   2.0000000e+00
  -2.1632554e+02  -3.2862289e+02   2.0000000e+00
  -2.2915667e+02  -1.1201160e+02   2.0000000e+00
  -6.2672068e+01   1.2126852e+02   2.0000000e+00
  -2.0844435e+02   1.3232259e+02   2.0000000e+00
   9.3295806e+01  -1.3280230e+02   2.0000000e+00
  -3.2881412e+02  -1.2579533e+02   2.0000000e+00
   2.2056879e+02  -3.8398178e+01   2.0000000e+00
  -6.7582817e+01   9.4320135e+01   2.0000000e+00
   2.7815687e+02   2.1391071e+02   1.0000000e+00
  -1.9536126e+02  -7.1538510e+00   2.0000000e+00
   3.2388395e+02   1.3106186e+01   2.0000000e+00
   1.9751842e+02  -4.0494418e+00   2.0000000e+00
   3.3396525e+02   1.2670212e+02   1.0000000e+00
   1.4491027e+02  -2.3129555e+02   2.0000000e+00
  -1.3082647e+01  -5.4280751e+00   2.0000000e+00
  -1.3536512e+02   2.6314752e+02   2.0000000e+00
  -1.6098613e+02   1.5229751e+02   2.0000000e+00
   2.7197444e+02   1.2290900e+02   1.0000000e+00
  -2.8540486e+01  -2.6252677e+02   2.0000000e+00
  -3.1536368e+02   3.1894378e+01   2.0000000e+00
  -1.0231893e+02   1.7699638e+02   2.0000000e+00
  -2.8378194e+02  -3.5346857e+01   1.0000000e+00
   2.1753936e+01   2.6960729e+02   2.0000000e+00
   3.4922420e+01  -1.5066663e+02   2.0000000e+00
  -3.2081916e+02  -6.3061312e+01   2.0000000e+00
   2.2437406e+02  -3.3048037e+02   2.0000000e+00
  -6.4990536e+01  -1.0305897e+02   2.0000000e+00
   7.5847990e+01  -4.8895707e+01   2.0000000e+00
   9.4522332e+01  -3.3210880e+02   2.0000000e+00
  -2.7164032e+02   2.3934047e+01   2.0000000e+00
   1.3597206e+02  -9.1750064e+00   2.0000000e+00
   2.4029109e+02   2.8667619e+02   1.0000000e+00
  -1.1437364e+01  -2.5319160e+02   2.0000000e+00
   1.0499460e+02  -2.6791389e+02   2.0000000e+00
  -1.5675193e+02  -5.5020635e+01   2.0000000e+00
   2.7304948e+01  -1.8599778e+02   2.0000000e+00
  -1.0051947e+02  -8.1688122e+00   2.0000000e+00
  -1.9472893e+02  -3.4206759e+02   2.0000000e+00
   8.5201995e+01   1.5372605e+02   1.0000000e+00
  -2.0338310e+02  -1.5209409e+02   2.0000000e+00
   4.3711331e+01  -1.5971772e+02   2.0000000e+00
  -2.0937956e+02  -1.0508037e+02   2.0000000e+00
   2.1345860e+02  -8.0246622e+01   2.0000000e+00
  -2.7545771e+02   1.6348618e+02   2.0000000e+00
  -2.6314305e+02   1.3055600e+02   2.0000000e+00
  -1.4016862e+02   1.7570477e+02   2.0000000e+00
  -2.7751735e+02  -3.0981596e+02   2.0000000e+00
   4.6992021e+01   2.0831597e+02   2.0000000e+00
  -2.1535087e+02  -1.5295867e+02   2.0000000e+00
  -2.4525982e+02  -1.8078990e+02   2.0000000e+00
   7.2965141e+01  -2.4797624e+02   2.0000000e+00
   1.9237095e+02  -1.6396961e+02   2.0000000e+00
   6.2080061e+01  -1.3569332e+02   2.0000000e+00
   3.2551139e+02  -2.7497401e+02   2.0000000e+00
   3.2727698e+02  -2.3443404e+02   2.0000000e+00
   1.6706877e+02  -1.3433556e+02   2.0000000e+00
   8.2419989e+01  -2.9417319e+02   2.0000000e+00
   3.3973457e+02  -9.7565776e+01   2.0000000e+00
  -1.0607910e+02   9.7681611e+00   2.0000000e+00
  -8.6620972e+01  -1.0455328e+02   2.0000000e+00
  -2.3616787e+01  -2.8532422e+01   2.0000000e+00
   1.5306671e+02   1.9030327e+02   2.0000000e+00
  -2.6915487e+02   2.2422445e+02   1.0000000e+00
  -1.1964075e+02   6.3190318e+01   2.0000000e+00
  -1.3295716e+02  -1.0541845e+02   2.0000000e+00
  -4.5302617e+01  -1.8704744e+02   2.0000000e+00
  -4.0779779e+01   8.0021584e+00   2.0000000e+00
   1.9885341e+02   1.8783543e+02   1.0000000e+00
  -2.3447012e+02  -2.7176765e+01   2.0000000e+00
  -9.5634086e+01   2.5610350e+02   2.0000000e+00
  -2.0159081e+02   4.1157583e+01   2.0000000e+00
  -2.7916785e+02   2.0363448e+02   1.0000000e+00
  -1.4800030e+02   4.9218485e+00   2.0000000e+00
   1.2150637e+02  -7.5684281e+01   2.0000000e+00
  -1.2159257e+02  -8.1837066e+01   2.0000000e+00
  -2.9032058e+02   1.6276243e+02   1.0000000e+00
  -5.4954681e+01   1.9520752e+02   2.0000000e+00
   2.1062013e+02  -2.1727000e+02   2.0000000e+00
  -2.0325271e+02   1.4567690e+02   2.0000000e+00
   1.8672828e+01  -2.2957741e+02   2.0000000e+00
   1.4705067e+02  -1.9330466e+02   2.0000000e+00
  -2.5052968e+02  -2.9656668e+02   2.0000000e+00
  -2.8604272e+02  -1.9421343e+02   2.0000000e+00
  -1.4927784e+02   3.0862388e+02   2.0000000e+00
  -4.9588527e+01   7.9731291e+00   2.0000000e+00
   1.0457092e+02   1.9319566e+02   1.0000000e+00
  -2.2197904e+02   2.7503541e+02   2.0000000e+00
   2.7031739e+02   2.1258401e+02   1.7000000e+00
  -7.1823029e+00   4.1889373e+01   2.0000000e+00
  -3.0876055e+02   1.8516651e+02   1.0000000e+00
  -2.1177336e+02   1.3554153e+02   2.0000000e+00
   1.5080963e+02  -1.8448057e+01   2.0000000e+00
   2.3232640e+01  -6.8490571e+01   2.0000000e+00
   1.2098171e+01  -2.1433246e+02   2.0000000e+00
   1.6534575e+02   8.0739774e+01   2.0000000e+00
  -1.6984972e+02  -1.5989943e+01   2.0000000e+00
  -2.0780330e+02   3.0084217e+02   2.0000000e+00
   7.0063846e+00  -1.4438258e+02   2.0000000e+00
   1.7785304e+02   3.2627593e+02   2.0000000e+00
  -1.4866782e+02  -4.6029491e+01   2.0000000e+00
  -3.2910894e+02   3.9738299e+01   2.0000000e+00
   1.5685608e+02   3.0153210e+02   2.0000000e+00
   9.0904281e+01   2.8882295e+01   2.0000000e+00
  -1.3896624e+02   9.2901990e+01   2.0000000e+00
   1.9648475e+02  -7.7838793e+01   2.0000000e+00
   2.0420375e+02   2.4993397e+02   1.0000000e+00
   8.9992574e+01   4.5524111e+01   2.0000000e+00
   2.1396008e+02  -4.7141409e+01   2.0000000e+00
   2.0980582e+02  -1.8455227e+02   2.0000000e+00
   1.6835952e+02   2.9429369e+02   2.0000000e+00
   3.3991832e+02  -1.6509772e+01   2.0000000e+00
  -1.8305869e+02   1.1736034e+01   2.0000000e+00
   2.0672078e+02  -1.5910345e+02   2.0000000e+00
   1.4168083e+02   7.2316650e+01   2.0000000e+00
  -2.5193626e+02   1.0895803e+02   2.0000000e+00
  -2.9055666e+01  -9.4415547e+01   2.0000000e+00
  -3.2589845e+02   1.4045259e+01   2.0000000e+00
   1.6711536e+02   2.9927883e+02   2.0000000e+00
   2.6804808e+02   5.7368853e+01   2.0000000e+00
  -2.9117530e+02  -2.2689597e+02   2.0000000e+00
  -1.2621200e+02  -3.5804833e+02   2.0000000e+00
  -1.7696907e+02  -2.3732506e+01   2.0000000e+00
   1.1782738e+02  -1.6536503e+02   2.0000000e+00
  -2.1614749e+02   6.9427722e+00   2.0000000e+00
  -2.6777356e+02  -8.8907610e+01   2.0000000e+00
   4.6771902e+00  -2.9532700e+02   2.0000000e+00
   2.8540100e+02  -2.0951236e+02   2.0000000e+00
  -9.1364896e+01   8.5985298e+01   2.0000000e+00
   6.6467786e+01   2.5599461e+02   2.0000000e+00
  -2.1974038e+02  -2.8881243e+02   2.0000000e+00
  -3.2477860e+02  -1.1613547e+02   2.0000000e+00
  -1.9809834e+02  -5.1518492e+01   2.0000000e+00
  -1.0482766e+02   1.2354628e+02   2.0000000e+00
  -3.2705027e+02  -1.0871395e+02   1.0000000e+00
   3.2232135e+02  -1.1212397e+02   2.0000000e+00
   1.5308159e+01   2.2465266e+02   2.0000000e+00
   2.7094974e+02   2.5691054e+02   1.0000000e+00
   3.3422340e+02   1.2463952e+02   1.0000000e+00
  -2.3265827e+02  -1.3956778e+02   2.0000000e+00
  -1.2500741e+02  -3.1167478e+02   2.0000000e+00
  -3.1171036e+02   2.2385276e+02   1.0000000e+00
   2.9198664e+02   3.0428339e+02   1.0000000e+00
  -2.7024661e+01   4.1401234e+01   2.0000000e+00
  -2.2137761e+02   3.0559653e+02   2.0000000e+00
   9.1401695e+01  -6.1238112e+01   1.0000000e+00
   2.5470618e+02  -2.1298843e+02   2.0000000e+00
   1.3532249e+02   2.5674277e+02   2.0000000e+00
  -2.5480824e+02   2.8875429e+02   1.0000000e+00
  -3.9243604e+01   2.4701102e+02   2.0000000e+00
   1.7658631e+02   3.2634642e+02   2.0000000e+00
   1.4552173e+02   2.0139055e+02   2.0000000e+00
   1.0398136e+02   1.5091348e+02   1.0000000e+00
  -1.5896121e+02   2.9682069e+02   2.0000000e+00
  -2.7569634e+02  -2.2955389e+02   2.0000000e+00
   1.4032647e+02   2.3065726e+02   2.0000000e+00
  -2.6710977e+02   2.2891669e+02   1.0000000e+00
   1.6915898e+02   1.5841771e+02   2.0000000e+00
   7.5891221e+01   1.6965075e+02   1.0000000e+00
  -4.6492332e+01   2.9096933e+02   2.0000000e+00
   1.2034424e+02   1.9339565e+02   1.5000000e+00
   3.4949428e+00   1.3352336e+01   2.0000000e+00
   2.0005256e+02   2.4054683e+02   1.3000000e+00
   2.1789969e+02   2.9046193e+02   1.0000000e+00
  -1.5521967e+02   1.3640238e+02   2.0000000e+00
   5.1963735e+01  -3.3959516e+02   2.0000000e+00
  -1.3881476e+02  -1.1108442e+02   2.0000000e+00
   2.6946671e+02   1.8485409e+01   2.0000000e+00
  -1.7894587e+02   4.8976941e+01   2.0000000e+00
  -5.3241451e+01  -5.3926512e+01   2.0000000e+00
  -9.9444839e+01   1.7570971e+02   2.0000000e+00
  -1.0905373e+01  -4.2892600e+01   2.0000000e+00
   1.5929037e+02   1.9305090e+02   2.0000000e+00
  -1.3077224e+02   2.6283257e+02   2.0000000e+00
  -3.3979629e+02  -3.0989042e+02   1.0000000e+00
   2.7603034e+02  -1.7350898e+02   2.0000000e+00
   2.2937318e+02   1.0214139e+02   2.0000000e+00
  -3.0806657e+02  -1.7920050e+02   2.0000000e+00
  -2.7250327e+02  -2.0616024e+01   1.0000000e+00
   2.8914114e+02  -2.1523033e+02   2.0000000e+00
  -2.0679564e+00  -2.2714416e+02   2.0000000e+00
  -2.7215450e+02   1.7906351e+02   2.0000000e+00
   1.9817616e+02   2.2002273e+02   1.2000000e+00
   4.0423052e+01  -1.7872823e+02   2.0000000e+00
  -8.7952022e+00  -2.6525776e+02   2.0000000e+00
   3.0301979e+02  -7.5155015e+01   2.0000000e+00
  -2.7324430e+02  -2.0899412e+02   2.0000000e+00
  -3.1011789e+02   2.8458401e+02   1.0000000e+00
  -2.0837645e+01  -3.3034458e+02   2.0000000e+00
   1.4313999e+02   7.9847821e+01   2.0000000e+00
   2.6733765e+02  -1.2420904e+02   2.0000000e+00
  -9.0183772e+01   2.7330460e+02   2.0000000e+00
   1.7149707e+02  -1.9540809e+02   2.0000000e+00
   9.4608086e+01  -1.3962201e+02   2.0000000e+00
  -1.4002058e+02   2.3382330e+02   2.0000000e+00
  -1.0967941e+02   3.1558761e+02   2.0000000e+00
  -1.4385367e+02   1.2515058e+02   2.0000000e+00
  -2.2304696e+02   2.6177652e+02   2.0000000e+00
  -3.0191583e+02  -3.5760603e+01   2.0000000e+00
  -9.6475062e+01   1.6694127e+02   2.0000000e+00
  -3.1945005e+02  -2.2677949e+02   2.0000000e+00
  -2.2267670e+02  -3.2226829e+02   2.0000000e+00
  -2.2009944e+02   2.8861477e+02   2.0000000e+00
  -3.5614926e+01   1.1641488e+02   2.0000000e+00
   2.7111487e+02   2.2291403e+02   1.0000000e+00
  -2.8500348e+02  -6.5541687e+01   1.5000000e+00
   3.1732291e+01  -2.3531785e+02   2.0000000e+00
  -2.0474886e+02   1.2549107e+02   2.0000000e+00
  -2.8801767e+02   2.0420893e+02   1.0000000e+00
  -2.1668104e+02  -4.2748430e-01   2.0000000e+00
  -2.3691442e+02   1.2330741e+02   2.0000000e+00
  -4.6161532e+01  -3.2446040e+02   2.0000000e+00
  -2.8100008e+02   1.5518942e+02   2.0000000e+00
   3.2398057e+02  -5.8593996e+01   2.0000000e+00
   1.4560337e+02  -8.5970413e+01   2.0000000e+00
   1.9526473e+02  -3.4280047e+02   1.0000000e+00
   2.0809644e+02  -3.6024282e+02   2.0000000e+00
  -1.8413722e+02  -2.0308631e+02   2.0000000e+00
   1.7580017e+02   8.4961556e+01   2.0000000e+00
   2.4072559e+02  -1.6558238e+02   2.0000000e+00
  -2.4550855e+02   1.3465402e+01   2.0000000e+00
   8.6302563e+01  -2.8697747e+02   2.0000000e+00
  -1.8247051e+02  -2.1323876e+01   2.0000000e+00
  -3.9666747e+01   3.0446416e+02   2.0000000e+00
   2.1364096e+02   2.6384451e+02   1.0000000e+00
  -1.4834236e+02   2.8612608e+02   2.0000000e+00
  -1.7301420e+02  -2.0638148e+02   2.0000000e+00
  -2.2837905e+02  -3.3999721e+01   2.0000000e+00
   2.7731796e+02   1.9246413e+02   2.0000000e+00
  -1.0346161e+02   1.2453559e+02   2.0000000e+00
  -2.6432655e+02  -8.7142033e+01   2.0000000e+00
  -2.7520265e+02  -2.1299762e+02   2.0000000e+00
   3.1675228e+02  -1.8960827e+02   2.0000000e+00
  -1.2250296e+02   2.3275573e+01   2.0000000e+00
   2.0941780e+02  -2.3079160e+02   2.0000000e+00
  -1.5454531e+02  -2.2690835e+02   2.0000000e+00
   3.3272650e+02  -2.4815931e+02   2.0000000e+00
   2.8933345e+02  -3.5525687e+01   2.0000000e+00
  -2.4569458e+02  -8.8209322e+01   2.0000000e+00
  -8.5052318e+01  -1.2438242e+02   2.0000000e+00
   1.6568097e+02  -1.9810526e+02   2.0000000e+00
   4.1271653e+01   1.5204469e+02   2.0000000e+00
  -8.5543132e+00  -7.8972313e+01   2.0000000e+00
  -2.9455749e+02  -1.7880145e+02   2.0000000e+00
  -2.9252742e+02  -1.8545321e+02   2.0000000e+00
   1.8701836e+02  -2.0315741e+02   2.0000000e+00
   3.0389020e+00  -7.8859374e+01   2.0000000e+00
   7.8477812e+01  -2.0622873e+02   2.0000000e+00
   2.1690727e+02   2.4042627e+02   1.0000000e+00
   2.7698670e+02   1.0630222e+01   2.0000000e+00
  -9.6676518e+01   2.5350985e+02   2.0000000e+00
   3.1346648e+02  -2.5725679e+02   2.0000000e+00
  -1.0593602e+02  -3.1691871e+02   2.0000000e+00
  -2.3706512e+01  -1.7451013e+02   2.0000000e+00
   1.4803336e+02  -1.8887823e+02   2.0000000e+00
   4.8472013e+01  -1.5683181e+02   2.0000000e+00
   2.8419327e+00   6.3712619e+01   2.0000000e+00
   1.7630264e+01   3.0638132e+02   2.0000000e+00
  -1.5275672e+02  -9.6619063e+01   2.0000000e+00
  -7.8103378e+01  -1.2194275e+02   2.0000000e+00
  -2.0411118e+02  -5.9129054e+01   2.0000000e+00
  -2.8456681e+02  -3.2511687e+02   2.0000000e+00
  -3.1937177e+01   2.4141877e+02   2.0000000e+00
   2.9179649e+02   4.1407987e+01   2.0000000e+00
   7.2132378e+01  -1.6310000e+02   2.0000000e+00
  -7.0756239e+01   2.1716212e+02   2.0000000e+00
  -2.7558025e+02   2.9337545e+02   1.0000000e+00
   2.3815184e+02  -1.4837182e+02   2.0000000e+00
  -2.3796912e+02   6.7198546e+01   2.0000000e+00
  -1.8301246e+02   1.1790274e+02   2.0000000e+00
  -2.5644637e+02   2.6975943e+02   2.0000000e+00
  -1.3728706e+02   2.9762252e+02   2.0000000e+00
   2.3126955e+02   2.2696985e+01   2.0000000e+00
   2.1610591e+02  -1.9376911e+02   2.0000000e+00
  -1.9136113e+02  -8.9750202e+01   2.0000000e+00
   4.5602390e+01  -1.3558500e+02   2.0000000e+00
   2.5914491e+02  -2.1138655e+02   2.0000000e+00
  -2.5470993e+02  -3.1494440e+02   2.0000000e+00
   6.3351815e+01   2.9475746e+02   2.0000000e+00
   3.3100854e+02   4.5484616e+00   2.0000000e+00
  -2.2702703e+02   2.2652815e+02   2.0000000e+00
   2.1198941e+02  -5.7943476e+01   2.0000000e+00
   1.4147040e+02  -2.3695296e+02   2.0000000e+00
   2.9428808e+02  -9.2863330e+01   2.0000000e+00
   3.1436991e+02   1.2665983e+02   1.0000000e+00
  -4.4632160e+01  -1.6325283e+02   2.0000000e+00
   3.2902939e+02  -9.0761568e+01   2.0000000e+00
  -2.7320508e+02  -1.3936948e+02   2.0000000e+00
   6.7357562e+01   2.9358452e+01   2.0000000e+00
  -4.0301156e+01   2.3946156e+02   2.0000000e+00
  -1.3160175e+02   1.5998441e+01   2.0000000e+00
   9.2039812e+01  -3.0491696e+02   2.0000000e+00
  -2.2817304e+02   1.6931968e+02   2.0000000e+00
  -2.7208254e+02  -5.6317174e+01   1.0000000e+00
  -2.6232525e+02   1.3521812e+02   2.0000000e+00
  -2.8803138e+02  -6.1468936e+01   1.4000000e+00
   2.6251267e+02  -2.4814212e+02   2.0000000e+00
  -2.6942142e+02  -1.0462089e+01   1.0000000e+00
  -1.6201930e+01  -2.4755935e+01   2.0000000e+00
   2.0457182e+02  -2.0521661e+01   2.0000000e+00
   1.9012749e+02  -7.3992991e+00   2.0000000e+00
  -2.9809548e+02   8.7171308e+01   2.0000000e+00
  -3.3677885e+02  -3.4821139e+01   2.0000000e+00
  -6.6836405e+01  -9.8000311e+01   2.0000000e+00
   8.5127096e+01  -1.4347071e+02   2.0000000e+00
   2.5728486e+02  -5.9253132e+00   2.0000000e+00
  -2.3656801e+02  -2.5289828e+02   2.0000000e+00
   2.4212408e+02   2.7633160e+02   1.0000000e+00
   1.9557401e+02  -2.2824016e+02   2.0000000e+00
  -4.2915660e+01  -2.1659444e+02   2.0000000e+00
  -2.5147914e+02  -2.2900178e+02   2.0000000e+00
   4.5619804e+00  -1.9732470e+02   2.0000000e+00
   2.2614503e+02  -3.6307244e+01   2.0000000e+00
   1.8611311e+02  -3.7080745e+01   2.0000000e+00
  -2.6651268e+02   1.6926813e+02   2.0000000e+00
  -1.9572564e+02  -1.3194529e+02   2.0000000e+00
  -1.1526434e+02   2.0746008e+02   2.0000000e+00
   1.9380602e+02   9.7721143e+01   2.0000000e+00
   3.2608276e+02  -3.7602733e+02   1.0000000e+00
  -4.9724165e+01  -1.6763358e+02   2.0000000e+00
   2.5388417e+02   2.6309512e+01   2.0000000e+00
   2.0477975e+02   8.0324502e+01   2.0000000e+00
   3.1542364e+01  -1.8518809e+01   1.0000000e+00
  -1.6497290e+01  -3.0785682e+02   2.0000000e+00
   2.4444256e+02  -2.2489175e+02   2.0000000e+00
  -3.3758806e+02  -1.9157691e+02   2.0000000e+00
  -2.9375447e+02   1.2424964e+01   2.0000000e+00
  -1.5164398e+01  -2.6502707e+02   2.0000000e+00
   1.2956671e+02   8.6210758e+01   2.0000000e+00
   3.4027611e+01   1.5474667e+02   2.0000000e+00
  -2.2280460e+02  -2.3518852e+02   2.0000000e+00
  -1.1618776e+02   5.9933262e+01   2.0000000e+00
  -1.3206502e+02   1.6259502e+02   2.0000000e+00
  -2.5085039e+01  -2.5905598e+02   2.0000000e+00
  -7.5085265e+01  -9.3140343e+01   2.0000000e+00
   2.2349378e+01  -1.5416468e+02   2.0000000e+00
   1.9452948e+02  -3.4233203e+01   2.0000000e+00
   1.4398186e+02  -4.3243944e+01   2.0000000e+00
   1.9733169e+02  -2.0986941e+02   2.0000000e+00
   1.4548898e+02  -9.9231859e+01   2.0000000e+00
   2.9782871e+02   2.6329305e+02   1.0000000e+00
   8.6380615e+01   3.2477692e+02   2.0000000e+00
  -1.6939420e+02   4.1296777e-01   2.0000000e+00
  -2.8274430e+01  -3.0418590e+02   2.0000000e+00
  -1.4102656e+02  -5.5858874e+01   2.0000000e+00
   2.8475716e+02   2.7474744e+02   1.0000000e+00
  -2.5054152e+02   2.7037767e+02   2.0000000e+00
   2.6252466e+02   1.0098181e+01   2.0000000e+00
   2.4806137e+02   3.2004623e+02   1.0000000e+00
   7.9397330e+00  -1.5121111e+02   2.0000000e+00
  -1.9487139e+02   2.9348826e+02   2.0000000e+00
   1.1410466e+02   1.6684403e+02   1.0000000e+00
  -2.5199012e+02   1.6393190e+02   2.0000000e+00
  -8.7719211e+01   3.0887588e+00   2.0000000e+00
   1.6152891e+02  -1.6352576e+02   2.0000000e+00
   1.2555650e+00   6.6433195e+01   2.0000000e+00
   2.6272063e+02   2.8485562e+00   2.0000000e+00
  -1.8231774e+02  -2.6006339e+01   2.0000000e+00
  -1.9468570e+02  -2.7428002e+02   2.0000000e+00
   1.7639097e+02  -3.3937014e+02   1.0000000e+00
  -2.3543606e+02  -2.8790026e+02   2.0000000e+00
  -1.9207636e+02   2.8896185e+02   2.0000000e+00
  -3.1512446e+02   1.8970450e+02   1.0000000e+00
   5.2942426e+01  -3.4091001e+02   2.0000000e+00
  -1.1354440e+02   1.6761888e+02   2.0000000e+00
   1.5179531e+01   3.2298649e+02   2.0000000e+00
   3.3009219e+02   1.2777333e+02   1.0000000e+00
  -1.6856833e+02   1.7568846e+02   2.0000000e+00
   1.7782349e+02   2.1946551e+02   2.0000000e+00
  -2.0413017e+01   1.7877162e+02   2.0000000e+00
  -1.3618272e+02  -3.1477887e+01   2.0000000e+00
  -2.9329750e+02   3.1538208e+02   1.0000000e+00
   2.7175833e+02  -2.3738226e+02   2.0000000e+00
   1.1723832e+02  -1.6225158e+02   2.0000000e+00
  -2.0735179e+02  -3.4279273e+02   2.0000000e+00
   6.1047940e+01  -1.5031694e+02   2.0000000e+00
   1.2207027e+02   3.4240418e+01   2.0000000e+00
   3.6574207e+01  -2.8899789e+02   2.0000000e+00
  -2.6921767e+02  -3.1751075e+02   2.0000000e+00
  -1.2577485e+02   3.4068369e+01   2.0000000e+00
  -4.2336497e+01   9.1245039e+01   2.0000000e+00
  -2.6116312e+01  -1.6045222e+02   2.0000000e+00
  -1.1824905e+02   6.8424527e+01   2.0000000e+00
  -2.6522085e+02   2.0115836e+02   1.0000000e+00
   1.1197947e+02   6.3300785e+01   2.0000000e+00
  -3.4020910e+02  -1.6097158e+02   2.0000000e+00
   8.5337245e+01  -1.0643849e+02   2.0000000e+00
   7.4421663e+01  -3.3307028e+02   2.0000000e+00
   6.9271476e+01  -3.3117322e+02   2.0000000e+00
  -2.9335309e+02  -2.7922395e+02   2.0000000e+00
   2.5184702e+02   7.3475228e+01   2.0000000e+00
   8.8865629e+01  -2.1920270e+02   2.0000000e+00
  -2.4561283e+02   2.6686773e+02   2.0000000e+00
  -2.8757970e+02  -3.4334646e+02   1.0000000e+00
  -2.4766191e+02   3.0459432e+02   1.0000000e+00
  -8.4144957e+01  -4.1683151e+01   2.0000000e+00
  -3.3700559e+02  -1.5167583e+02   2.0000000e+00
  -2.3978623e+02  -2.9008709e+02   2.0000000e+00
   1.9911799e+02  -1.2448455e+02   2.0000000e+00
  -1.6871162e+02   1.7867351e+02   2.0000000e+00
   8.4222070e+01  -5.5144611e+01   1.0000000e+00
  -1.7235454e+01  -2.6921159e+00   2.0000000e+00
   7.0652465e+01   3.1669713e+02   2.0000000e+00
   1.2288178e+02   2.2923866e+02   2.0000000e+00
  -3.0098410e+02  -5.5588189e+00   2.0000000e+00
   1.4326700e+02   1.6388928e+02   1.5000000e+00
   1.2562871e+02   2.6166268e+02   2.0000000e+00
  -1.8560123e+02   1.0029015e+02   2.0000000e+00
  -5.9959022e+01   2.4741945e+02   2.0000000e+00
  -4.8086732e+01  -2.0298667e+02   2.0000000e+00
   7.5365631e+01  -1.8807513e+02   2.0000000e+00
   3.3287155e+02  -3.3954476e+01   2.0000000e+00
  -3.3384311e+02  -1.5248802e+01   2.0000000e+00
   1.3600081e+02   2.4840803e+01   2.0000000e+00
   2.5976355e+02   1.0665441e+02   2.0000000e+00
  -3.2606932e+00  -1.7313452e+02   2.0000000e+00
   8.7887347e+00  -1.7877203e+02   2.0000000e+00
  -1.8299596e+01   7.6418289e+01   2.0000000e+00
  -6.3739690e+00  -1.9772694e+02   2.0000000e+00
  -3.1212351e+02   2.6975796e+02   1.0000000e+00
   1.2330278e+02  -1.2750743e+01   2.0000000e+00
   2.7476610e+01   3.1456195e+02   2.0000000e+00
  -5.7044671e+01   1.5988681e+01   2.0000000e+00
  -2.1574627e+02   2.7281069e+02   2.0000000e+00
   1.3829899e+02   2.1682106e+02   2.0000000e+00
  -1.9503858e+02   1.0085579e+02   2.0000000e+00
   3.2667269e+02   9.5165870e+01   2.0000000e+00
   2.4766659e+02  -1.9172882e+02   2.0000000e+00
  -4.2336975e+01  -2.3756225e+02   2.0000000e+00
  -2.1706219e+02  -1.2687441e+02   2.0000000e+00
  -2.9733421e+02   1.6719947e+02   1.0000000e+00
  -5.3333465e+01  -2.4700440e+02   2.0000000e+00
  -1.7201964e+02  -2.9865519e+02   2.0000000e+00
  -8.9742759e+01   2.5248226e+02   2.0000000e+00
  -9.6652156e+01  -2.4268249e+02   1.0000000e+00
   3.7449332e+01   2.6801321e+02   2.0000000e+00
   2.6628106e+02  -2.0055894e+02   2.0000000e+00
   3.1465253e+02   8.7019449e+01   2.0000000e+00
   2.0280994e+02   6.3101902e+01   2.0000000e+00
  -8.4334018e+01  -3.3904137e+02   2.0000000e+00
  -2.6800789e+02  -1.4549822e+02   2.0000000e+00
   1.2390838e+02  -1.4780624e+02   2.0000000e+00
  -1.8434262e+02  -2.1213743e+02   2.0000000e+00
   2.2560073e+02   6.9578260e+01   2.0000000e+00
  -8.4870081e+01  -1.3299024e+02   1.0000000e+00
  -3.7465056e+01  -4.8249344e+01   2.0000000e+00
   7.8829811e+01   2.8528185e+02   2.0000000e+00
  -3.4559240e+02  -2.1939669e+02   2.0000000e+00
  -1.9219613e+02   1.8401323e+02   2.0000000e+00
  -5.1903391e+01  -5.0634534e+01   2.0000000e+00
   2.6577523e+01  -3.0369350e+02   2.0000000e+00
  -2.4053348e+02   1.6268935e+02   2.0000000e+00
   1.4261121e+02  -2.4644808e+02   2.0000000e+00
   2.6954578e+01  -1.5323518e+01   2.0000000e+00
   1.4765523e+02  -2.3795431e+02   2.0000000e+00
  -5.3409005e-02  -1.3196143e+02   2.0000000e+00
   1.8149759e+01   2.6768609e+02   2.0000000e+00
   2.0356156e+02  -1.5141581e+02   2.0000000e+00
  -1.3628482e+02   2.0183491e+02   2.0000000e+00
  -1.1987583e+02   2.1588967e+02   2.0000000e+00
  -1.7361224e+02  -3.1568417e+02   2.0000000e+00
  -2.7631102e+02  -4.4623000e+01   1.0000000e+00
   2.4107137e+02   2.5374812e+02   1.0000000e+00
   2.1641828e+02  -3.4437110e+02   2.0000000e+00
  -1.0615802e+02   1.8862804e+02   2.0000000e+00
  -9.5853858e+01  -3.8800283e+01   2.0000000e+00
   2.3615916e+02  -3.7192081e+02   2.0000000e+00
  -9.5267447e+01   1.9660497e+02   2.0000000e+00
  -1.1028335e+02   4.7033063e+00   2.0000000e+00
   8.8384499e+01  -2.1370908e+02   2.0000000e+00
   2.8489794e+02  -3.7849123e+02   1.0000000e+00
  -2.0582329e+02   2.8108298e+02   2.0000000e+00
  -2.6902555e+02   1.1213678e+00   1.5000000e+00
  -1.1392798e+02  -3.4155607e+02   2.0000000e+00
   1.3348641e+02  -3.4457286e+02   1.0000000e+00
   5.9655710e+01  -1.5936476e+02   2.0000000e+00
  -1.2851209e+01  -1.5914923e+02   2.0000000e+00
  -1.0778086e+02   2.1391097e+02   2.0000000e+00
   4.0402909e+01  -2.3091136e+02   2.0000000e+00
  -2.8789170e+02  -3.3061469e+02   2.0000000e+00
   1.2025794e+02   2.9226231e+01   2.0000000e+00
  -3.2320054e+02  -2.7621171e+02   2.0000000e+00
  -1.0843646e+02   2.1471457e+02   2.0000000e+00
  -1.9246905e+02  -1.2674640e+02   2.0000000e+00
   1.5467561e+02   1.4659004e+02   1.7000000e+00
   3.4431833e+02  -1.6112117e+02   2.0000000e+00
   3.3853054e+02   1.1351951e+02   1.0000000e+00
   3.1916754e+02  -2.0214504e+02   2.0000000e+00
   2.6462137e+02   1.2362835e+02   1.0000000e+00
  -1.5198159e+02  -2.5446573e+02   2.0000000e+00
   2.3922460e+02   1.8576461e+02   1.0000000e+00
  -1.2532803e+02   5.8189720e+01   2.0000000e+00
  -8.0829766e+01   3.8668521e+01   2.0000000e+00
  -6.7080727e+01  -1.0960916e+02   2.0000000e+00
   2.2866708e+02  -7.4321141e+01   2.0000000e+00
   2.2754085e+02   1.0248649e+02   2.0000000e+00
   1.5365961e+02   3.1388727e+02   2.0000000e+00
   6.4860247e+01  -2.2341819e+02   2.0000000e+00
   9.2579746e+01  -2.2361209e+02   2.0000000e+00
  -2.8000051e+02   3.0425212e+02   1.0000000e+00
   1.9430676e+01   2.9646762e+02   2.0000000e+00
  -5.7019265e+01   2.0337577e+02   2.0000000e+00
  -1.5407814e+02   9.1553273e+01   2.0000000e+00
   1.3160937e+02  -2.6494285e+02   2.0000000e+00
  -3.0935876e+02   2.7059178e+02   1.0000000e+00
  -2.0872640e+02  -1.6406657e+02   2.0000000e+00
   1.2645681e+02  -1.4929163e+02   2.0000000e+00
   1.8502366e+02  -1.3769294e+02   2.0000000e+00
   1.7462114e+02   2.9446700e+01   2.0000000e+00
  -2.7368303e+02  -1.4068863e+01   1.0000000e+00
   6.5782090e+01  -2.4105070e+02   2.0000000e+00
   1.8985006e+02   4.3158492e+01   2.0000000e+00
   1.6170103e+02   5.1208261e+00   2.0000000e+00
  -1.1664733e+02   1.2965777e+02   2.0000000e+00
  -2.7865283e+02  -1.4964159e+02   2.0000000e+00
  -1.1421168e+02  -1.3738384e+02   1.9000000e+00
  -1.2763794e+02  -1.2865542e+02   2.0000000e+00
  -2.3383918e+02  -1.0475649e+02   2.0000000e+00
   2.1668108e+02  -3.3766004e+02   2.0000000e+00
  -1.7117397e+02   1.8208068e+02   2.0000000e+00
  -2.0384600e+02  -8.3661357e+01   2.0000000e+00
  -1.1519584e+02   4.7604867e+01   2.0000000e+00
  -2.4425889e+02   1.1664811e+01   2.0000000e+00
   3.2960589e+02   1.1453279e+01   2.0000000e+00
   3.3603283e+02   1.2406379e+02   1.0000000e+00
  -1.4058306e+01   1.1611401e+02   2.0000000e+00
  -3.2604889e+02  -8.8099631e+01   2.0000000e+00
  -8.7934196e+01  -1.1995484e+02   2.0000000e+00
  -2.3582081e+02   1.8961161e+02   2.0000000e+00
   1.5500895e+02  -8.7644132e+01   2.0000000e+00
   2.3052404e+02  -5.9850229e+01   2.0000000e+00
  -1.0369737e+02  -3.4651344e+02   2.0000000e+00
   2.6556532e+02  -1.7858368e+02   2.0000000e+00
  -5.0947299e+01   2.8030837e+01   2.0000000e+00
   8.0678717e+01  -1.9891467e+02   2.0000000e+00
   3.3457005e+02  -2.4689434e+02   2.0000000e+00
  -2.5007503e+00  -2.5319398e+02   2.0000000e+00
   1.7681961e+02   3.5319769e-01   2.0000000e+00
  -9.5328999e+01   2.3204945e+02   2.0000000e+00
   2.8278060e+02   9.0725905e+00   2.0000000e+00
  -3.5804944e+01  -4.5549979e+01   2.0000000e+00
  -8.2761840e+01  -1.1975597e+02   2.0000000e+00
   2.4640743e+02   2.1825272e+02   1.0000000e+00
   2.9306065e+02  -3.4297533e+02   1.0000000e+00
   1.4023266e+02   4.4024743e+01   2.0000000e+00
  -3.0452424e+02  -3.6209216e+01   2.0000000e+00
   2.1455635e+02  -2.0393377e+02   2.0000000e+00
  -1.7462338e+02   1.0916455e+02   2.0000000e+00
  -3.1441646e+02  -2.0928993e+02   2.0000000e+00
  -2.2701385e+02   6.0645047e+01   2.0000000e+00
   1.5434009e+02   2.3286019e+02   2.0000000e+00
   1.3181718e+02   2.7523951e+02   2.0000000e+00
   8.8821446e+01  -3.3014171e+02   2.0000000e+00
   1.7989269e+02   8.7616431e+01   2.0000000e+00
   1.9760955e+02   2.4791324e+02   1.3000000e+00
   2.4433797e+01  -3.2799392e+02   2.0000000e+00
   2.5100876e+02  -1.1861142e+01   2.0000000e+00
   2.8422489e+01  -2.7222570e+02   2.0000000e+00
  -7.4183706e+01  -7.3146831e+01   2.0000000e+00
  -5.9162776e+01   8.7755128e+01   2.0000000e+00
   1.9397460e+02  -3.4339195e+02   1.0000000e+00
  -1.9995533e+00  -3.0796126e+02   2.0000000e+00
  -3.3906512e+02  -1.4914427e+02   2.0000000e+00
   1.5735633e+02   3.0048768e+02   2.0000000e+00
   1.9269741e+02  -3.1733049e+02   2.0000000e+00
  -2.8909808e+01   2.7118224e+02   2.0000000e+00
   1.0883091e+02  -2.6355370e+02   2.0000000e+00
  -2.1386760e+02   2.0046736e+02   2.0000000e+00
  -1.1579092e+02  -5.3205473e+00   2.0000000e+00
  -2.5046828e+02  -3.0062098e+01   2.0000000e+00
  -2.0416674e+01   3.1838693e+02   2.0000000e+00
  -1.5806821e+02  -2.0925676e+02   2.0000000e+00
  -4.8099961e+01  -1.6358725e+02   2.0000000e+00
  -1.0369947e+02  -2.2335206e+02   2.0000000e+00
   1.1523407e+02   6.5087811e+01   2.0000000e+00
  -2.2013803e+02  -2.0710274e+02   2.0000000e+00
  -6.6111239e-01  -2.1809540e+02   2.0000000e+00
  -8.3744176e-01  -2.6412502e+02   2.0000000e+00
   3.4181935e+02   1.1365692e+02   1.0000000e+00
   2.7695760e+02  -1.1174997e+02   2.0000000e+00
   1.9110910e+02  -4.0901758e+01   2.0000000e+00
   1.5959107e+02  -1.4358785e+02   2.0000000e+00
  -2.1328218e+02   2.5540652e+02   2.0000000e+00
   2.8518047e+02  -8.5642507e+01   2.0000000e+00
   3.1965036e+02  -2.2471317e+02   2.0000000e+00
  -2.1465162e+02  -9.1405251e+01   2.0000000e+00
   3.4047610e+02   1.5424084e+02   1.0000000e+00
  -2.1313299e+02   3.1580233e+02   1.0000000e+00
   1.1984087e+02  -1.6847554e+02   2.0000000e+00
   1.6120573e+02   1.7835735e+02   2.0000000e+00
  -2.5984008e+01  -1.6498735e+02   2.0000000e+00
