  -1.9139747e+02  -2.4686101e+02   2.0000000e+00
   2.4707183e+02   2.4299188e+02   2.0000000e+00
  -2.1797062e+02   6.0382424e+01   2.0000000e+00
  -1.8989718e+02  -2.6268098e+02   2.0000000e+00
  -2.3319773e+02  -1.0224215e+02   2.0000000e+00
   5.8387386e+01   3.5722855e+01   2.0000000e+00
  -2.5949671e+02  -1.4437672e+02   2.0000000e+00
  -1.5802482e+02   2.6043232e+02   2.0000000e+00
   2.8078911e+02  -8.0596529e+01   2.0000000e+00
  -1.8349994e+02   1.6730887e+02   2.0000000e+00
  -2.5937318e+02  -3.9992611e+01   2.0000000e+00
  -2.3336511e+02   1.0361040e+02   2.0000000e+00
  -8.7385571e+01   1.5227108e+02   2.0000000e+00
  -2.1594379e+02  -1.0889240e+02   2.0000000e+00
  -1.2192187e+02   1.6554276e+02   2.0000000e+00
   1.9850334e+02  -2.7567787e+02   2.0000000e+00
   2.1919668e+02  -1.9698289e+02   2.0000000e+00
   3.4423618e+01  -8.7472804e+01   2.0000000e+00
   2.1624259e+02   3.6868784e+01   1.0000000e+00
  -2.0172293e+02  -1.2583028e+02   2.0000000e+00
   2.7779335e+01   1.0378568e+02   2.0000000e+00
   7.8579825e+01   1.4924855e+02   2.0000000e+00
   1.7469704e+02   1.5645205e+02   1.0000000e+00
   7.9282384e+01   2.7368838e+02   1.0000000e+00
   1.3919497e+02  -1.6348884e+02   2.0000000e+00
   2.4980494e+02   2.0626935e+02   2.0000000e+00
  -2.3965939e+02   1.6609907e+02   1.6000000e+00
  -1.3988636e+02  -2.8340634e+02   2.0000000e+00
  -1.2561103e+02  -2.7674421e+02   2.0000000e+00
   1.2177019e+02  -1.5920869e+02   2.0000000e+00
  -4.8176178e+01   1.1232614e+02   2.0000000e+00
  -5.7702218e+01  -1.9442117e+02   2.0000000e+00
  -2.1836190e+02   1.3796141e+02   2.0000000e+00
  -6.7229828e+01  -2.0067613e+02   2.0000000e+00
   3.8586908e+01  -2.4118669e+02   2.0000000e+00
  -9.4549479e+01  -2.1813787e+02   2.0000000e+00
   6.7430457e+01   2.8488254e+01   2.0000000e+00
  -3.5932822e+01   1.3266871e+01   2.0000000e+00
   1.6597912e+02   2.3830045e+02   2.0000000e+00
  -6.2020559e+01  -2.1839260e+02   2.0000000e+00
   6.3057303e+01  -7.4674823e+01   2.0000000e+00
  -1.4241814e+02  -2.2031894e+02   2.0000000e+00
  -3.6736610e+00  -2.1962248e+02   2.0000000e+00
   4.7329829e+01   2.5216328e+01   2.0000000e+00
  -2.5361367e+02   1.7466932e+02   1.0000000e+00
  -9.2086196e+01  -1.9241169e+02   2.0000000e+00
   1.1368427e+02  -1.7847530e+01   2.0000000e+00
  -2.4574540e+02   1.6695984e+02   1.0000000e+00
  -3.2498923e+02  -9.5627652e+01   2.0000000e+00
   2.4563674e+02   2.1788953e+02   2.0000000e+00
  -3.0347320e+02  -2.4458930e+01   2.0000000e+00
  -1.2639022e+01  -6.5417388e+01   2.0000000e+00
   1.9740378e+02   2.0823669e+02   2.0000000e+00
   2.0313195e+02   2.2975200e+02   2.0000000e+00
  -2.5615354e+02   1.5047797e+02   1.0000000e+00
   1.5015055e+02   1.9657044e+02   1.0000000e+00
   3.0415352e+02  -1.3191034e+02   2.0000000e+00
  -1.8486761e+02   7.0662120e+01   2.0000000e+00
   2.2364933e+01  -2.2008870e+02   2.0000000e+00
  -2.0564889e+02  -1.3939329e+02   2.0000000e+00
   2.2926372e+02   3.7080296e+01   1.0000000e+00
   1.5413237e+02   1.5954841e+02   1.0000000e+00
   3.0913533e+02   9.2645155e+01   2.0000000e+00
   2.6116549e+02  -2.4701288e+02   2.0000000e+00
   4.7533373e+01   2.2338207e+02   2.0000000e+00
   6.1638231e+01  -1.3337801e+02   2.0000000e+00
  -3.8130669e+01   2.4821608e+02   2.0000000e+00
   6.5509659e+01   2.0698713e+02   2.0000000e+00
  -4.5119049e+01  -1.6111821e+02   2.0000000e+00
  -3.3167205e+02  -8.8644633e+01   2.0000000e+00
   4.4592687e+01   1.0456870e+02   2.0000000e+00
  -2.0368694e+02   5.4456281e+01   2.0000000e+00
   7.4401370e+01  -2.4738974e+02   2.0000000e+00
  -3.2454906e+02  -1.1504565e+02   2.0000000e+00
  -6.6023810e+01  -1.8840191e+02   2.0000000e+00
   3.1204827e+02   9.7168433e+01   2.0000000e+00
  -2.1513932e+02   1.8509037e+02   2.0000000e+00
   9.5314045e+01   6.2459314e+01   2.0000000e+00
  -2.7056487e+02  -1.7968324e+02   1.0000000e+00
  -2.2545179e+02   1.8834995e+02   2.0000000e+00
  -1.6373391e+02  -2.2154438e+02   2.0000000e+00
  -3.0463714e+02  -1.3383299e+01   2.0000000e+00
   2.1916887e+02   1.4912836e+02   2.0000000e+00
   2.0604253e+02  -1.6332711e+02   2.0000000e+00
  -2.5232319e+02   1.8516039e+02   1.0000000e+00
  -4.1608653e+01   1.2218762e+02   2.0000000e+00
  -1.6078529e+02  -2.1535660e+02   2.0000000e+00
   2.4445977e+02   1.3381510e+02   2.0000000e+00
  -7.8461081e+01   1.6126689e+02   2.0000000e+00
   1.6643271e+02   1.1545181e+02   2.0000000e+00
   2.4665509e+02   2.4670052e+02   2.0000000e+00
  -1.8694321e+01   1.2476735e+02   2.0000000e+00
  -2.4614954e+02  -1.5714243e+02   2.0000000e+00
  -2.0766115e+02   2.0018309e+02   2.0000000e+00
  -2.5260371e+02   1.0890220e+02   2.0000000e+00
  -1.2462052e+02  -1.4378574e+02   2.0000000e+00
   4.7567474e+01  -2.4885904e+02   2.0000000e+00
   1.2252844e+00  -2.0777170e+02   2.0000000e+00
  -1.4233226e+02  -2.0582301e+02   2.0000000e+00
  -8.9041537e+01  -6.6733052e+01   1.0000000e+00
  -2.4982021e+02   1.5692809e+02   1.0000000e+00
   2.3819052e+02   1.9641740e+02   2.0000000e+00
   9.8343527e+01  -5.1779915e+01   2.0000000e+00
   3.0871206e+01  -9.5556856e+01   2.0000000e+00
   1.5272978e+02   6.8727835e+01   2.0000000e+00
   6.5414309e+01  -1.3166338e+02   2.0000000e+00
   6.8983917e+01  -2.0358783e+02   2.0000000e+00
   1.8373462e+02   4.7508672e+01   2.0000000e+00
  -4.5582805e+01  -2.3858702e+01   2.0000000e+00
   1.6806224e+02  -2.5873821e+02   2.0000000e+00
  -8.7986184e+01   3.0312689e+01   2.0000000e+00
   1.6486713e+02   1.1628946e+02   2.0000000e+00
  -1.5124330e+02   4.1937608e+01   2.0000000e+00
  -2.4467836e+02   2.0778332e+01   2.0000000e+00
  -1.3246932e+02   2.6580711e+02   2.0000000e+00
  -3.5023665e+01  -2.2954705e+02   2.0000000e+00
   1.7382656e+02   5.3614495e+01   2.0000000e+00
  -6.9684943e+01  -6.6720200e+01   2.0000000e+00
  -1.6983734e+02   1.2804905e+02   2.0000000e+00
  -1.6547484e+02   1.9811786e+02   2.0000000e+00
  -2.2859949e+02   1.7253943e+02   2.0000000e+00
   1.0384748e+02  -1.2087191e+02   2.0000000e+00
  -3.0483579e+02  -8.8247806e+01   2.0000000e+00
   2.0570496e+01  -1.8227674e+02   2.0000000e+00
  -2.2122701e+02  -1.5377064e+02   2.0000000e+00
   6.2489716e+01   2.2981046e+02   2.0000000e+00
  -2.8078306e+02  -1.5952774e+02   2.0000000e+00
   3.5345222e+01   1.5602085e+02   1.0000000e+00
   2.6859632e+02  -2.3514193e+02   2.0000000e+00
  -1.6069217e+02  -2.0824987e+02   2.0000000e+00
  -1.0530047e+02  -6.9217539e+01   1.0000000e+00
  -9.2726301e+01   1.6333177e+02   2.0000000e+00
  -1.8560785e+02   2.2431703e+02   2.0000000e+00
  -2.2216122e+02   1.9270619e+02   2.0000000e+00
   2.4003669e+02  -2.3367804e+02   2.0000000e+00
  -2.8541575e+02  -1.9601678e+02   1.0000000e+00
  -2.5271285e+02  -1.4423115e+02   2.0000000e+00
  -2.6220785e+02  -4.9600538e+01   2.0000000e+00
   1.7560059e+02   3.0427796e+01   2.0000000e+00
   1.8125745e+01  -2.8049847e+01   2.0000000e+00
  -7.1914711e+01   2.8737574e+02   2.0000000e+00
   1.9174983e+02   5.2945387e+01   2.0000000e+00
   7.9043498e+01   2.5462751e+02   1.0000000e+00
   5.6609149e+01  -2.5006454e+02   2.0000000e+00
   7.0478093e+01   2.1376256e+02   2.0000000e+00
   9.3720950e+01   3.5962522e+01   2.0000000e+00
   9.8372604e+01  -7.7378160e+01   2.0000000e+00
   2.3674311e+02   1.6918994e+02   2.0000000e+00
  -6.1701908e+01  -1.9349806e+02   2.0000000e+00
  -2.2324720e+02  -1.0210872e+02   2.0000000e+00
  -2.1718181e+02  -4.5742507e+01   2.0000000e+00
   8.7869417e+01   1.4480227e+02   2.0000000e+00
   1.0322324e+02   4.3472537e+01   2.0000000e+00
  -2.5500997e+02   2.1495044e+02   1.0000000e+00
  -1.4825053e+02   1.8685093e+02   2.0000000e+00
  -2.2466171e+02   1.3315479e+02   2.0000000e+00
   2.7423955e+02  -8.7280206e+01   2.0000000e+00
   3.0489759e+02  -5.0917232e+01   2.0000000e+00
   5.9501904e+01   2.5311306e+01   2.0000000e+00
  -2.5176393e+02  -9.5126370e+01   2.0000000e+00
   1.6481579e+02   2.2703628e+02   2.0000000e+00
  -2.3954051e+02  -1.5402427e+02   2.0000000e+00
  -5.0424045e+01   6.2566983e+01   2.0000000e+00
   3.2738397e+01  -2.1207725e+01   2.0000000e+00
  -5.8601541e+01   2.1386232e+01   2.0000000e+00
   8.4882395e+01   3.7257477e+01   2.0000000e+00
  -8.1404789e+01   3.1468619e+02   2.0000000e+00
   6.8236361e+01   2.2050704e+02   2.0000000e+00
   1.4721967e+01  -1.8385130e+02   2.0000000e+00
   1.2264774e+02  -1.5353361e+02   2.0000000e+00
  -3.1849396e+02  -1.0368922e+02   2.0000000e+00
  -1.0488865e+02   1.0472280e+02   2.0000000e+00
  -1.5201283e+02  -9.6455986e+01   2.0000000e+00
   1.0931825e+02   6.9338465e+00   2.0000000e+00
  -1.7448599e+02   1.4886942e+02   2.0000000e+00
  -1.2285395e+02  -2.8807738e+02   2.0000000e+00
   2.5264324e+02  -1.8273614e+02   2.0000000e+00
   2.0535314e+02   2.0730694e+02   2.0000000e+00
   1.2677190e+01  -1.8825019e+02   2.0000000e+00
  -2.1842741e+02  -2.7283809e+02   2.0000000e+00
   2.4091170e+02  -1.7643591e+02   2.0000000e+00
  -5.9096333e+01  -1.4626685e+02   2.0000000e+00
  -2.2871044e+02   5.2563583e+01   2.0000000e+00
  -1.1210443e+02  -4.5434194e+01   1.0000000e+00
  -1.4248174e+02   1.7566466e+02   2.0000000e+00
  -4.1078533e+00  -7.0126775e+01   2.0000000e+00
   2.0161787e+02   2.0832182e+02   2.0000000e+00
   1.6165203e+02  -6.3262034e+00   1.0000000e+00
   1.3434766e+02   5.9446650e+01   2.0000000e+00
   2.5010366e+02  -2.1722465e+02   2.0000000e+00
  -8.0191225e+01   1.2421030e+01   2.0000000e+00
  -1.1764508e+02  -9.3622575e+00   2.0000000e+00
   2.0989944e+02  -2.0004399e+02   2.0000000e+00
  -1.9891988e+02  -2.4884389e+02   2.0000000e+00
   1.5173582e+02  -1.6433279e+02   2.0000000e+00
  -1.5676582e+02  -2.3499001e+02   2.0000000e+00
  -1.9162019e+01   3.2616077e+01   2.0000000e+00
  -2.1592534e+02  -1.0164449e+02   2.0000000e+00
  -3.0959235e+02  -7.4058304e+01   2.0000000e+00
   1.9676842e+02  -4.4178522e+01   1.0000000e+00
  -4.3017156e+01  -1.5677504e+02   2.0000000e+00
  -4.9459364e+01   1.7936206e+02   2.0000000e+00
   1.7916454e+02   1.6503428e+02   1.0000000e+00
  -2.3449529e+02   1.4916072e+01   2.0000000e+00
  -2.6654460e+02  -1.7509915e+02   1.0000000e+00
  -2.2256377e+02   1.8746083e+02   2.0000000e+00
   1.1954341e+02  -1.1798595e+02   2.0000000e+00
   7.9767925e+01  -2.3728295e+02   2.0000000e+00
   7.2113670e+01  -2.1498808e+02   2.0000000e+00
   1.5601927e+02   2.0157026e+02   1.6000000e+00
   2.2013147e+02  -2.2488323e+02   2.0000000e+00
   1.7750776e+02   3.0259224e+01   2.0000000e+00
  -2.4853432e+02  -1.4750234e+02   2.0000000e+00
  -1.8692996e+02  -2.3548100e+02   2.0000000e+00
   2.3019556e+02   2.2559353e+02   2.0000000e+00
  -3.1219159e+02  -9.6149226e+01   2.0000000e+00
  -1.4693210e+02  -2.3708086e+02   2.0000000e+00
   2.5574194e+01  -7.7957136e+01   2.0000000e+00
   2.5935334e+02  -1.2423596e+02   2.0000000e+00
  -5.9212044e+01  -3.5032807e+01   2.0000000e+00
   4.7878370e+01  -2.5017816e+02   2.0000000e+00
  -1.4006624e+02  -1.0313814e+02   2.0000000e+00
   2.7194492e+02  -8.2596787e+01   2.0000000e+00
   1.9477330e+02  -3.7620770e+01   1.0000000e+00
  -2.7047906e+02  -5.6248959e+01   2.0000000e+00
   1.6735040e+01  -2.3444549e+02   2.0000000e+00
   1.4609948e+02  -2.6218434e+02   1.0000000e+00
  -3.2981839e+02  -1.0762515e+02   2.0000000e+00
  -2.6174260e+02  -7.3799685e+01   2.0000000e+00
   5.7352883e+01  -2.5642615e+02   2.0000000e+00
   1.0391619e+02  -1.9233760e+02   2.0000000e+00
  -1.7587711e+02   1.6570609e+01   1.0000000e+00
  -2.1535528e+02  -2.5059456e+02   2.0000000e+00
   9.2620756e+01  -5.9642602e+01   2.0000000e+00
   2.0804908e+01  -1.0979745e+01   2.0000000e+00
   1.7601958e+02  -1.7295983e+01   1.0000000e+00
  -4.0949863e+01   2.9495392e+02   2.0000000e+00
   2.3168915e+02   1.6540439e+02   2.0000000e+00
  -2.6222189e+02   1.5207842e+02   1.0000000e+00
  -1.4229235e+02  -1.6436034e+02   2.0000000e+00
  -2.9007352e+01   2.7866957e+02   2.0000000e+00
   1.1688898e+02  -1.6384879e+02   2.0000000e+00
   2.2779341e+02   1.1905964e+01   1.0000000e+00
   2.2271652e+02   8.8077090e+00   1.0000000e+00
  -3.3090872e+01  -1.3948386e+02   2.0000000e+00
   4.9092475e+01   2.4119869e+02   2.0000000e+00
   1.8547486e+02   2.0579255e+02   2.0000000e+00
  -2.9866611e+02  -2.8350939e+01   2.0000000e+00
  -1.0107018e+02   3.0885091e+02   2.0000000e+00
   2.1985234e+01  -1.0199874e+01   2.0000000e+00
   1.3660144e+02  -1.5206964e+02   2.0000000e+00
   5.9100336e+01   2.2232242e+01   2.0000000e+00
  -2.5033921e+02   1.7348090e+02   1.0000000e+00
  -3.1835629e+02  -8.6745892e+01   2.0000000e+00
  -9.4586651e+01   2.9391116e+02   2.0000000e+00
   2.2025063e+02   1.1803973e+02   2.0000000e+00
   2.5990778e+02  -2.2478334e+02   2.0000000e+00
  -1.7523738e+02   7.3053457e+01   2.0000000e+00
  -2.7653068e+01  -1.8523201e+02   2.0000000e+00
  -1.5471410e+02  -9.8526282e+01   2.0000000e+00
  -1.9362835e+02   1.5389589e+02   2.0000000e+00
  -1.1521898e+01   1.5328218e+02   1.0000000e+00
  -2.5854645e+02  -1.7244252e+02   1.0000000e+00
  -8.8270188e+01   2.0967506e+02   2.0000000e+00
   2.1493460e+02   1.4898167e+02   2.0000000e+00
  -1.4702082e+02  -1.0737804e+02   2.0000000e+00
  -2.1774004e+02  -1.2300368e+02   2.0000000e+00
  -8.3410092e+01   6.2755140e+00   2.0000000e+00
  -2.1041142e+01   5.2565138e+01   2.0000000e+00
  -3.2208439e+02  -2.8955159e+00   2.0000000e+00
  -1.2643044e+02  -1.9437630e+02   2.0000000e+00
  -2.1227536e+02   1.7419184e+02   2.0000000e+00
  -2.3052332e+02  -1.1259301e+02   2.0000000e+00
  -1.0218146e+02   1.8073403e+02   2.0000000e+00
  -1.5756071e+02   2.5397600e+02   2.0000000e+00
   1.4347471e+02  -2.5304855e+02   2.0000000e+00
   2.0259510e+01   1.1361928e+02   2.0000000e+00
  -2.1139021e+02  -1.4759893e+02   2.0000000e+00
   1.3934067e+02  -2.6450967e+02   1.0000000e+00
  -2.4093272e+02   1.2148481e+02   2.0000000e+00
  -1.0196088e+01  -1.5390257e+02   2.0000000e+00
   5.9902960e+01  -2.0127911e+02   2.0000000e+00
   1.7883007e+02   1.8760190e+02   1.0000000e+00
   2.0796906e+02  -1.9957168e+02   2.0000000e+00
  -2.1065020e+02   1.2009704e+02   2.0000000e+00
  -1.3177626e+02   1.2414128e+02   2.0000000e+00
  -2.5199942e+02   1.2490970e+02   1.0000000e+00
   2.1062158e+02   1.7506759e+02   2.0000000e+00
  -5.2683352e+01  -1.5745658e+02   2.0000000e+00
  -7.5439881e+01   4.8408102e+01   2.0000000e+00
  -2.2031348e+02  -1.1013837e+02   2.0000000e+00
   1.4987448e+02  -1.5301309e+02   2.0000000e+00
  -3.1322613e+02  -7.4445544e+01   2.0000000e+00
  -2.5513658e+02   1.2441847e+02   1.0000000e+00
   1.4868107e+02   1.7904732e+02   1.0000000e+00
   5.4359777e+01  -2.3845252e+02   2.0000000e+00
   6.0372346e+01   2.3396297e+02   2.0000000e+00
  -1.2774756e+02   2.5976134e+02   2.0000000e+00
   1.9182903e+02   2.4496588e+02   2.0000000e+00
   4.1002215e+01   2.6234152e+02   1.0000000e+00
  -9.8276619e+01  -4.5042140e+01   2.0000000e+00
   2.0678950e+02  -1.9738550e+02   2.0000000e+00
   1.4052385e+02   1.5964870e+02   1.0000000e+00
  -2.1113464e+02  -2.6622613e+02   2.0000000e+00
   8.2495288e+01  -2.3481957e+02   2.0000000e+00
   8.0608464e+01  -2.2860067e+02   2.0000000e+00
  -9.5125670e+01   1.0868398e+02   2.0000000e+00
   8.5031508e+01   2.7323393e+02   1.0000000e+00
   6.9454683e+01  -1.8126693e+02   2.0000000e+00
   1.2378374e+02   6.5932846e+01   2.0000000e+00
  -2.6954211e+02  -6.9131774e+01   2.0000000e+00
  -1.2802371e+02  -2.8676694e+02   2.0000000e+00
  -1.2495428e+02   1.6469290e+02   2.0000000e+00
  -8.9032822e+01  -2.5790219e+02   2.0000000e+00
  -3.7326145e+01   3.0814691e+02   2.0000000e+00
   1.8414811e+02   4.8398547e+01   2.0000000e+00
  -9.7800553e+01  -1.4509249e+00   2.0000000e+00
  -1.4157434e+02   2.3156338e+02   2.0000000e+00
  -5.3555336e+01   4.8895351e+01   2.0000000e+00
  -3.3124935e+02  -1.0634281e+02   2.0000000e+00
  -3.0038916e+01  -1.9345028e+02   2.0000000e+00
   9.1339691e+01   1.0315203e+02   2.0000000e+00
   2.4170223e+02   1.6478159e+01   1.0000000e+00
  -2.1402633e+02   1.8558776e+02   2.0000000e+00
   1.6190725e+02  -2.2049352e+01   1.0000000e+00
   3.5284564e+01  -1.5657207e+02   2.0000000e+00
  -2.3684768e+02  -1.6966759e+02   1.0000000e+00
  -1.4426735e+02  -2.7157621e+02   2.0000000e+00
   3.8190195e+01  -2.0032757e+02   2.0000000e+00
   1.8176839e+02   2.5215107e+02   2.0000000e+00
   7.1298695e+01  -2.3154331e+02   2.0000000e+00
   1.2541123e+02  -1.1010105e+02   2.0000000e+00
   1.8329913e+02  -2.7023152e+01   1.0000000e+00
   1.4755838e+02  -1.4712911e+02   2.0000000e+00
   2.5685351e+02  -2.5977667e+02   2.0000000e+00
  -9.7447083e+01   5.1774760e+00   2.0000000e+00
  -7.7115788e+00  -1.5870627e+02   2.0000000e+00
   1.8340584e+02   2.4819702e+02   2.0000000e+00
  -2.1416250e+02  -1.3432435e+02   2.0000000e+00
  -2.0775665e+02   1.9882853e+02   2.0000000e+00
   1.6598964e+02   2.2927989e+02   2.0000000e+00
   2.3103640e+02  -2.4320691e+02   2.0000000e+00
  -2.4987711e+02  -1.4615698e+02   2.0000000e+00
   5.0387668e+01  -1.9483930e+02   2.0000000e+00
  -7.1802670e+01   2.9467249e+02   2.0000000e+00
   8.4370066e+01   1.4903140e+02   2.0000000e+00
   3.0608002e+02   9.2010535e+01   2.0000000e+00
  -2.0683844e+02   1.1044066e+02   2.0000000e+00
   1.5538531e+02   1.8789919e+02   1.0000000e+00
   1.8730167e+02   1.3607767e+02   2.0000000e+00
   6.9036856e+01  -2.2903253e+02   2.0000000e+00
  -1.0741126e+02  -1.8551272e+02   2.0000000e+00
   2.3480183e+02  -2.3099074e+02   2.0000000e+00
   2.3697624e+02  -2.5368827e+02   2.0000000e+00
  -2.6127504e+02  -5.4891307e+01   2.0000000e+00
   1.2143093e+02  -8.3417026e+01   2.0000000e+00
   2.3362407e+02   2.4516185e+02   2.0000000e+00
  -2.0295837e+02  -2.5827042e+02   2.0000000e+00
   1.4776729e+02  -2.1020824e+01   1.0000000e+00
  -2.0078743e+01   2.5107760e+02   2.0000000e+00
   4.9026260e+01   2.1110625e+02   2.0000000e+00
   1.6547519e+02   1.1131498e+02   2.0000000e+00
  -2.1632941e+02  -6.4486985e+01   2.0000000e+00
  -1.7944364e+02   1.4359062e+02   2.0000000e+00
   1.6674397e+02   2.2019891e+02   2.0000000e+00
   7.3732913e+01  -8.7046863e+01   2.0000000e+00
   1.5541895e+02   2.1664329e+02   2.0000000e+00
  -4.4437307e+01  -1.5582204e+02   2.0000000e+00
  -2.7073125e+02  -1.6186188e+02   2.0000000e+00
  -6.5583090e+01  -6.8871291e+01   2.0000000e+00
  -1.7720470e+02  -2.5638161e+02   2.0000000e+00
  -2.3134742e+02   1.5793722e+02   2.0000000e+00
   1.8283600e+02  -2.7177896e+02   2.0000000e+00
   2.3028910e+02   1.7573534e+01   1.0000000e+00
   4.0183735e+01   2.5148521e+02   2.0000000e+00
  -1.9902137e+02   1.2467089e+02   2.0000000e+00
   1.6574102e+02   1.8184403e+02   1.0000000e+00
  -1.2172017e+02  -1.3963414e+02   2.0000000e+00
  -2.2794710e+02   1.3177653e+02   2.0000000e+00
   5.4660339e+01   1.3823404e+02   2.0000000e+00
  -7.5873417e+01   2.8169465e+02   2.0000000e+00
  -2.1469302e+02   2.7152062e+01   2.0000000e+00
   1.0870875e+02   4.3316026e+01   2.0000000e+00
   1.8839568e+01  -2.2600764e+02   2.0000000e+00
  -1.7546088e+02  -2.5778330e+02   2.0000000e+00
  -9.0636887e+01  -2.6313119e+02   2.0000000e+00
  -3.0777678e+02  -3.0051929e+01   2.0000000e+00
  -2.2264642e+02   2.1132152e+02   1.0000000e+00
  -2.9439629e+01  -1.2993443e+02   2.0000000e+00
  -3.0277398e+02  -7.9482253e+01   2.0000000e+00
   8.3354125e+01  -7.8542683e+01   2.0000000e+00
   1.7530245e+02  -3.3093262e+02   2.0000000e+00
  -2.5032097e+01   2.6347542e+02   2.0000000e+00
  -1.3952333e+02  -1.2018741e+02   2.0000000e+00
   1.4339369e+01  -2.4641984e+02   2.0000000e+00
   1.4548150e+01   1.0405372e+02   2.0000000e+00
  -1.7387231e+01  -1.7028730e+02   2.0000000e+00
  -2.6317127e+01   2.4651690e+02   2.0000000e+00
  -2.5401018e+02  -1.7685880e+02   1.0000000e+00
  -3.0357458e+01  -1.9626463e+02   2.0000000e+00
   1.9170672e+02   2.3277798e+02   2.0000000e+00
  -2.4688749e+02   1.3836012e+02   2.0000000e+00
  -1.3483754e+02   1.7472738e+02   2.0000000e+00
   2.5081879e+02   2.5219468e+02   1.0000000e+00
   7.1246915e+01  -2.2847610e+02   2.0000000e+00
   1.7401260e+02  -3.3807810e+02   2.0000000e+00
  -1.5215270e+02  -9.9149577e+01   2.0000000e+00
  -2.5936265e+02  -1.3265267e+02   2.0000000e+00
  -1.9745512e+02   2.4123704e+02   2.0000000e+00
  -1.3019172e+02   2.6084278e+02   2.0000000e+00
  -2.0577637e+02  -2.7244512e+02   2.0000000e+00
  -3.4112638e+01   8.3356344e+00   2.0000000e+00
   2.0007355e+02  -2.3516532e+02   2.0000000e+00
   2.7980385e+02  -9.9953751e+01   2.0000000e+00
   2.3020326e+02  -1.7586894e+02   2.0000000e+00
  -1.2637820e+02   1.6117479e+02   2.0000000e+00
  -2.1705022e+01   2.4912100e+02   2.0000000e+00
  -1.7212757e+02   1.4930960e+02   2.0000000e+00
   2.0817472e+02  -2.7654433e+02   2.0000000e+00
   1.2355331e+02  -1.6430827e+02   2.0000000e+00
  -1.9500801e+02  -2.6554741e+02   2.0000000e+00
  -5.9381057e+01  -1.9888086e+02   2.0000000e+00
  -2.8912257e+01  -1.4000336e+02   2.0000000e+00
  -2.0786186e+02  -1.5101873e+02   2.0000000e+00
   5.1746265e+01   9.0080317e+01   2.0000000e+00
  -1.9728816e+02   5.4730154e+01   2.0000000e+00
  -3.4245839e+01   2.7729563e+02   2.0000000e+00
  -2.4159703e+02   1.6591289e+02   1.3000000e+00
   7.5839040e+01  -2.1381358e+02   2.0000000e+00
  -4.0822058e+01   2.8956176e+02   2.0000000e+00
   6.6068488e+01  -2.3617263e+02   2.0000000e+00
  -4.4503267e+01   1.2280903e+02   2.0000000e+00
   2.3138453e+02   1.2352657e+02   2.0000000e+00
   8.7792795e+01  -7.7732548e+01   2.0000000e+00
  -4.5633444e+01  -3.2856971e+00   2.0000000e+00
  -3.5968165e+01  -1.3672129e+02   2.0000000e+00
  -3.3613654e+02  -1.0027988e+02   2.0000000e+00
  -1.4127199e+02  -2.7730011e+02   2.0000000e+00
  -6.0891564e+01  -2.0141299e+02   2.0000000e+00
   1.7968794e+02  -2.6419794e+02   2.0000000e+00
  -1.4880314e+02   1.7868514e+02   2.0000000e+00
  -2.6035376e+02  -1.6266883e+02   2.0000000e+00
  -1.2477884e+02   2.4796963e+02   2.0000000e+00
   3.1970307e+01   2.7819153e+02   2.0000000e+00
   2.8489418e+02  -8.8183079e+01   2.0000000e+00
   2.9197539e+02  -7.3235441e+01   2.0000000e+00
  -1.0087106e+02   2.1712607e+02   2.0000000e+00
  -2.5774037e+02   1.9874810e+02   1.0000000e+00
  -2.5308093e+02  -3.9974346e+01   2.0000000e+00
   1.8620181e+01  -2.7043892e+01   2.0000000e+00
   2.6523798e+02  -2.4363328e+02   2.0000000e+00
  -1.5906818e+02   2.5320261e+02   2.0000000e+00
  -3.1684893e+02  -9.8301247e+01   2.0000000e+00
  -2.2236283e+02  -4.4528480e+01   2.0000000e+00
   4.8138744e+01   2.4848614e+02   2.0000000e+00
  -3.3092743e+02  -1.0997416e+02   2.0000000e+00
  -1.4653108e+02  -2.6174624e+02   2.0000000e+00
  -1.5214133e+02   8.0113474e+01   2.0000000e+00
   7.1740727e+01  -1.5299216e+02   2.0000000e+00
  -1.7261998e+02  -2.4562285e+02   2.0000000e+00
  -1.7234306e+02   1.7290451e+01   2.0000000e+00
  -2.1156605e+02   1.2275023e+02   2.0000000e+00
  -6.1900222e+01  -2.1318882e+02   2.0000000e+00
  -8.9949950e+01  -2.2351242e+02   2.0000000e+00
  -1.2805595e+02  -2.7365432e+02   2.0000000e+00
   8.3248119e+01  -8.8822429e+01   2.0000000e+00
   2.4490047e+02   1.2380066e+02   2.0000000e+00
   2.2136884e+02  -2.5401911e+02   2.0000000e+00
   8.8697133e+01  -2.0875741e+02   2.0000000e+00
   1.9999425e+02  -2.2715318e+02   2.0000000e+00
  -1.0364172e+02  -3.8593538e+01   2.0000000e+00
   8.7513178e+01  -2.3380406e+02   2.0000000e+00
   9.2739040e+01   2.8099090e+02   2.0000000e+00
  -4.8600566e+01   6.7001427e+01   2.0000000e+00
  -2.1396411e+02  -2.7093130e+02   2.0000000e+00
  -1.6357127e+02   6.5380765e+01   2.0000000e+00
  -2.5040394e+02  -1.7643980e+02   1.0000000e+00
  -1.3184306e+02   2.1576597e+02   2.0000000e+00
   3.8092577e+01   1.5833054e+02   1.0000000e+00
  -2.6161522e+02   1.1316853e+02   2.0000000e+00
  -2.5698863e+02   2.1082553e+02   1.0000000e+00
  -1.0911646e+02   2.1496306e+02   2.0000000e+00
  -2.4120776e+02  -3.6912921e+01   2.0000000e+00
  -2.4790292e+02   1.5682313e+02   1.0000000e+00
  -4.3061612e+01   2.9686205e+02   2.0000000e+00
   2.1717497e+02   1.3439001e+02   2.0000000e+00
   1.4022422e+02  -2.5373839e+02   2.0000000e+00
   1.1670120e+02   6.1435096e+01   2.0000000e+00
  -2.1113572e+02   1.8012299e+01   2.0000000e+00
  -2.8672350e+01   2.7740452e+02   2.0000000e+00
   1.7747632e+02  -3.2809089e+02   2.0000000e+00
   1.5811540e+02  -3.2987672e+02   2.0000000e+00
  -3.1114639e+02  -9.3524125e+01   2.0000000e+00
   5.4687660e+00  -1.5262507e+02   2.0000000e+00
  -1.7023510e+01   1.3751964e+01   2.0000000e+00
  -1.8462325e+02   5.9572709e+01   2.0000000e+00
  -2.5699382e+02  -1.8274716e+02   1.0000000e+00
  -1.1196009e+02   6.3078565e-01   2.0000000e+00
  -2.5677895e+02  -5.1002094e+01   2.0000000e+00
  -1.5339772e+02   1.7619207e+02   2.0000000e+00
  -9.8722668e+01  -2.7104108e+02   2.0000000e+00
  -2.3860480e+02   1.5519987e+02   2.0000000e+00
   2.5955188e+02   1.4527927e+02   2.0000000e+00
  -1.4962727e+02   3.7880908e+01   2.0000000e+00
   5.0506270e+01   9.5604111e+01   2.0000000e+00
   1.4231227e+02   2.0245277e+02   2.0000000e+00
   2.1524489e+02  -1.9338965e+02   2.0000000e+00
   9.8155832e+01  -2.0679584e+02   2.0000000e+00
  -3.2673426e+02  -1.1610669e+02   2.0000000e+00
   1.5007041e+02  -3.9467378e+01   2.0000000e+00
  -2.3101469e+02   1.0790107e+02   2.0000000e+00
  -1.3184600e+02  -2.5756748e+02   2.0000000e+00
  -2.6521486e+02  -1.4191086e+02   2.0000000e+00
   2.5525468e+01   2.5700449e+02   2.0000000e+00
   4.9991036e+01   1.4865665e+02   2.0000000e+00
  -1.7069849e+02   1.3562597e+02   2.0000000e+00
  -2.4204898e+02  -6.7678603e+01   2.0000000e+00
   1.9841232e+02  -3.0426040e+01   1.0000000e+00
  -9.1337598e+01   3.0400260e+02   2.0000000e+00
   5.9015898e+01   2.4347598e+01   2.0000000e+00
   5.1004195e+01  -2.5993053e+02   2.0000000e+00
   1.8026765e+02  -2.6640079e+01   1.0000000e+00
   2.6058657e+02   1.2070894e+02   2.0000000e+00
  -2.0876396e+02   1.5812045e+02   2.0000000e+00
  -2.1463134e+02  -2.3596942e+02   2.0000000e+00
   2.3540910e+02  -2.0547717e+02   2.0000000e+00
  -1.1121171e+02   2.1097093e+02   2.0000000e+00
  -2.2711122e+02  -5.1016103e+01   2.0000000e+00
   5.8457849e+01   1.6748368e+01   2.0000000e+00
  -2.4563367e+02   1.7488972e+02   1.9000000e+00
   2.9535590e+02  -4.9033719e+01   2.0000000e+00
   7.3567954e+01   2.6674437e+02   1.0000000e+00
  -2.5579762e+02  -5.1086745e+01   2.0000000e+00
  -2.2481278e+02   7.5128404e+01   2.0000000e+00
   2.2790184e+02  -2.0074343e+02   2.0000000e+00
  -4.2046910e+01   2.7070102e+02   2.0000000e+00
  -5.2449562e+01  -1.6434651e+02   2.0000000e+00
  -5.3118126e+00  -5.8171646e+01   1.0000000e+00
   2.9750608e+02  -8.7833859e+01   2.0000000e+00
  -2.0640460e+02   2.4380368e+01   2.0000000e+00
   2.9931648e+02  -1.3127614e+02   2.0000000e+00
   2.9270920e+02  -1.1012787e+02   2.0000000e+00
  -2.8136941e+02  -1.9027256e+02   1.0000000e+00
   6.8717384e+01  -6.0468883e+01   1.0000000e+00
   1.1558709e+02   9.9613840e+01   2.0000000e+00
   1.9010406e+02  -1.4901274e+01   1.0000000e+00
  -2.6007317e+02  -3.7974348e+01   2.0000000e+00
  -2.3038598e+02   1.6127180e+02   2.0000000e+00
   1.7209901e+02   1.8398116e+02   1.0000000e+00
  -1.3216993e+02  -2.6284699e+02   2.0000000e+00
  -1.7894665e+02   2.4930730e+01   2.0000000e+00
   2.1708272e+02   1.4134748e+01   1.0000000e+00
   2.0566384e+02   1.2960105e+02   2.0000000e+00
   2.1478985e+01  -1.4149455e+02   2.0000000e+00
  -2.2620268e+02   1.9338126e+02   2.0000000e+00
   1.6457824e+01  -2.4096746e+02   2.0000000e+00
   7.6601766e+01   2.1862062e+02   2.0000000e+00
  -1.5953723e+02   1.8835562e+02   2.0000000e+00
  -2.7881819e+02  -1.7165784e+02   1.0000000e+00
  -2.1782270e+02   1.7265635e+02   2.0000000e+00
  -2.3359219e+02  -1.4989450e+02   2.0000000e+00
  -8.4196751e+01   3.0111147e+02   2.0000000e+00
   1.6692628e+02   2.3487350e+02   2.0000000e+00
   2.1989267e+02   1.2422767e+02   2.0000000e+00
   2.4245979e+01  -1.7478298e+01   2.0000000e+00
  -9.1538171e+01   2.8848942e+02   2.0000000e+00
   6.9233739e+01  -1.9188852e+02   2.0000000e+00
  -1.6680019e+02   6.5906673e+01   2.0000000e+00
  -1.9631494e+02   1.1331640e+02   2.0000000e+00
   1.8288945e+02  -7.3210722e+01   1.0000000e+00
   1.4320508e+02   1.2542887e+02   2.0000000e+00
  -1.5277246e+02  -2.2223955e+02   2.0000000e+00
  -2.3526704e+02  -6.6491768e+01   2.0000000e+00
   1.8309993e+02  -7.2595913e+01   1.0000000e+00
  -1.0708457e+02  -1.7348646e+02   2.0000000e+00
   2.5466727e+02   1.5825958e+02   2.0000000e+00
  -1.1656049e+02  -2.0484768e+02   2.0000000e+00
   9.3434857e+01  -2.2181142e+02   2.0000000e+00
   2.3042301e+02   1.5268695e+02   2.0000000e+00
  -2.1893497e+02  -1.5727706e+02   2.0000000e+00
   1.5593359e+02   2.1907232e+02   2.0000000e+00
   1.7091738e+02   1.5469552e+02   1.0000000e+00
  -1.1180580e+02  -2.3968439e+02   2.0000000e+00
  -1.4843417e+02  -2.1710324e+02   2.0000000e+00
   1.0533911e+02  -1.9771346e+02   2.0000000e+00
  -8.9890280e+01  -2.7697256e+02   2.0000000e+00
   1.8806764e+02  -5.2626209e+01   1.0000000e+00
  -1.3881051e+02  -1.3158802e+02   2.0000000e+00
  -2.2504301e+02  -1.0997326e+02   2.0000000e+00
  -2.6342577e+02   2.3310423e+02   1.0000000e+00
  -5.0500861e+01  -5.5942179e+01   2.0000000e+00
   1.7821335e+02  -7.0255188e+01   1.0000000e+00
   1.9124277e+02   2.0865616e+02   2.0000000e+00
  -8.4374986e+01   1.8917659e+02   2.0000000e+00
   1.9819000e+02   1.1850540e+01   2.0000000e+00
  -5.0983895e+00  -7.9862103e+01   2.0000000e+00
  -1.4856524e+02   1.8905530e+02   2.0000000e+00
  -3.0843437e+02  -7.5668609e+01   2.0000000e+00
   9.0039672e+01   1.0019539e+02   2.0000000e+00
  -1.0479015e+02  -2.5055282e+02   2.0000000e+00
  -2.0600508e+02   1.0657679e+01   1.9000000e+00
   2.0223920e+02   1.5167142e+01   2.0000000e+00
   1.8277193e+02  -2.7259060e+02   2.0000000e+00
  -2.1184577e+02   1.0668212e+02   2.0000000e+00
  -2.5863875e+02  -1.3477905e+02   2.0000000e+00
   1.8194322e+02   1.0625770e+02   2.0000000e+00
   1.7376585e+02   2.5258748e+02   2.0000000e+00
   3.5333541e+01  -1.5760686e+02   2.0000000e+00
   1.6423482e+02   2.0812471e+02   2.0000000e+00
   3.8430044e+01  -1.9997293e+02   2.0000000e+00
   1.8294722e+02  -1.8958593e+02   2.0000000e+00
   1.1367995e+02  -2.0308520e+02   2.0000000e+00
  -2.2221709e+02   1.6736064e+02   2.0000000e+00
   6.5626946e+01   5.3382215e+01   2.0000000e+00
   1.7168630e+02  -5.4250124e+01   1.0000000e+00
   2.3992305e+01  -1.7969095e+02   2.0000000e+00
  -8.9647346e+01  -8.4003318e+01   2.0000000e+00
  -9.2400836e+01   1.8323452e+02   2.0000000e+00
  -4.3797705e+01   2.7217570e+02   2.0000000e+00
  -9.9029287e+01   3.9467749e+01   2.0000000e+00
  -6.2494242e+01  -3.2828026e+01   2.0000000e+00
  -1.5950598e+02  -2.4244745e+02   2.0000000e+00
  -1.5234365e+02   2.5455050e+02   2.0000000e+00
   3.0237332e+02  -1.4084141e+02   2.0000000e+00
   2.4855425e+02   1.6777502e+02   2.0000000e+00
  -8.8011816e+01   2.9940947e+02   2.0000000e+00
   8.8463177e+01  -1.0337571e+02   2.0000000e+00
   1.5539967e+02  -1.5142805e+01   1.0000000e+00
   3.0788676e+02  -1.0604850e+02   2.0000000e+00
   4.4913602e+01  -2.6299026e+02   2.0000000e+00
   1.0303957e+02   5.9470993e+01   2.0000000e+00
   1.4929485e+02   1.6995648e+02   1.0000000e+00
   1.9112445e+02   1.6809780e+02   1.0000000e+00
  -2.7121377e+02  -1.8344636e+02   1.0000000e+00
  -1.7602468e+02  -2.1690824e+02   2.0000000e+00
  -1.5174971e+02   1.8004665e+02   2.0000000e+00
  -7.8666966e+01   6.0655076e+01   2.0000000e+00
   1.9795236e+02  -1.7864205e+02   2.0000000e+00
   4.7598678e+01   2.6683880e+02   1.0000000e+00
  -2.2129280e+02  -3.7034111e+01   2.0000000e+00
   2.3845711e+01   2.5110264e+02   2.0000000e+00
  -1.9847358e+02  -2.3193671e+02   2.0000000e+00
  -2.0941362e+02   1.8876514e+02   2.0000000e+00
  -1.7832263e+02   2.2461506e+02   2.0000000e+00
   4.9869688e+01   2.2987571e+02   2.0000000e+00
   1.7334907e+02   1.9886576e+02   1.0000000e+00
   2.5873615e+02  -2.3135988e+02   2.0000000e+00
  -1.9737453e+02   1.5580861e+02   2.0000000e+00
  -2.1592949e+02  -6.3056012e+01   2.0000000e+00
   2.0202402e+02   1.7168695e+02   1.0000000e+00
   1.2069050e+02   7.5242032e+01   2.0000000e+00
   2.9008887e+02  -6.2828442e+01   2.0000000e+00
  -1.9658313e+02   1.4609831e+02   2.0000000e+00
  -2.0216482e+02  -2.6145118e+02   2.0000000e+00
  -2.1905875e+02   1.2157100e+02   2.0000000e+00
   2.4682179e+02   1.3194389e+02   2.0000000e+00
  -2.0798936e+02  -1.3503267e+02   2.0000000e+00
   2.4049367e+02   1.3992570e+02   2.0000000e+00
   9.9402813e+01  -6.5410304e+01   2.0000000e+00
  -1.0125510e+02   3.3472058e+01   2.0000000e+00
  -2.4157319e+02  -1.5080522e+02   2.0000000e+00
  -2.0165735e+02   1.6468447e+01   2.0000000e+00
  -2.0817917e+02   2.4694069e+01   2.0000000e+00
  -2.6375807e+02   1.0819592e+02   2.0000000e+00
  -2.4965563e+02  -6.7306945e+01   2.0000000e+00
   1.5215097e+02  -8.9521286e+00   1.0000000e+00
  -1.2586143e+02   2.1347486e+02   2.0000000e+00
  -3.5551147e+01   3.0545529e+02   2.0000000e+00
  -1.1718461e+02  -2.0254776e+02   2.0000000e+00
  -1.2939557e+02   2.4080005e+02   2.0000000e+00
  -7.4449661e+01   8.3943189e+00   2.0000000e+00
   1.5968192e+02  -4.0032687e+01   2.0000000e+00
   2.0555195e+02   2.2975831e+01   1.0000000e+00
  -2.2222344e+02   3.0608797e+01   2.0000000e+00
   1.8791198e+02  -2.1583061e+02   2.0000000e+00
   1.4409249e+02   1.8682102e+02   1.0000000e+00
  -1.1772706e+02   2.4458684e+02   2.0000000e+00
   5.6523463e+01   2.3394482e+02   2.0000000e+00
  -3.2157495e+02  -1.1455403e+02   2.0000000e+00
   1.5160827e+02   2.4646623e+02   2.0000000e+00
   1.6249741e+02  -3.1895226e+02   2.0000000e+00
  -2.0706923e+02  -2.4811833e+02   2.0000000e+00
   2.5027620e+02   1.4426568e+02   2.0000000e+00
  -4.1045851e+01   1.2572364e+02   2.0000000e+00
   2.9879606e+02  -6.5687390e+01   2.0000000e+00
   1.3182830e+02   9.8977108e+01   2.0000000e+00
   3.0340929e+02  -6.6332208e+01   2.0000000e+00
   7.1402442e+01  -2.2606658e+02   2.0000000e+00
  -1.4327682e+02  -2.7940271e+02   2.0000000e+00
  -3.3777564e+02  -9.5283224e+01   2.0000000e+00
  -2.0645519e+02   1.4080020e+02   2.0000000e+00
  -1.8923035e+01   1.1523848e+02   2.0000000e+00
  -2.6866607e+02  -5.7335073e+01   2.0000000e+00
   1.9468376e+02  -1.9435024e+01   1.0000000e+00
   7.1618499e+01  -1.0122958e+02   2.0000000e+00
  -1.4375949e+02   7.4990195e+01   2.0000000e+00
   2.6713633e+01  -2.2690337e+02   2.0000000e+00
  -2.4968822e+02   1.8813596e+02   1.0000000e+00
  -3.2119506e+02  -1.3581781e+01   2.0000000e+00
   1.5674869e+02   2.2695081e+02   2.0000000e+00
  -1.4982538e+02  -2.0494223e+02   2.0000000e+00
  -8.8656607e+00   1.5848556e+01   2.0000000e+00
  -1.7636883e+02   2.0851805e+02   2.0000000e+00
  -1.2901841e+02   1.5208577e+02   2.0000000e+00
  -1.4968606e+02  -2.8092991e+02   2.0000000e+00
  -3.1952524e+02  -1.0480909e+02   2.0000000e+00
  -1.2970193e+02   2.4722742e+02   2.0000000e+00
   2.6384536e+02  -1.3735484e+02   2.0000000e+00
   5.6351035e+00  -2.2650415e+02   2.0000000e+00
  -8.9476835e+01   2.8299939e+01   2.0000000e+00
  -2.2436690e+02  -1.6244220e+02   2.0000000e+00
  -2.8597567e+02  -1.8284825e+02   1.0000000e+00
   2.4617119e+02  -2.0896950e+02   2.0000000e+00
  -1.3836672e+02   1.2442831e+01   2.0000000e+00
  -2.0201715e+02   1.5577214e+02   2.0000000e+00
  -6.3175220e+01  -1.5817315e+02   2.0000000e+00
   2.0003790e+02   2.2598762e+02   2.0000000e+00
   4.0331482e+01   2.5054752e+02   2.0000000e+00
  -4.5826498e+01   2.7892698e+01   2.0000000e+00
  -1.6061491e+02   2.4529741e+02   2.0000000e+00
  -5.1099749e+01  -4.4015676e+01   2.0000000e+00
  -2.1899925e+02   1.5284347e+02   2.0000000e+00
  -3.1670560e+02  -9.4493957e+01   2.0000000e+00
  -2.1642082e+02   1.0852118e+02   2.0000000e+00
   1.3411802e+02   1.9366243e+02   2.0000000e+00
   2.4771690e+01   1.1424392e+02   2.0000000e+00
  -8.5772733e+01  -3.8582200e+01   2.0000000e+00
   9.0787633e+01  -2.3499209e+02   2.0000000e+00
  -6.1909154e+01  -5.3840937e+01   2.0000000e+00
   1.7060960e+02   2.4362484e+02   2.0000000e+00
   1.8147850e+02   2.2424852e+02   2.0000000e+00
   6.1941370e+01   2.0482207e+02   2.0000000e+00
  -1.4537784e+02  -2.0611122e+02   2.0000000e+00
  -1.3671261e+02   2.2344786e+02   2.0000000e+00
  -2.8392169e+02  -1.6206102e+02   2.0000000e+00
   2.7523239e+02  -1.3747436e+02   2.0000000e+00
   4.9317691e+01  -1.6807634e+02   2.0000000e+00
  -6.2542252e+01  -2.4622486e+02   2.0000000e+00
  -4.4908507e+01  -5.0180197e+01   2.0000000e+00
   1.4002316e+02   3.4112499e+01   2.0000000e+00
   2.4824747e+02   1.3815661e+02   2.0000000e+00
   1.2276136e+02   5.3813877e+01   2.0000000e+00
   2.0544618e+02   2.1703381e+02   2.0000000e+00
  -1.9473679e+02  -2.3860407e+02   2.0000000e+00
   1.9710905e+02   2.4315646e+02   2.0000000e+00
  -2.5503713e+02  -7.3587223e+01   2.0000000e+00
  -1.2020040e+02  -2.7226909e+02   2.0000000e+00
  -4.5771253e+01  -3.3093570e+01   2.0000000e+00
   1.5971287e+02   2.4879832e+02   2.0000000e+00
  -1.0383743e+02  -2.6139109e+02   2.0000000e+00
  -2.2383849e+02  -2.6301786e+02   2.0000000e+00
   2.8333861e+02  -7.4707967e+01   2.0000000e+00
  -2.0009694e+02   5.9866285e+01   2.0000000e+00
  -1.2986338e+02   1.2085275e+02   2.0000000e+00
  -9.1790277e+01  -4.2717196e+01   2.0000000e+00
  -2.2364269e+02   1.0089604e+02   2.0000000e+00
   1.7950721e+02  -7.7598775e+01   1.0000000e+00
  -2.5226412e+02  -1.5434042e+02   2.0000000e+00
   2.6091168e+02   1.4867592e+02   2.0000000e+00
  -2.5687375e+02   1.5967691e+02   1.0000000e+00
   2.3793427e+02   2.3451705e+02   2.0000000e+00
   2.2133900e+02  -2.5590365e+02   2.0000000e+00
   1.1659689e+02  -1.2814772e+02   2.0000000e+00
  -2.5516943e+02  -1.3595589e+02   2.0000000e+00
  -1.4133344e+02  -8.5941114e+01   2.0000000e+00
   1.8298887e+01  -2.2226931e+01   2.0000000e+00
   3.0428188e+01  -3.4445390e+01   2.0000000e+00
   2.4690437e+02   2.3971036e+02   2.0000000e+00
  -1.6300949e+02   7.7118942e+01   2.0000000e+00
  -1.7682346e+02   2.1927323e+02   2.0000000e+00
   2.3128024e+02   1.9614781e+02   2.0000000e+00
  -1.7931321e+02  -2.3662091e+02   2.0000000e+00
  -1.9601355e+02   1.6756151e+02   2.0000000e+00
  -1.4410895e+02  -2.0838320e+02   2.0000000e+00
   2.9302182e+02  -1.3345810e+02   2.0000000e+00
   6.3198171e+01  -1.9059561e+02   2.0000000e+00
  -2.3490530e+02   1.5342191e+02   2.0000000e+00
   1.7297276e+02   2.2669029e+02   2.0000000e+00
  -4.9626477e+01  -2.6873081e+02   2.0000000e+00
   7.9572355e+01  -2.4528634e+02   2.0000000e+00
  -2.3134259e+02   2.0406565e+01   2.0000000e+00
   6.9199675e+01  -1.5801290e+02   2.0000000e+00
   2.5137294e+02  -2.0824541e+02   2.0000000e+00
  -1.6576997e+02   2.5466477e+02   2.0000000e+00
  -1.4927660e+02   1.8174934e+02   2.0000000e+00
  -1.1765103e+02  -2.8147206e+02   2.0000000e+00
   3.5862321e+00  -1.6123868e+02   2.0000000e+00
   9.1583339e+00   1.0835411e+02   2.0000000e+00
   1.3408616e+02  -2.7563835e+02   1.0000000e+00
  -2.2366148e+02   2.1330343e+02   1.0000000e+00
  -2.3457365e+02   1.0710679e+02   2.0000000e+00
   2.4009820e+02   2.2558144e+02   2.0000000e+00
   1.7752720e+01  -1.9261684e+02   2.0000000e+00
   2.6804597e+02  -2.4179079e+02   2.0000000e+00
   3.2103393e+01  -9.1354436e+01   2.0000000e+00
  -2.2959116e+02   1.2637647e+02   2.0000000e+00
  -2.5751879e+02   2.0029828e+02   1.0000000e+00
   2.2016400e+02   5.5830244e+01   1.0000000e+00
  -2.5551424e+02  -1.3099894e+02   2.0000000e+00
  -2.3279002e+02   1.3368464e+02   2.0000000e+00
  -1.2252263e+02   1.5113671e+02   2.0000000e+00
   2.0096112e+02   1.9210637e+02   2.0000000e+00
  -1.1428999e+02  -2.3250996e+02   2.0000000e+00
  -3.4610021e+01   1.0633815e+02   2.0000000e+00
   8.5162591e+01  -1.4067637e+02   2.0000000e+00
  -9.0741582e+01  -8.2000585e+01   2.0000000e+00
   7.4453328e+01  -4.9228519e+01   1.0000000e+00
   3.8717326e+01   1.0776828e+02   2.0000000e+00
   2.0635415e+02   2.4040874e+02   2.0000000e+00
   1.7684097e+02  -3.2874871e+02   2.0000000e+00
   1.9540966e+02   2.6100363e+01   2.0000000e+00
   2.0815417e+01  -1.7836142e+02   2.0000000e+00
  -1.1734105e+02  -2.0982179e+02   2.0000000e+00
  -5.0268502e+01  -2.6326420e+01   2.0000000e+00
   2.7340937e+01   1.6311539e+02   1.0000000e+00
   1.8022556e+02   2.4835991e+02   2.0000000e+00
   1.9443033e+02   1.8991431e+02   1.2000000e+00
  -3.3847792e+02  -1.1944523e+02   2.0000000e+00
   6.2554475e+01  -1.7414129e+02   2.0000000e+00
   1.2637783e+02  -1.5304981e+02   2.0000000e+00
   1.7948043e+02  -6.9564332e+01   1.0000000e+00
  -9.3619871e+01   2.9278274e+02   2.0000000e+00
  -2.0851142e+02  -2.3672268e+02   2.0000000e+00
  -2.2019420e+01  -2.2434938e+02   2.0000000e+00
  -1.3968192e+02   1.7447084e+02   2.0000000e+00
  -9.7998185e+00   2.9095631e+01   2.0000000e+00
  -1.4951559e+02  -7.2657956e+01   1.0000000e+00
   2.1589076e+02   2.4011122e+02   2.0000000e+00
  -2.9879547e+01   4.9348694e+01   2.0000000e+00
   8.3218064e+01   5.8076141e+00   2.0000000e+00
  -1.2930423e+02  -2.6331014e+02   2.0000000e+00
   1.9553116e+01   1.1503647e+02   2.0000000e+00
   1.3455785e+02   6.8232948e+01   2.0000000e+00
   1.2248197e+02   9.9031640e+01   2.0000000e+00
   1.5192822e+02  -1.6251699e+02   2.0000000e+00
   3.9706342e+01   8.6258794e+01   2.0000000e+00
  -7.5960111e+01   2.7790629e+02   2.0000000e+00
   6.2093495e+01  -2.1020331e+02   2.0000000e+00
   1.7569984e+02   4.4044255e+01   2.0000000e+00
  -5.9189431e+01   4.1734395e+01   2.0000000e+00
   1.3979608e+02  -1.2640388e+02   2.0000000e+00
   1.3327126e+02   1.7393779e+02   1.3000000e+00
   1.1978585e+02  -1.4016615e+02   2.0000000e+00
  -2.3771027e+02   1.1804048e+02   2.0000000e+00
   2.1932797e+02   4.5641821e+01   1.0000000e+00
  -1.2887914e+02   1.5516213e+02   2.0000000e+00
  -1.1615926e+02   8.2172094e+01   2.0000000e+00
  -1.3301155e+01  -1.5844755e+02   2.0000000e+00
   1.8135046e+01   1.0880686e+02   2.0000000e+00
  -2.1258781e+02  -9.8090574e+01   2.0000000e+00
   1.1958035e+02  -2.0270224e+02   2.0000000e+00
  -1.5783987e+02  -2.7227714e+02   2.0000000e+00
  -2.1778327e+02  -1.5494000e+02   2.0000000e+00
  -2.3111302e+02   1.3425637e+01   2.0000000e+00
   9.1108482e+00  -2.5977412e+02   1.0000000e+00
   3.0678505e+02  -1.4197770e+02   2.0000000e+00
   2.3314638e+02   1.6400309e+02   2.0000000e+00
  -6.7681393e+01   7.9589381e+01   2.0000000e+00
   3.2455379e+01   2.3503220e+02   2.0000000e+00
  -2.0452865e+02  -2.6556924e+02   2.0000000e+00
   1.3491243e+02   7.5070342e+01   2.0000000e+00
  -3.2811845e+02  -9.3194129e+01   2.0000000e+00
   7.6235029e+01  -2.1690918e+02   2.0000000e+00
   4.9145928e+01  -1.8761085e+02   2.0000000e+00
  -1.7051373e+02  -2.7531627e+02   2.0000000e+00
   1.5472646e+02  -3.3350928e+02   2.0000000e+00
   2.0471896e+02  -1.7622109e+02   2.0000000e+00
  -2.3772153e+02   1.1702334e+02   2.0000000e+00
   1.4863889e+02  -1.6527385e+02   2.0000000e+00
   2.2089274e+02   2.4461787e+02   2.0000000e+00
   1.6562915e+02   2.2717086e+02   2.0000000e+00
   1.6366816e+02   1.8694735e+02   1.0000000e+00
   1.9983387e+02   1.2564008e+01   2.0000000e+00
  -4.3056294e+01   2.5045006e+02   2.0000000e+00
  -5.8460007e+01  -6.6767659e+01   2.0000000e+00
   1.9573491e+02  -2.3615154e+02   2.0000000e+00
   2.6872821e+02  -2.3980635e+02   2.0000000e+00
  -6.6234313e+01  -5.1542278e+01   2.0000000e+00
  -2.7893840e+01   2.4568716e+02   2.0000000e+00
   8.6016682e+01   2.6877784e+02   1.0000000e+00
   5.9245262e+01  -2.3483026e+02   2.0000000e+00
  -1.5777566e+02   3.1319765e+01   2.0000000e+00
   1.1190776e+02  -1.9884048e+02   2.0000000e+00
   1.9918333e+01   9.3943573e+01   2.0000000e+00
  -1.6219125e+02  -2.1794350e+02   2.0000000e+00
   1.6329114e+02   1.2628001e+02   2.0000000e+00
   1.8782628e+02  -4.7416530e+01   1.0000000e+00
  -1.7807570e+02  -2.3346522e+02   2.0000000e+00
   2.8335643e+02  -6.6058975e+01   2.0000000e+00
   2.1638705e+02  -2.8423333e+02   2.0000000e+00
   3.0099006e+02  -1.0749206e+02   2.0000000e+00
   1.7102943e+02  -2.4247252e+02   2.0000000e+00
   9.3385754e+01  -9.6301802e+01   2.0000000e+00
  -4.4828175e+01  -2.2859451e+01   2.0000000e+00
   2.6832439e+01  -8.4595908e+00   2.0000000e+00
   8.1835622e+01  -2.4710300e+02   2.0000000e+00
   1.2210447e+02   5.5680144e+01   2.0000000e+00
  -2.4995854e+02   1.5773718e+02   1.0000000e+00
   2.1261073e+02   1.9561956e+02   2.0000000e+00
  -1.5777916e+02   7.1144872e+01   2.0000000e+00
  -3.2384775e+02  -9.3663981e+01   2.0000000e+00
   1.6954266e+02   1.9012385e+02   1.0000000e+00
   9.3681410e+01  -2.1281999e+02   2.0000000e+00
   2.3917512e+02   1.5883534e+02   2.0000000e+00
  -2.3914237e+02  -2.7469230e+02   1.0000000e+00
  -3.8470161e+01   1.1271419e+02   2.0000000e+00
  -2.6234776e+02   1.3684157e+02   1.0000000e+00
   6.6179028e+01  -2.3065658e+02   2.0000000e+00
   2.6821048e+01   2.4520872e+02   2.0000000e+00
   5.8224705e+01   2.5696690e+02   1.0000000e+00
  -3.3579488e+01   3.0577477e+02   2.0000000e+00
  -1.4426851e+02  -1.1178721e+02   2.0000000e+00
  -2.7866782e+01   5.3336874e+01   2.0000000e+00
   3.0788038e+01  -2.5875197e+02   2.0000000e+00
  -9.4688226e+01   1.6194360e+02   2.0000000e+00
   9.7998928e+00  -2.5697253e+02   2.0000000e+00
  -1.1707148e+02   1.6214329e+02   2.0000000e+00
   1.0998154e+02  -1.4033457e+02   2.0000000e+00
  -1.9906119e+02  -1.2493689e+02   2.0000000e+00
  -2.2813301e+02   4.8876900e+01   2.0000000e+00
   2.9947153e+02  -1.1473168e+02   2.0000000e+00
  -4.7643439e+01  -5.8570872e+01   2.0000000e+00
  -1.4598808e+02   1.6485933e+02   2.0000000e+00
   1.8742774e+02   4.1958540e+01   2.0000000e+00
   6.6787663e+01  -2.1231247e+02   2.0000000e+00
   9.5733564e+01  -2.1110627e+02   2.0000000e+00
  -2.5675815e+02  -4.2435964e+01   2.0000000e+00
  -2.5857198e+02   1.0510370e+02   2.0000000e+00
   7.9514313e+01  -7.9469493e+01   2.0000000e+00
   5.9163082e+01  -2.6383872e+02   2.0000000e+00
  -1.3928029e+02  -2.1745268e+02   2.0000000e+00
  -5.3666787e+01  -7.0956608e+01   2.0000000e+00
  -2.1840669e+02   1.0305770e+02   2.0000000e+00
   1.0280989e+02  -1.6776254e+02   2.0000000e+00
   1.6097270e+02  -1.4450406e+01   1.0000000e+00
  -3.3309959e+02  -1.0290495e+02   2.0000000e+00
  -2.2708520e+02  -1.0965584e+02   2.0000000e+00
   1.2916146e+02   1.2557380e+02   2.0000000e+00
  -2.6366980e+02   2.0190387e+02   1.0000000e+00
   1.4574751e+02  -2.1798615e+01   1.0000000e+00
  -1.2486812e+02   2.5869323e+02   2.0000000e+00
  -3.1942751e+02  -3.0459120e+00   2.0000000e+00
   1.9532388e+02  -2.0437057e+02   2.0000000e+00
  -1.7671323e+02  -2.2879830e+02   2.0000000e+00
  -1.3619763e+02  -1.6656390e+02   2.0000000e+00
  -2.7255011e+02  -1.4468851e+02   2.0000000e+00
  -3.1795364e+02  -2.8804148e+01   2.0000000e+00
  -7.8683313e+01   7.2430945e+01   2.0000000e+00
   1.4289757e+02   1.6495544e+02   1.0000000e+00
  -2.4077667e+02  -1.4497525e+02   2.0000000e+00
   4.7299517e+01   1.5052067e+02   2.0000000e+00
   1.8253060e+02   1.1018928e+02   2.0000000e+00
  -4.3091685e+01   2.6378388e+02   2.0000000e+00
  -2.3845585e+02   2.0991676e+02   1.0000000e+00
  -2.5202291e+02   1.5655853e+02   1.0000000e+00
  -5.3106994e+01  -2.8123344e+02   2.0000000e+00
   2.0852787e+02  -1.6897180e+02   2.0000000e+00
  -1.7351014e+01  -1.7117465e+02   2.0000000e+00
   2.0001332e+02  -2.1846405e+02   2.0000000e+00
  -2.4644932e+02   2.3433291e+02   1.0000000e+00
   1.6065711e+01  -1.8838644e+02   2.0000000e+00
   1.3087615e+02   1.8184613e+02   2.0000000e+00
   1.7788188e+02   2.1614847e+02   2.0000000e+00
  -5.6145507e+01   6.0112204e+01   2.0000000e+00
  -1.5175572e+02  -7.0764044e+01   1.0000000e+00
   1.4304198e+02  -2.2200705e+01   1.0000000e+00
  -4.6052404e+01   1.0869556e+02   2.0000000e+00
   2.6859248e+01   2.6508077e+02   2.0000000e+00
  -2.6868771e+02  -1.6743020e+02   1.0000000e+00
  -9.8149012e+01  -5.1312165e+01   2.0000000e+00
  -4.9632327e+01   1.8106956e+02   2.0000000e+00
   2.2856115e+02   2.4686644e+02   2.0000000e+00
   8.0848596e+01   6.9024036e+01   2.0000000e+00
  -1.8190281e+02   1.6246276e+02   2.0000000e+00
  -2.3861826e+02  -1.6479172e+02   2.0000000e+00
  -1.6213677e+02   2.5450867e+02   2.0000000e+00
   1.8410777e+02  -2.8019881e+02   2.0000000e+00
  -2.0399235e+02  -2.3695546e+02   2.0000000e+00
  -1.7206100e+02   6.9749211e+01   2.0000000e+00
  -4.1620691e+01   2.6291818e+02   2.0000000e+00
  -2.4724669e+01   2.9139003e+02   2.0000000e+00
  -1.4117646e+02  -7.1148998e+01   2.0000000e+00
   7.3930587e+01   2.2758661e+02   2.0000000e+00
  -1.9659220e+02  -2.2979347e+02   2.0000000e+00
   3.3194040e-01  -1.4645656e+02   2.0000000e+00
  -1.7509300e+02  -2.4662692e+02   2.0000000e+00
  -2.5187313e+02  -1.3353742e+02   2.0000000e+00
  -7.2591250e+01   4.7766870e+01   2.0000000e+00
  -1.6098984e+02   3.9391408e+01   2.0000000e+00
   8.2703991e+01  -5.4211242e+01   2.0000000e+00
  -1.7707417e+01   2.0388275e+01   2.0000000e+00
  -1.8634376e+02   2.3024959e+02   2.0000000e+00
  -5.4937396e+01  -6.8334859e+01   2.0000000e+00
  -1.4333903e+02  -2.7202588e+02   2.0000000e+00
   1.7718612e+02  -2.7469953e+02   2.0000000e+00
   4.0991811e+01   2.2824611e+02   2.0000000e+00
   1.5224122e+02   2.4953458e+02   2.0000000e+00
  -2.4043877e+02   4.8494169e+01   2.0000000e+00
   3.3273481e+00  -2.4868809e+02   2.0000000e+00
  -1.3690035e+02   1.3540016e+01   2.0000000e+00
   1.6863097e+02   2.0636702e+02   1.9000000e+00
  -2.3561468e+02   2.7418189e+01   2.0000000e+00
   6.4450724e+01  -2.0331760e+02   2.0000000e+00
   7.4504579e+01  -4.8855959e+01   1.0000000e+00
  -2.3658706e+02  -2.7009835e+02   1.0000000e+00
   2.1155216e+02  -1.9961634e+02   2.0000000e+00
  -2.0226669e+02  -2.3538055e+02   2.0000000e+00
  -1.6105450e+02   2.6509454e+02   2.0000000e+00
   1.2700998e+02   3.4351840e+01   2.0000000e+00
   2.0293206e+02   1.9313007e+02   2.0000000e+00
  -1.7216099e+02   2.0185374e+02   2.0000000e+00
   1.4517552e+02   2.0179065e+02   2.0000000e+00
   1.4431729e+02   4.5534255e+01   2.0000000e+00
   1.5622547e+01   4.3093939e+00   2.0000000e+00
  -2.3215483e+02   9.8222990e+01   2.0000000e+00
  -1.6316701e+02   6.4935737e+01   2.0000000e+00
  -1.1643645e+02  -2.2018770e+02   2.0000000e+00
  -4.5883794e+01   6.7832635e+01   2.0000000e+00
   5.7054700e+01   2.0721759e+02   2.0000000e+00
   1.6535551e+02  -6.2337250e+01   1.0000000e+00
   1.3021473e+01   4.7175164e+00   2.0000000e+00
   7.2816117e+01   2.4835112e+02   2.0000000e+00
   2.1038405e+02   1.7523511e+02   2.0000000e+00
   1.5511832e+02  -1.9685421e+01   1.0000000e+00
   2.1903692e+02   1.4941883e+02   2.0000000e+00
   1.7646179e+02  -3.2815643e+02   2.0000000e+00
   1.2900996e+02  -1.1906734e+02   2.0000000e+00
   9.1741344e+01  -7.2742515e+01   2.0000000e+00
  -2.6092647e+01   2.6344406e+02   2.0000000e+00
   1.5580434e+02   2.4430239e+02   2.0000000e+00
  -3.8070461e+01  -1.4035323e+02   2.0000000e+00
  -1.6166418e+02   2.5920315e+02   2.0000000e+00
  -3.0713991e+01   2.7808764e+02   2.0000000e+00
  -3.2008797e+02  -8.8775174e+01   2.0000000e+00
  -2.4733194e+01   2.9434292e+02   2.0000000e+00
  -1.2088164e+02   3.1422586e+00   2.0000000e+00
   2.4830836e+02  -2.4590669e+02   2.0000000e+00
   2.3074075e+02  -2.5381564e+02   2.0000000e+00
  -7.5323708e+01   5.6195234e+01   2.0000000e+00
  -2.0171265e+02  -2.6149693e+02   2.0000000e+00
  -2.4912243e+02   1.5157283e+02   1.0000000e+00
  -1.8716157e+02  -2.5819486e+02   2.0000000e+00
  -1.3623328e+02   2.6719291e+02   2.0000000e+00
   4.7658680e+01   2.8117749e+02   1.0000000e+00
  -9.1594882e+01   3.0030538e+02   2.0000000e+00
   1.1117808e+02   8.1964806e+01   2.0000000e+00
   2.5191164e+02   2.4878532e+02   1.0000000e+00
   1.7118168e+02   1.7931397e+02   1.0000000e+00
   8.2134567e+01   2.6743827e+02   1.0000000e+00
  -1.9730357e+02   2.3331028e+01   2.0000000e+00
  -7.0643805e+01   6.2459715e+01   2.0000000e+00
  -2.1815568e+02   2.1177586e+02   1.0000000e+00
   2.3983411e+02   1.4267708e+02   2.0000000e+00
  -4.4383565e+01   1.0863386e+02   2.0000000e+00
   2.4142334e+02   2.3061355e+02   2.0000000e+00
  -2.4332150e+02  -1.5978781e+02   2.0000000e+00
  -3.9612707e+01  -1.4911645e+02   2.0000000e+00
  -6.2722992e+01  -2.7956254e+02   2.0000000e+00
   2.1004384e+02  -2.3903006e+02   2.0000000e+00
  -1.5094114e+02   2.3610641e+02   2.0000000e+00
  -2.0968085e+02   1.8788149e+02   2.0000000e+00
   3.2087490e+02   9.1389498e+01   2.0000000e+00
  -2.3039725e+02   2.3125237e+02   1.0000000e+00
   1.9586311e+02  -1.8431212e+02   2.0000000e+00
  -2.5257418e+02  -6.5082382e+01   2.0000000e+00
   1.4788488e+02   2.0559867e+02   2.0000000e+00
   9.3198450e+01   2.7362346e+02   2.0000000e+00
   2.4707661e+02   2.0218676e+02   2.0000000e+00
   2.5632238e+02  -2.5860908e+02   2.0000000e+00
   1.7630761e+02  -7.1240802e+01   1.0000000e+00
  -5.6382986e+01  -1.5052049e+02   2.0000000e+00
   7.5414631e+01   2.3876218e+02   2.0000000e+00
  -5.2424516e+01   4.6828455e+01   2.0000000e+00
   9.3191397e+01   7.2815608e+01   2.0000000e+00
  -2.1611798e+02   1.4656459e+02   2.0000000e+00
  -2.1478607e+02  -1.0879725e+02   2.0000000e+00
   5.3892354e+01  -2.2298636e+02   2.0000000e+00
  -2.0115430e+02   1.9015576e+02   2.0000000e+00
   3.0993500e+02  -7.3018419e+01   2.0000000e+00
   2.9636730e+02  -1.2735799e+02   2.0000000e+00
  -2.3145142e+02  -1.1270675e+02   2.0000000e+00
  -1.2831923e+02  -2.0703214e+02   2.0000000e+00
   4.3310306e+01   2.6644909e+02   1.0000000e+00
   3.9122781e+01   2.1233356e+02   2.0000000e+00
   2.0853654e+02  -1.6392520e+02   2.0000000e+00
   2.0531389e+02   2.0683381e+02   2.0000000e+00
   1.3900930e+02   6.3309047e+01   2.0000000e+00
   2.2325967e+02  -1.9416905e+02   2.0000000e+00
  -1.9703971e+01   2.5337967e+02   2.0000000e+00
   1.7510574e+02   1.5831785e+02   1.0000000e+00
   1.8733209e+02  -2.8037182e+02   2.0000000e+00
  -2.1845380e+02  -9.7406174e+01   2.0000000e+00
   2.9989687e+02   9.6731993e+01   2.0000000e+00
   7.0055782e+01   1.1031447e+02   2.0000000e+00
   2.3560343e+01  -8.4845321e+01   2.0000000e+00
   2.3885352e+02   1.2539545e+02   2.0000000e+00
  -2.2017322e+02  -2.4998302e+02   2.0000000e+00
   2.5887339e+02  -2.2780519e+02   2.0000000e+00
   7.5334630e+01   2.6311975e+02   1.0000000e+00
   1.9379628e+02  -2.1727283e+02   2.0000000e+00
