   1.5643386e+02  -4.0749332e+01
  -8.6440592e+01   5.9567703e+01
  -4.1144968e+02   7.7511173e+02
   7.9293144e+01  -5.2913224e+01
   5.2376496e+01  -5.5854754e+01
   3.6690115e+01  -4.4886118e+01
  -2.8775336e+02   4.5041812e+02
   1.8309256e+02  -2.9005616e+01
   1.9216866e+02  -2.3929105e+01
  -4.5671814e+02   9.1444923e+02
   1.1164143e+02  -5.2985592e+01
  -3.5869371e+02   6.2905586e+02
  -4.5587727e+02   9.1103344e+02
  -2.5526466e+02   4.0347513e+02
  -1.7644271e+02   2.2809816e+02
   6.0595889e+01  -4.9681684e+01
  -7.8573645e+01   8.8314973e+01
  -4.2459615e+02   8.1361139e+02
  -7.8931262e+01   8.9303547e+01
   1.7946018e+02  -3.0532238e+01
   1.5724000e+01  -3.7757169e+01
  -7.0930801e+01   7.5505154e+01
  -1.6225303e+02   2.1061235e+02
  -1.0804293e+02   1.3191536e+02
  -2.8850931e+00  -1.8106672e+01
  -2.3397595e+02   2.9422902e+02
  -3.9375256e+02   7.2452444e+02
  -3.0707150e+02   4.9643296e+02
  -2.1333832e+02   2.5185519e+02
  -4.2494314e+02   8.1667855e+02
   7.9988448e+01  -5.2772032e+01
   1.8164853e+02  -3.0096494e+01
  -8.1553535e+01   9.3209552e+01
  -2.4799526e+02   3.2444756e+02
  -5.5554410e+01   3.8256646e+01
  -7.9256226e+01   9.0164602e+01
  -2.5549272e+02   4.0528230e+02
   1.9166103e+02  -2.4103397e+01
  -2.1921929e+01  -5.8964113e+00
  -1.6562580e+02   2.0719228e+02
  -4.6627452e+02   9.4185394e+02
  -2.0524180e+02   2.3387154e+02
  -3.3127663e+02   5.5709565e+02
  -1.2406965e+02   1.4375206e+02
  -5.8466758e+01   4.1873290e+01
  -6.2042786e+01   4.5300824e+01
  -9.8624130e+01   1.1917248e+02
  -1.2934997e+02   1.5287227e+02
  -1.1668853e+02   1.4410546e+02
  -3.8124670e+01   2.5234285e+01
  -3.4812729e+00  -2.9903556e+01
  -9.2686040e+01   8.2137968e+01
  -2.0888964e+02   2.4247661e+02
  -1.3436548e+02   1.6059401e+02
  -3.4732200e+02   5.9943300e+02
  -7.7866347e+01   8.6674465e+01
  -4.5395414e+01   1.0574243e+01
   1.5834883e+02  -3.9824563e+01
  -3.8093460e+02   6.9136691e+02
  -6.1128178e+01   4.4675776e+01
  -2.4830931e+02   3.8904130e+02
  -4.5760221e+02   9.1800353e+02
   1.9043103e+02  -2.4689369e+01
  -1.6747112e+02   2.1070506e+02
  -3.7766981e+01   4.6254964e+00
  -4.8030796e+02   9.8498257e+02
  -4.5737361e+02   9.1574322e+02
   1.2176587e+02  -5.0404290e+01
  -3.1641090e+02   5.2064945e+02
  -3.2769591e+02   5.4928451e+02
   5.4969532e+01  -5.6589615e+01
  -8.7683516e+01   7.5393570e+01
   5.9503441e+00  -3.3751803e+01
   6.5112283e+01  -5.1161047e+01
  -4.4502099e+02   8.7594084e+02
   2.1049883e+01  -3.9590284e+01
  -2.8120676e+02   4.3374106e+02
   5.0880417e+01  -4.8056403e+01
  -6.6275288e+01   6.8468403e+01
  -1.8347259e+02   2.4175552e+02
  -2.4911355e+02   3.2745361e+02
  -4.3512180e+02   8.4561869e+02
  -1.1550507e+02   1.4249283e+02
  -3.9747220e+02   7.3840344e+02
   9.2297957e+01  -5.5582676e+01
  -3.6825667e+02   6.5659478e+02
  -7.1768373e+01   4.5674359e+01
  -2.9688991e+02   4.7080751e+02
  -4.0424482e+02   7.5669371e+02
   1.3144764e+02  -4.8044238e+01
  -3.8040802e+02   6.8929341e+02
  -6.3311517e+01   6.3521516e+01
  -3.1430297e+02   5.1430542e+02
  -5.7218253e+01   4.2738135e+01
  -3.4402193e+01   2.0071784e+00
  -1.5957317e+02   2.0495799e+02
   1.3270168e+02  -4.8028290e+01
  -3.7475863e+02   6.7391481e+02
   1.5238264e+02  -4.1315819e+01
   2.0189856e+01  -3.9281951e+01
  -1.1511620e+02   1.4211962e+02
  -4.6009942e+02   9.2450292e+02
   6.9302797e+01  -5.1695578e+01
   8.6072359e+01  -5.6423676e+01
  -3.4881752e+02   6.0260626e+02
  -3.0729261e+02   4.9749629e+02
   1.9992601e+02  -1.9213200e+01
  -6.6648726e+01   6.8981768e+01
  -5.4217001e+01   3.9324115e+01
  -4.8480635e+01   4.1230015e+01
  -2.0729353e+02   2.3907661e+02
   8.9408050e+01  -5.6139249e+01
  -6.0871380e+01   4.3730331e+01
   1.2956627e+02  -4.8278747e+01
  -1.6112892e+02   2.0823151e+02
   5.8461122e+01  -5.6660019e+01
  -4.1916726e+02   7.9989489e+02
  -3.8515101e+02   7.0140302e+02
  -3.5518356e+02   6.2031906e+02
  -4.0817944e+02   7.6796635e+02
   1.4353634e+02  -4.4826441e+01
  -3.6234087e+02   6.3862893e+02
  -5.8197871e+01   5.5383335e+01
  -3.0279625e+02   4.8637748e+02
   6.5307016e+01  -5.6968699e+01
  -4.1193511e+02   7.7940879e+02
   1.2794571e+02  -4.8810227e+01
  -3.9698928e+02   7.3680796e+02
  -5.2530828e+01   3.7968098e+01
  -3.4149595e+02   5.8355131e+02
  -7.0327059e+01   5.5142727e+01
  -4.5646118e+02   9.1430668e+02
  -4.5998166e+02   9.2420903e+02
  -9.7479599e+01   1.1776280e+02
   1.6104665e+02  -3.8501035e+01
   8.0788964e+01  -5.6750021e+01
  -3.3078132e+02   5.5565380e+02
  -4.2300527e+02   8.1110798e+02
   2.9603734e+01  -4.2193812e+01
  -3.2797776e+01   2.1801272e+01
   8.1606721e+01  -5.2994700e+01
  -8.5125773e+01   1.0152285e+02
   7.8036782e+01  -5.6644015e+01
  -2.8205325e+01  -2.4341009e+00
  -2.0254932e+01  -2.1637994e+01
   1.2368475e+02  -4.9845485e+01
  -3.9541828e+01   2.7242926e+01
  -4.8645036e+02   1.0087318e+03
   6.3699746e+01  -5.6844861e+01
  -1.2569854e+02   1.8414672e+02
   1.8726527e+02  -2.6950858e+01
   7.6844420e+01  -5.2657153e+01
   6.7693082e+00  -3.4483442e+01
  -3.0252368e+02   4.8509509e+02
  -1.0996571e+02   1.3520947e+02
  -9.4691517e+01   8.4427261e+01
  -4.2058419e+02   8.0637026e+02
  -1.9267213e+02   2.5899563e+02
  -7.5360201e+01   6.0690788e+01
   7.6200304e+01  -5.6362841e+01
   7.9325127e+01  -5.6688745e+01
  -2.7983022e+02   4.3027471e+02
   1.9977114e+02  -1.9944937e+01
  -1.8553125e+02   2.4485337e+02
  -9.3188510e+01   8.2616891e+01
  -1.3597511e+02   1.6316972e+02
  -1.5036629e+02   1.8905677e+02
   1.8921790e+02  -2.5327551e+01
  -4.6447875e+01   3.7429348e+01
  -2.5731408e+02   4.0871964e+02
  -4.2336551e+01   7.9423584e+00
  -3.9668376e+02   7.3670764e+02
  -7.5430130e+00  -2.8398203e+01
  -1.7573360e+02   2.2598170e+02
  -1.0021737e+01  -1.3942336e+01
  -5.5997340e+01   5.2510687e+01
  -3.2147732e+01   2.1083583e+01
  -1.6410179e+02   2.1388392e+02
   1.8016495e+02  -2.9782581e+01
  -4.8939835e+01   4.1167425e+01
  -2.5301432e+01  -3.6251825e+00
  -4.4315156e+02   8.7310981e+02
  -8.0623634e+01   5.3892086e+01
  -1.2631392e+02   1.4746353e+02
  -4.7774641e+02   9.7700423e+02
  -9.3223575e+01   8.2473528e+01
  -5.6681090e+01   4.1645809e+01
  -4.0883337e+02   7.7053723e+02
  -6.6220931e+01   5.0304342e+01
  -2.3930944e+01  -5.1344055e+00
  -4.1137721e+02   7.7656787e+02
  -7.5261926e+01   8.2520802e+01
  -9.3279723e+01   8.2237696e+01
   1.4620250e+02  -4.3515216e+01
  -1.3516587e+02   1.6175190e+02
   3.7390955e+01  -4.4492703e+01
  -3.3100297e+02   5.5665308e+02
  -4.6988410e+02   9.5329562e+02
  -2.2524971e+02   2.7615849e+02
  -3.1655748e+01  -1.5436667e+01
  -2.4349571e+02   3.1473872e+02
  -3.6197319e+02   6.3793755e+02
  -8.2421950e+01   5.5902291e+01
   1.1698123e+02  -5.1958495e+01
  -3.2077392e+01  -1.5447928e+01
   1.9814217e+02  -2.0481433e+01
  -4.8024149e+02   9.8570655e+02
   9.0196331e+01  -5.6116058e+01
  -1.0177524e+02   1.2349281e+02
   1.1275621e+02  -5.2447383e+01
   8.2216287e+01  -5.6466600e+01
  -1.0152265e+01  -1.4242489e+01
   1.8527717e+02  -2.7419973e+01
  -5.1909389e+01   3.3942299e+01
   1.9590772e+02  -2.2451879e+01
  -5.3123204e+01   3.5854348e+01
  -5.6481893e+01   4.1543532e+01
  -3.7628374e+01   2.5352442e+01
  -3.7969815e+02   6.8585601e+02
   8.3459305e+01  -5.2642318e+01
   2.0275194e+02  -1.7914139e+01
  -9.3541173e+01   6.1198974e+01
  -4.2088449e+01   3.0987063e+01
  -1.2664722e+02   1.4754899e+02
  -2.2695948e+02   2.7942272e+02
  -8.6539024e+00  -1.5035285e+01
  -5.8881771e+00  -2.9107108e+01
  -3.1096889e+02   5.0493498e+02
  -1.8648977e+02   2.4714246e+02
   3.6261446e+00  -3.3137517e+01
  -1.8034112e+02   2.3569278e+02
  -2.2722525e+02   2.7921218e+02
   6.0977783e+01  -5.6554445e+01
  -2.2964299e+02   2.8445026e+02
  -4.4181588e+02   8.6526243e+02
  -7.7602378e+01   5.0722735e+01
  -1.5724136e+02   2.0150312e+02
  -4.7500863e+02   9.7612331e+02
  -7.9838545e+01   5.2412269e+01
   8.5307365e+01  -5.6420863e+01
  -6.0045450e+01   4.3198595e+01
  -3.4098081e+01   2.2477763e+01
  -2.9895671e+02   4.7701277e+02
   2.2422791e+01  -3.9904988e+01
   1.5470282e+02  -4.0739331e+01
  -2.5755671e+02   3.4558680e+02
  -1.3212363e+02   1.5622812e+02
  -1.3901680e+02   1.6846155e+02
   4.7816465e+01  -4.7737712e+01
  -3.7038301e+02   6.6185855e+02
  -2.8292598e+02   4.3700793e+02
  -3.5124335e+02   6.1067916e+02
  -3.6677915e+02   6.5110905e+02
  -4.5031110e+02   8.9514223e+02
  -3.1268110e+01   1.9966627e+01
  -1.9170377e+02   2.5737843e+02
  -4.7197225e+02   9.6124752e+02
   2.6830027e+01  -4.1762785e+01
  -4.0349249e+02   7.5397909e+02
  -2.8903764e+00  -1.8327278e+01
  -5.3436986e+00  -2.9315381e+01
  -4.4452360e+02   8.7527290e+02
  -6.1537559e+01   6.0680590e+01
  -1.4507284e+02   1.7904109e+02
  -2.2640805e+02   2.7815132e+02
  -5.8101426e+01   4.0941263e+01
   6.3024043e+01  -5.6614457e+01
  -1.6847773e+02   2.1363865e+02
   4.4464235e+01  -4.6741653e+01
   6.7703287e+01  -5.6782510e+01
  -4.3676147e+02   8.5118181e+02
  -2.4422248e+02   3.1542442e+02
  -1.6550713e+02   2.1615820e+02
  -2.7786005e+02   4.2555333e+02
  -9.5730216e+01   8.5462741e+01
  -2.4032849e+02   3.0758304e+02
  -1.8439505e+02   2.4296806e+02
  -7.2545719e+01   7.8463771e+01
   7.7569602e+01  -5.6346859e+01
  -7.8507951e+01   5.1424053e+01
  -2.2932968e+02   2.8463586e+02
  -4.1662532e+02   7.9292371e+02
  -8.8215770e+01   7.5902926e+01
  -4.9020313e+02   1.0202872e+03
  -5.7257159e+01   5.4385504e+01
   3.9085020e+01  -4.5461390e+01
  -2.1737009e+02   2.5947221e+02
  -3.1661312e+01   1.0854624e+00
  -1.4651171e+01  -2.4153395e+01
  -2.6562215e+02   3.6233468e+02
  -6.0547561e+01   4.4045881e+01
  -4.5216139e+02   8.9875647e+02
  -6.2089220e+01   4.6732226e+01
  -1.4746017e+02   1.8319437e+02
  -1.3673564e+02   1.6520800e+02
  -6.0615767e+01   4.3991184e+01
  -6.0404975e+01   5.8484208e+01
  -7.8137337e+01   5.1007551e+01
  -4.7033736e+02   9.5579407e+02
  -4.0887019e+01   7.3797784e+00
  -3.3569342e+02   5.6864375e+02
  -3.7574600e+01   2.4911009e+01
  -1.4736823e+02   1.8286276e+02
   3.8379714e+01  -4.5340448e+01
   1.6884599e+02  -3.5402929e+01
   1.5827131e+02  -3.9723192e+01
   6.8219416e+01  -5.6494318e+01
  -1.5217574e+02   1.9204568e+02
  -2.9194672e+02   4.5986346e+02
  -2.1406962e+02   2.5299343e+02
  -1.8454765e+02   2.4347244e+02
  -3.2230471e+02   5.3619763e+02
  -2.9943681e+02   4.7851430e+02
  -2.9852564e+02   4.7527485e+02
  -9.1278002e+01   1.0901581e+02
  -4.7234968e+02   9.6064216e+02
  -4.8306424e+01   3.3794361e+01
  -1.2504791e+02   1.4513325e+02
  -2.9409198e+02   4.6464812e+02
  -4.4754960e+02   8.8656891e+02
  -3.3070718e+02   5.5604672e+02
  -2.3895293e+02   3.0491529e+02
  -2.3191611e+02   2.8980681e+02
  -3.0833893e+01  -1.6112812e+01
  -8.4859999e+01   5.8502845e+01
  -3.0232021e+02   4.8375987e+02
  -1.4826403e+02   1.8498923e+02
  -3.9717689e+02   7.3630523e+02
   1.3403366e+02  -4.7623905e+01
  -4.7869077e+02   9.8389199e+02
  -4.3834156e+02   8.5694534e+02
  -3.5345217e+02   6.1596226e+02
   1.2752607e+02  -4.9952293e+01
  -4.5631815e+02   9.1526010e+02
  -4.3248651e+02   8.3993579e+02
  -5.4647462e+01   4.9953132e+01
  -4.5838151e+02   9.1966651e+02
   1.1577981e+01  -3.6280538e+01
  -8.1729720e+01   6.8215089e+01
  -8.3325282e+01   5.7003478e+01
  -9.6283378e+01   1.1557616e+02
  -5.5185840e+01   4.0464033e+01
  -9.4956766e+01   8.4634019e+01
  -8.2023787e+01   9.3916057e+01
   1.9884854e+02  -2.1225175e+01
  -1.5917993e+02   2.0491957e+02
  -7.8845077e+01   5.1931231e+01
   1.0955246e+02  -5.3140692e+01
  -6.6658084e+01   5.0280704e+01
  -1.3266110e+02   1.5805153e+02
  -2.1406471e+02   2.5278635e+02
  -2.5561380e+02   4.0586581e+02
  -4.7460163e+02   9.6852524e+02
  -4.1802582e+02   7.9403048e+02
  -2.3051243e+02   2.8763034e+02
  -4.8711782e+02   1.0141307e+03
  -1.7773572e+02   2.2992067e+02
  -2.9357208e+02   4.6381777e+02
  -8.2779594e+01   9.8372997e+01
  -7.6762311e+01   4.9834859e+01
  -3.1588429e+02   5.1757445e+02
  -2.5841623e+02   4.1198787e+02
  -8.1720355e+00  -1.5219689e+01
   1.8924174e+02  -2.5766656e+01
   6.1027376e+01  -5.6887111e+01
   1.9707662e+02  -2.1007724e+01
  -2.2628732e+02   2.7853797e+02
  -7.6513266e+01   8.4842007e+01
  -7.6157547e+01   6.1755203e+01
   2.5871126e+01  -4.1174906e+01
   7.2124872e+01  -5.1624828e+01
   1.5090411e+02  -4.2317537e+01
  -3.1535694e+02   5.1815016e+02
  -3.3562551e+02   5.6867228e+02
   1.4811470e+02  -1.6637091e+01
  -3.3996077e+01   2.2251195e+01
  -3.6367386e+02   6.4264351e+02
  -4.6426049e+02   9.3519410e+02
  -2.7978668e+02   4.3060271e+02
  -2.9671357e+02   4.7115907e+02
  -4.0358384e+02   7.5357714e+02
  -3.4857917e+01   3.0387129e+00
  -6.9798791e+00  -2.8355967e+01
  -2.1910239e+02   2.6313356e+02
  -3.0653498e+01  -1.5700870e+01
   1.4842373e+02  -1.6161036e+01
   1.6339791e+02  -3.7331392e+01
  -7.1376184e+01   7.6176524e+01
  -3.9274637e+02   7.2348785e+02
  -7.2351274e+01   7.8528407e+01
  -3.8051148e+02   6.8763619e+02
  -6.2774226e+01   6.2548724e+01
   1.6563569e+02  -3.6709822e+01
   5.1866833e+01  -4.8273502e+01
   1.8314777e+02  -2.9137388e+01
  -2.1105882e+02   2.4689773e+02
   8.2689248e+01  -5.6820630e+01
  -1.4550403e+02   1.7968474e+02
  -4.0871701e+02   7.7043858e+02
  -3.2326899e+02   5.3652630e+02
  -4.9153253e+02   1.0263004e+03
   1.4694239e+02  -4.3772692e+01
   1.7351992e+02  -3.3051482e+01
  -1.3551094e+02   1.6327724e+02
   1.4250633e+02  -4.4842533e+01
   6.7375636e+00  -3.4188282e+01
  -6.1017028e+01   4.4665364e+01
   1.3857033e+02  -4.6082784e+01
  -3.5324035e+02   6.1599801e+02
  -7.4020680e+01   4.7765059e+01
  -3.5251985e+02   6.1358257e+02
   1.0963562e+02  -5.2758463e+01
  -6.0319259e+01   5.8964165e+01
  -3.7223184e+02   6.6617314e+02
  -8.8134672e+01   7.6345412e+01
   4.8586557e+01  -4.7472030e+01
   1.7268170e+02  -3.3703322e+01
  -2.0714129e+02   2.3834011e+02
  -3.6453146e+02   6.4658278e+02
  -4.3925597e+02   8.5963425e+02
  -1.0082941e+02   1.2211999e+02
  -3.9393038e+02   7.2815882e+02
   1.2084786e+02  -5.0986869e+01
  -3.7428304e+02   6.7078890e+02
   5.7627342e+01  -5.6937462e+01
  -2.5512470e+02   3.4028471e+02
   1.9980144e+02  -2.0563875e+01
  -2.1934805e+02   2.6456504e+02
  -9.1407674e+01   1.0927215e+02
  -4.7196610e+02   9.5911640e+02
  -4.1845926e+02   7.9964450e+02
  -2.4451313e+02   3.8060767e+02
   7.2102620e+01  -5.1968311e+01
  -3.6086479e+02   6.3533005e+02
  -5.3196108e+01   4.7987943e+01
  -8.4729429e+01   5.8412933e+01
  -4.6540863e+02   9.4257975e+02
   4.6795416e+01  -4.7441683e+01
  -3.6219996e+02   6.3790283e+02
  -9.3278921e+01   8.2409344e+01
  -3.1765125e+01  -1.5185737e+01
  -2.8955586e+02   4.5358209e+02
  -1.3478362e+02   1.6122530e+02
   3.9977986e+01  -4.5666965e+01
  -4.6139875e+02   9.2717518e+02
   1.6355498e+02  -3.7395569e+01
  -4.7887167e+02   9.8325109e+02
  -4.3154253e+02   8.3489784e+02
  -9.5442250e+01   8.4769877e+01
  -5.8636843e+01   4.3719303e+01
  -2.4774834e+02   3.2396791e+02
  -2.2457421e+02   2.7468135e+02
  -2.8143793e+02   4.3469680e+02
  -2.0230493e+01  -7.5124766e+00
  -4.7638735e+01   3.9622740e+01
   6.7651743e+01  -5.6936377e+01
  -3.7543798e+02   6.7436659e+02
   1.5001098e+02  -4.2150901e+01
  -3.0553428e+02   4.9256727e+02
   5.2877842e+01  -5.6528548e+01
  -2.5835644e+02   4.1092474e+02
  -1.0804988e+00  -1.9320861e+01
  -2.9248547e+02   4.6105234e+02
  -7.9908700e+01   9.0433760e+01
  -6.3354283e+01   4.7367338e+01
  -3.7940810e+02   6.8552811e+02
  -3.4706729e+02   5.9676353e+02
  -1.5508856e+02   1.9710203e+02
   3.3291514e+01  -4.3659939e+01
   1.5340590e+02  -1.4418678e+01
   1.8313393e+02  -2.8892507e+01
  -8.3152338e+00  -1.4913495e+01
  -2.3572854e+02   2.9721119e+02
  -1.1919703e+01  -2.5505450e+01
  -4.0331927e+02   7.5238461e+02
   4.6530397e+01  -4.6802070e+01
   1.2959247e+02  -4.8581291e+01
   6.4338486e+01  -5.6815587e+01
  -3.0137722e+02   4.8328762e+02
   6.0627277e+01  -4.9940335e+01
  -3.0359478e+02   4.8793145e+02
  -4.7814249e+02   9.7887921e+02
  -4.5204978e+02   8.9722637e+02
  -1.8235298e+02   2.4012586e+02
  -2.6222003e+02   3.5589591e+02
  -3.1961640e+02   5.2825077e+02
  -1.2594675e+02   1.4668608e+02
   8.0668074e+01  -5.6392685e+01
  -3.2287135e+02   5.3653311e+02
  -8.5108039e+01   5.8219078e+01
  -4.2174921e+01   3.0921844e+01
  -2.5020062e+02   3.9236941e+02
   1.2674986e+02  -4.9570360e+01
   3.4172575e+01  -4.3697198e+01
  -2.6352193e+02   3.5972811e+02
  -4.4313710e+02   8.7361483e+02
  -9.3760827e+01   8.2883715e+01
  -3.7032972e+02   6.6027019e+02
   1.7184331e+02  -3.3819075e+01
   1.2358838e+02  -5.0579341e+01
  -6.4966159e+01   4.9655610e+01
  -3.2953050e+02   5.5261100e+02
  -2.5166106e+02   3.9605322e+02
  -5.1795411e+01   4.6083590e+01
  -1.0199068e+02   1.2384634e+02
  -1.5845004e+02   2.0330211e+02
   5.0533502e+01  -4.8484644e+01
  -5.5097782e+01   4.0060199e+01
  -1.0831973e+02   1.3249326e+02
   1.5852106e+02  -3.9615470e+01
   8.0547519e+01  -5.2863332e+01
   1.4515443e+02  -4.3971507e+01
   5.5708710e+01  -5.6067755e+01
  -1.5092140e+02   1.8976344e+02
  -4.8268363e+01   4.0429938e+01
  -3.5377484e+02   6.1693539e+02
   1.8838297e+02  -2.5931172e+01
   2.9023049e+01  -4.2565878e+01
  -3.3560443e+02   5.6957897e+02
  -7.7623168e+00  -1.5324484e+01
   8.1491701e+01  -5.6221025e+01
  -2.3536666e+01  -5.3736745e+00
  -1.2563601e+02   1.8452614e+02
  -3.8394213e+02   6.9944464e+02
   1.1740304e+02  -5.2152361e+01
  -7.1166240e+01   5.5583968e+01
   5.4610665e+00  -3.3875505e+01
  -4.5141123e+02   8.9546510e+02
  -6.1971154e+01   6.1188089e+01
   1.5517986e+02  -4.0599558e+01
  -3.7208507e+02   6.6507893e+02
  -1.1178887e+02   1.3725813e+02
   1.8663270e+02  -2.6576435e+01
  -4.6504162e+01   1.1042200e+01
  -2.5580903e+02   3.4129056e+02
   1.1294051e+01  -3.6282361e+01
  -3.1349032e+02   5.1306771e+02
  -1.6497154e+02   2.0634479e+02
  -4.7803652e+02   9.7968949e+02
  -1.7663600e+02   2.2829921e+02
  -4.3125131e+02   8.3560284e+02
  -7.5089316e+01   4.8221258e+01
  -3.8173484e+02   6.9322247e+02
   8.0266266e+01  -5.2727710e+01
   1.5049003e+02  -4.2059097e+01
  -8.2185321e+01   9.7485861e+01
  -7.1744119e+01   4.5564858e+01
  -3.1533229e+02   5.1696894e+02
  -5.3685752e+01   4.9024075e+01
   1.8699638e+02  -2.7251516e+01
  -4.0620319e+01   7.5266582e+00
   7.1845766e+01  -5.1815087e+01
  -8.9643836e+01   1.0708521e+02
  -3.8434361e+02   6.9977631e+02
   1.8436924e+02  -2.7648716e+01
   1.1680590e+02  -5.1872242e+01
  -1.5540372e+01  -1.0763223e+01
  -2.5397315e+02   3.3826355e+02
   1.5999190e+02  -3.8773709e+01
  -5.1287746e+01   4.5018939e+01
  -6.0171517e+01   5.8522211e+01
  -8.2752380e+01   5.6005322e+01
  -4.6140067e+02   9.2750565e+02
  -4.6888291e+02   9.5080756e+02
   1.8255113e+02  -2.8961265e+01
  -4.3738318e+02   8.5295932e+02
   1.4791932e+01  -3.7622103e+01
  -1.1156393e+02   1.3681825e+02
  -5.7338378e+01   5.4446006e+01
  -6.4827354e+01   6.6014991e+01
   1.1303303e+02  -5.2376233e+01
  -3.6730142e+02   6.5345016e+02
  -3.6870231e+02   6.5658059e+02
  -1.2140812e+02   1.7837856e+02
   7.9192663e+01  -5.6394355e+01
   1.2458533e+02  -5.0339466e+01
  -2.2370648e+02   2.7227665e+02
   1.0881106e+02  -5.3595684e+01
  -1.5972302e+02   2.0541590e+02
  -2.2194356e+02   2.6891230e+02
  -3.8697441e+01   2.6131331e+01
  -1.7729925e+02   2.2982809e+02
  -1.9266918e+02   2.5999228e+02
  -2.9511170e+02   4.6784328e+02
  -3.6632659e+02   6.4802339e+02
   5.6102522e+00  -3.3637172e+01
  -4.7706432e+02   9.7543251e+02
  -9.3314686e+01   6.0433741e+01
  -3.0868248e+02   5.0019186e+02
  -7.7347465e+01   5.0726004e+01
  -7.4036127e+01   4.7594038e+01
   1.4833903e+02  -1.7108899e+01
   7.5328192e+01  -5.6943173e+01
   2.9621639e+01  -4.2349197e+01
  -9.5801871e+00  -1.4069142e+01
  -3.5806611e+00  -1.8224776e+01
   5.9190944e+01  -5.0081575e+01
  -8.1991357e+01   6.8592375e+01
  -1.6912886e+02   2.1352729e+02
   1.2812315e+02  -4.9129990e+01
  -4.7013441e+02   9.5622378e+02
  -8.9884172e+01   7.8749924e+01
  -8.6770640e+01   7.4210246e+01
   1.2607159e+01  -3.6541171e+01
   8.0690916e+01  -5.2563859e+01
  -7.5057466e+01   8.2500447e+01
   3.7156308e+01  -4.5026623e+01
  -3.1130478e+02   5.0755607e+02
  -2.5738025e+02   4.0959348e+02
  -3.0736994e+02   4.9758947e+02
   1.1453272e+02  -5.2540639e+01
  -4.6211712e+01   3.7186474e+01
  -4.1701756e+02   7.9383071e+02
  -6.6947722e+01   5.0942081e+01
  -1.8012055e+02   2.3601790e+02
  -4.3020385e+01   3.2550039e+01
  -1.7393709e+01  -9.4170023e+00
  -2.4635712e+02   3.8299181e+02
  -3.6401078e+02   6.4486944e+02
  -3.2606814e+02   5.4426963e+02
   5.2320855e+01  -5.5754411e+01
  -4.4668767e+02   8.8505472e+02
  -7.4589042e+01   4.8034716e+01
  -1.7936127e+02   2.3387109e+02
  -3.3645701e+02   5.7052721e+02
  -1.3223149e+02   1.5708819e+02
  -2.0702230e+02   2.3780375e+02
  -2.0579179e+00  -3.0911154e+01
  -3.9124387e+02   7.1996115e+02
  -4.4199321e+02   8.6567812e+02
  -3.6092895e+01   3.3847326e+00
  -4.1098760e+02   7.7825186e+02
  -8.4942472e+01   5.7751066e+01
   8.3527053e+01  -5.6227258e+01
   2.6747898e+01  -4.1496405e+01
  -2.5647408e+02   4.0623469e+02
  -4.2315530e+02   8.1292780e+02
  -4.1783188e+02   7.9575132e+02
  -2.0591123e+02   2.3609910e+02
   8.2200336e+01  -5.3012669e+01
   1.0326734e+02  -5.4743045e+01
  -5.6872505e+01   4.0247750e+01
   7.1030473e+00  -3.3895811e+01
   7.2309672e+01  -5.6278613e+01
  -1.1676850e+02   1.4384657e+02
   6.1103192e+01  -5.0392268e+01
  -1.2725499e+02   1.4828388e+02
  -1.1498913e+02   1.4094457e+02
  -3.4811535e+02   6.0157871e+02
  -5.2180477e+00  -1.7031775e+01
  -5.1260599e+01   3.3620266e+01
   1.5519616e+02  -4.0383358e+01
   1.2331312e+02  -5.0434286e+01
   4.9718989e+01  -4.7565413e+01
  -6.6386044e+01   5.0525103e+01
  -3.5944211e+02   6.3066494e+02
   1.2548543e+02  -5.0453935e+01
  -1.5756695e+02   2.0165437e+02
  -2.5350489e+01  -1.9277764e+01
  -3.2659187e+02   5.4474422e+02
  -2.2328735e+02   2.7210323e+02
  -2.8454178e+02   4.4089062e+02
   8.7281864e+00  -3.4879059e+01
  -2.3533924e+01  -5.4232649e+00
  -2.1021284e+02   2.4544617e+02
  -1.5034575e+02   1.8874622e+02
  -8.9853022e+01   7.7842313e+01
   1.6010553e+02  -3.8661450e+01
  -1.6711975e+02   2.1024115e+02
   5.9882456e+01  -5.0093473e+01
  -1.6440213e+02   2.0566045e+02
  -2.2150911e+02   2.6724729e+02
  -4.8745082e+02   1.0110438e+03
  -3.9524224e+01   2.7087239e+01
  -4.0629071e+02   7.6151516e+02
  -1.5805672e+02   2.0173225e+02
  -2.4650483e+00  -2.9915568e+01
  -7.5643618e+01   4.8971761e+01
  -4.9070345e+02   1.0203425e+03
  -7.0329497e+01   5.4882875e+01
  -3.6089737e+01   2.4042293e+01
  -7.2965055e+01   5.7703341e+01
   6.6598833e+01  -5.1348645e+01
  -1.5086597e+02   1.8909602e+02
  -2.5077189e+02   3.3079264e+02
  -4.1057897e+02   7.7451756e+02
  -1.0906091e+02   1.3310812e+02
   1.2239832e+02  -5.1090050e+01
  -3.9053371e+02   7.1708564e+02
   8.2100667e+01  -5.3014278e+01
  -2.8766788e+02   4.4922669e+02
  -1.7259581e+01  -9.2085762e+00
  -4.5486278e+02   9.0780197e+02
  -3.6044333e+02   6.3331922e+02
  -7.7989084e+01   8.7137843e+01
  -4.2970728e+01   2.9370047e+01
  -1.0390979e+02   1.2598474e+02
  -3.0916265e+02   5.0115268e+02
   1.8893897e+02  -2.6227524e+01
   8.9663410e+01  -5.5713242e+01
  -3.8458281e+01   2.5901560e+01
   6.1851244e+00  -3.4031981e+01
  -1.6824764e+02   2.1254908e+02
  -4.0539793e+02   7.6000254e+02
  -7.7734113e+01   6.3239163e+01
  -3.2676926e+02   5.4565772e+02
  -7.8066434e+01   5.1512736e+01
  -4.7332678e+01   3.8761341e+01
   1.3625106e+01  -3.6956451e+01
   6.3081513e+01  -5.0546584e+01
   7.5161942e+01  -5.7052308e+01
   1.5187531e+02  -1.4248230e+01
   4.0779094e+01  -4.5953783e+01
  -1.8729831e+02   2.4836980e+02
  -6.7240892e+01   5.1403612e+01
   3.1015630e+01  -4.2867124e+01
   8.3051116e+01  -5.6369829e+01
  -1.0431080e+02   1.2651588e+02
  -7.5745351e+01   4.8804928e+01
  -2.4136079e+02   3.1027123e+02
   2.0222320e+01  -3.9132135e+01
  -1.6560099e+02   2.1658575e+02
   1.0100903e+02  -5.4310160e+01
  -8.0304347e+01   5.3812481e+01
  -2.4873365e+01  -4.3061812e+00
  -3.1852680e+02   5.2543069e+02
  -2.3820417e+01  -4.9865677e+00
  -6.3778444e+01   6.4083547e+01
  -1.8259966e+02   2.4102119e+02
  -2.1882332e+02   2.6291696e+02
   1.5492435e+02  -4.0836158e+01
  -6.1003736e+01   4.5320165e+01
   1.6309611e+02  -3.7805596e+01
   1.3120568e+01  -3.6806861e+01
  -4.8995463e+01   1.3190998e+01
   5.4698957e+01  -4.9288223e+01
  -4.5920507e+02   9.2293382e+02
  -1.2905415e+02   1.5184993e+02
  -1.2990894e+02   1.5355497e+02
  -7.8249991e+01   8.7392459e+01
  -3.1545101e+01  -4.1599064e-03
   7.5814190e+01  -5.1918913e+01
  -2.5636286e+02   3.4209184e+02
  -5.5487769e+01   5.1325548e+01
   2.7110083e+01  -4.1750478e+01
  -8.7083510e+01   1.0389046e+02
  -4.0705504e+02   7.6485155e+02
  -1.2776385e+02   1.4966142e+02
   1.4096280e+02  -4.5683656e+01
  -1.9194929e+01  -7.4540188e+00
   6.1801556e+01  -4.9952432e+01
  -3.8718856e+01   5.8544273e+00
   1.7410126e+00  -3.2580155e+01
   5.1064683e+01  -5.6338993e+01
  -2.1441666e+02   2.5349175e+02
   1.3425375e+02  -4.7736609e+01
  -3.1135330e+01   5.6893878e-01
   1.1635584e+02  -5.1696869e+01
  -3.9417290e+02   7.2812495e+02
  -3.5339259e+01   2.3735017e+01
   1.5706430e+02  -3.9982926e+01
  -1.4935202e+02   1.8658988e+02
  -3.6289258e+02   6.4209027e+02
   1.7470831e+02  -3.2113135e+01
  -7.1045277e+01   5.5823577e+01
  -6.7304828e+01   7.0383762e+01
  -8.3334192e+01   7.0168871e+01
   1.5766783e+01  -3.7628198e+01
  -4.7391808e+02   9.6667709e+02
  -1.0806459e+02   1.3168909e+02
   1.2420588e+02  -5.0464795e+01
  -3.3525591e+02   5.6677718e+02
  -3.6645764e+02   6.5129789e+02
  -8.9413485e+01   1.0699892e+02
  -5.8267043e+01   4.1472632e+01
  -3.2063988e+02   5.3019571e+02
  -4.9353851e+01   3.4731869e+01
  -2.5482110e+02   4.0353886e+02
  -6.9025957e+01   5.3575897e+01
  -2.5484998e+02   3.3988523e+02
   5.8560058e+01  -4.9580712e+01
   1.6785379e+02  -3.5246762e+01
   2.3641903e+01  -4.0515691e+01
   2.0169248e+02  -1.8990304e+01
  -6.9048433e+01   7.2453507e+01
  -2.5765243e+02   3.4518466e+02
  -2.4555519e+02   3.1829432e+02
  -4.0730441e+01   7.2039947e+00
  -5.4428100e+01   4.9169418e+01
  -1.0744201e+02   1.3115037e+02
   1.7696678e+02  -3.1696342e+01
  -1.2880473e+02   1.8865306e+02
   2.5128479e+01  -4.0911527e+01
  -9.0847658e+01   7.9748455e+01
  -5.3714341e+01   3.6652792e+01
   1.3173310e+02  -4.8693341e+01
   1.9122632e+02  -2.4401818e+01
  -7.3212852e+01   5.7896767e+01
   7.9267347e+00  -3.4527433e+01
  -1.5067918e+02   1.8875975e+02
  -1.8516609e+02   2.4498446e+02
  -4.8561208e+02   1.0054879e+03
  -8.0452344e+01   9.5183692e+01
   1.1725331e+02  -5.1485661e+01
   1.3280481e+02  -4.7617534e+01
   9.1354939e+00  -3.5641245e+01
   3.2703898e+01  -4.3509145e+01
  -2.6596104e+02   3.6439529e+02
  -3.4593641e+02   5.9573346e+02
  -1.1099976e+02   1.3596559e+02
   5.1073976e+01  -5.5989160e+01
  -4.2891306e+02   8.2792189e+02
  -2.4773097e+02   3.2337926e+02
  -1.8001738e+02   2.3501870e+02
  -7.4707023e+00  -2.7725494e+01
  -2.5920344e+02   3.4845526e+02
  -4.2677749e+02   8.2331453e+02
  -2.0422022e+02   2.3361143e+02
  -2.2269809e+01  -6.7147083e+00
  -9.5064616e+01   8.4663499e+01
   1.5499370e+02  -4.0577197e+01
  -1.3706679e+02   1.6525400e+02
  -3.1516676e+02   5.1633069e+02
  -2.8684352e+01  -1.6955655e+01
  -4.1015979e+02   7.7424838e+02
  -1.3511430e+01  -1.1590890e+01
   7.6146498e+01  -5.7090112e+01
  -4.1428334e+02   7.8540937e+02
   1.6745675e+02  -3.6147761e+01
  -6.4798015e+01   6.6059136e+01
  -4.4252952e+02   8.6745813e+02
   5.1352944e+01  -5.6224367e+01
  -9.3127446e+01   6.0805705e+01
  -2.1145448e+02   2.4793868e+02
  -3.5389080e+02   6.1581924e+02
  -8.3117000e+01   6.9735274e+01
  -6.6135342e+01   4.9894949e+01
  -2.9804660e+02   4.7513655e+02
  -2.9564705e+02   4.6853491e+02
  -1.9191289e+02   2.5845305e+02
   1.4683552e+02  -4.3873112e+01
   3.5487382e+01  -4.3973520e+01
   1.3664982e+02  -4.7302309e+01
   1.0773490e+02  -5.3511053e+01
   3.0692156e+01  -4.2799959e+01
  -4.3297296e+02   8.3841980e+02
  -3.5074834e+01   2.7202506e+00
   5.8442678e+01  -4.9462379e+01
  -2.2742606e+02   2.8023517e+02
  -1.4523450e+01  -1.1569066e+01
   2.0302514e+02  -1.7708559e+01
  -8.9798851e+01   7.7957392e+01
   1.7155246e+02  -3.4218372e+01
  -8.8147037e+01   1.0533354e+02
  -1.2641746e+02   1.8481608e+02
  -3.4369070e+02   5.8932867e+02
  -8.5393010e+01   1.0152432e+02
   5.9793784e+01  -5.0185398e+01
  -2.1618692e+02   2.5726040e+02
   5.2699597e+01  -5.6337247e+01
   1.3926504e+02  -4.5772759e+01
  -3.7121882e+02   6.6377293e+02
  -5.3944936e+01   3.8743416e+01
   9.0614728e+01  -5.6017935e+01
   1.7949704e+02  -3.0713018e+01
  -8.4848468e+01   7.2028547e+01
  -2.7005055e+01  -2.6370607e+00
   1.2057792e+02  -5.1552572e+01
  -1.7620498e+02   2.2775647e+02
  -3.5960188e+02   6.3106837e+02
  -7.7506721e+01   6.3418088e+01
  -1.2444482e+02   1.4428879e+02
  -4.4874295e+02   8.9183833e+02
  -3.8644648e+02   7.0606614e+02
  -3.0865337e+01  -1.6190116e+01
  -2.3516631e+02   2.9677766e+02
  -4.7351747e+02   9.6263760e+02
  -2.4158656e+02   3.0946670e+02
  -4.2246279e+02   8.1142699e+02
   5.7429819e+01  -5.6895889e+01
   8.1830903e+01  -5.6503006e+01
  -9.2065408e-01  -3.0982399e+01
  -8.0595923e+01   9.2176976e+01
  -1.8460722e+02   2.4331876e+02
  -3.6183109e+02   6.3884956e+02
  -1.6338565e+02   2.0397316e+02
  -6.2036744e+01   4.6471418e+01
  -1.4550350e+02   1.7980386e+02
   1.3663381e+02  -4.6525018e+01
  -2.2039416e+01  -6.6172128e+00
   7.3641964e+01  -5.6885188e+01
   1.3125219e+02  -4.8418745e+01
  -2.8554634e+02   4.4458906e+02
  -3.2408487e+02   5.3855135e+02
  -2.1737247e+02   2.5990166e+02
  -3.8659539e+02   7.0813692e+02
   5.6967074e+01  -5.6871386e+01
  -3.7794567e+02   6.8247581e+02
  -4.0167365e+01   6.3593754e+00
  -1.2735486e+02   1.4884994e+02
  -2.8079614e+02   4.3276882e+02
   1.6306284e+02  -3.8140939e+01
  -9.4419638e+01   1.1251830e+02
   1.6819676e+02  -3.5463247e+01
  -9.0254553e+01   5.6978913e+01
  -2.5200464e+02   3.9700760e+02
  -2.4359420e+02   3.1503403e+02
  -2.3758520e+02   3.0247480e+02
  -1.6896844e+02   2.1392202e+02
   4.9736629e+01  -5.5659600e+01
   1.1152873e+02  -5.2677806e+01
  -4.1254127e+02   7.8197653e+02
   1.6276195e+02  -3.7952754e+01
  -1.0344483e+02   1.2571908e+02
   9.5385705e+01  -5.5261819e+01
  -5.9828188e+01   5.8641898e+01
  -4.5536251e+02   9.1162425e+02
  -4.6898072e+01   3.2773078e+01
   6.3279458e+01  -5.7210121e+01
  -3.3650074e+02   5.7192117e+02
   3.3738456e+01  -4.3718527e+01
  -6.6984321e+01   6.9256744e+01
  -4.6696784e+00  -1.7377336e+01
   1.5896453e+01  -3.7689389e+01
   2.2873557e+01  -4.0355685e+01
  -4.8706484e+02   1.0099780e+03
  -4.9557962e+01   3.5073394e+01
  -7.9912067e+01   5.2884037e+01
   7.1658148e+01  -5.1895110e+01
  -1.4324713e+02   1.7544555e+02
  -9.4134850e+01   1.1293812e+02
  -6.8517679e+01   7.2411393e+01
  -2.9400204e+01  -1.6295431e+01
  -4.2653529e+02   8.2206476e+02
  -1.3309102e+02   1.5835692e+02
   5.8927197e+01  -5.6442135e+01
  -4.5575658e+02   9.1059717e+02
  -2.8043397e+02   4.3202432e+02
   9.8690884e+01  -5.4690610e+01
  -2.9578561e+02   4.6859677e+02
  -9.3219484e+00  -2.6953663e+01
  -2.8817719e+02   4.4960013e+02
  -1.3902781e+01  -1.1560772e+01
   1.0823261e+02  -5.3024314e+01
  -3.9873682e+02   7.4097863e+02
  -2.7998179e+02   4.3221126e+02
   1.0643751e+02  -5.3336097e+01
  -6.6861087e+01   5.1540430e+01
   8.2975964e+01  -5.6334714e+01
  -6.4825716e+01   4.9192253e+01
  -5.8140807e+01   5.5356542e+01
  -1.0277078e+02   1.2439607e+02
   6.1306383e+01  -5.0518647e+01
   1.6041623e+02  -3.8884756e+01
  -2.5238208e+02   3.3366277e+02
  -4.7362212e+02   9.6522851e+02
   5.1406987e+01  -5.6124207e+01
  -1.8087883e+02   2.3695714e+02
  -2.1874641e+02   2.6231196e+02
   7.2400220e+01  -5.2326537e+01
  -2.0481689e+02   2.3458609e+02
  -1.2949215e+02   1.5223372e+02
   9.6101788e+01  -5.4778731e+01
   1.5745782e+02  -3.9650907e+01
  -1.0593218e+01  -2.6929732e+01
  -1.2734274e+02   1.4819580e+02
   5.1347980e+01  -4.8487211e+01
  -9.1797201e+01   8.0703039e+01
   1.4779874e+02  -4.3718457e+01
   3.3975528e+01  -4.3726302e+01
   5.2967733e+01  -5.6646870e+01
  -4.4800801e+02   8.8648683e+02
  -1.6836874e+02   2.1348055e+02
  -1.1569837e+02   1.4277569e+02
  -4.4618628e+02   8.7713753e+02
  -4.9443051e+01   4.2297588e+01
   6.9597623e+01  -5.6849943e+01
  -1.6699904e+02   2.1801227e+02
  -6.5714694e+01   5.0352868e+01
  -3.7247197e+01   4.5784975e+00
  -2.5145842e+02   3.9465204e+02
   2.8153235e-01  -3.1613578e+01
  -4.8779824e+02   1.0080719e+03
   1.4950230e+02  -4.2660255e+01
  -4.1455356e+01   3.0518904e+01
   1.7789179e+02  -3.0510823e+01
  -1.1760758e+02   1.4493078e+02
  -3.3350751e+02   5.6267919e+02
   6.6253530e+01  -5.1030196e+01
  -1.6796661e+02   2.1287264e+02
   1.5168615e+01  -3.7246005e+01
   7.3441564e+01  -5.2328525e+01
  -2.7717835e+02   4.2499613e+02
   7.6015709e+01  -5.7094322e+01
   6.6728471e+01  -5.6794249e+01
  -3.3301573e+02   5.6096522e+02
  -3.6950567e+02   6.5891761e+02
  -2.5871630e+01  -3.5257558e+00
  -9.0895425e+01   7.9445265e+01
  -5.4215874e+01   3.9884038e+01
  -9.8498157e+01   1.1888550e+02
  -1.7075730e+01  -2.3478705e+01
  -4.7416842e+02   9.6895116e+02
  -2.8631525e+02   4.4613471e+02
   6.5396896e+01  -5.1146094e+01
  -3.5331619e+01   3.2859472e+00
  -3.7249223e+02   6.6639584e+02
  -1.8454879e+02   2.4411958e+02
  -3.6203561e+02   6.3938937e+02
  -1.0906846e+01  -1.3369936e+01
   1.0206549e+02  -5.4173380e+01
  -3.2669223e+02   5.4592585e+02
   8.4180334e+01  -5.6075426e+01
  -3.5393828e+02   6.1663805e+02
  -2.9054083e+02   4.5590190e+02
  -3.2780625e+02   5.4811955e+02
  -2.4785800e+02   3.8822511e+02
  -3.5679111e+02   6.2412082e+02
  -7.6135345e+01   6.1873937e+01
   7.7236576e+01  -5.2402467e+01
   7.7795697e+01  -5.2571521e+01
  -1.2706187e+02   1.8598121e+02
  -4.1829829e+02   7.9634090e+02
  -2.0893896e+02   2.4276501e+02
   7.5324475e+01  -5.2238687e+01
   1.0614175e+01  -3.5847508e+01
  -1.2957570e+02   1.5212079e+02
  -1.5662798e+01  -1.0092053e+01
  -1.5242426e+01  -1.0257390e+01
   2.2186981e+01  -4.0459348e+01
  -3.3704487e+02   5.7292200e+02
  -1.3043950e+02   1.5401064e+02
  -8.1394825e+01   5.4801143e+01
  -3.2379072e+02   5.3844061e+02
  -5.8806103e+01   4.1230860e+01
  -3.9669717e+02   7.3595942e+02
  -4.2098361e+02   8.0555739e+02
   4.6493683e+01  -4.7148665e+01
  -1.0332112e+02   1.2554613e+02
   8.0050970e+01  -5.2846409e+01
  -1.9067513e+02   2.5631739e+02
  -6.3023684e+01   4.6335033e+01
  -4.7120829e+02   9.5780607e+02
  -2.4243019e+02   3.1204402e+02
   7.3564063e+00  -3.4337794e+01
  -7.3568156e+01   5.9153593e+01
  -1.3344527e+02   1.5896896e+02
  -4.5026746e+01   1.0688861e+01
   8.2396694e+01  -5.2739819e+01
  -2.5488574e+02   4.0425094e+02
  -7.7792742e+00  -1.5265541e+01
  -9.9507902e+01   1.2023314e+02
   8.4100193e+01  -5.5932224e+01
  -4.6351574e+02   9.3816822e+02
   1.0415218e+02  -5.4306862e+01
  -4.0771015e+02   7.6420915e+02
  -2.2603469e+02   2.7688416e+02
   1.2774162e+02  -4.9422921e+01
  -2.1736963e+02   2.6000411e+02
  -2.6956161e+01  -1.8410304e+01
  -4.8272473e+02   9.9709893e+02
  -2.8769663e+01  -1.3160550e+00
  -3.4746187e+02   6.0056580e+02
  -2.1026281e+01  -6.7357287e+00
  -4.3211255e+02   8.3782156e+02
  -3.4901707e+02   6.0298474e+02
  -6.6181670e+01   4.9989204e+01
   1.7234835e+02  -3.3610816e+01
  -1.6568623e+02   2.1719242e+02
  -4.3786620e+01   3.2983306e+01
  -9.1270769e+01   1.0927568e+02
   1.5331698e+02  -4.0943125e+01
  -4.5886505e+02   9.2073142e+02
  -3.2104709e+02   5.3157747e+02
  -4.5797655e+02   9.1821734e+02
  -9.3584206e+01   8.2620303e+01
   1.5649984e+02  -4.0282802e+01
   1.5261836e+02  -4.1824551e+01
  -3.6482954e+02   6.4641246e+02
  -1.5738881e+02   2.0093997e+02
  -2.5835543e+02   4.1127843e+02
  -1.0644543e+02   1.2935422e+02
  -2.2206751e+02   2.6900580e+02
  -3.1519645e+02   5.1571465e+02
  -2.0358494e+02   2.3181191e+02
  -9.6959025e+01   1.1646950e+02
  -3.1337165e+02   5.1200233e+02
  -4.6949134e+02   9.5222609e+02
   1.7160406e+02  -3.4269121e+01
   6.4042180e+01  -5.0939592e+01
  -1.2468238e+02   1.8227200e+02
   1.6008178e+02  -3.8830808e+01
  -1.2742013e+02   1.4831436e+02
  -3.1104370e+02   5.0600173e+02
  -4.2728644e+02   8.2413734e+02
   6.4147019e+01  -5.0472729e+01
  -2.1993315e+02   2.6448483e+02
  -1.3090604e+02   1.5484860e+02
   1.5493514e+02  -4.1203502e+01
   5.3307265e+01  -5.5899474e+01
   2.2649569e+01  -4.0417026e+01
  -3.7363484e+01   2.4932475e+01
  -2.1662630e+02   2.5893723e+02
  -5.0498194e+01   3.5720211e+01
  -4.7306134e+02   9.6019730e+02
  -3.6994576e+01   4.3105701e+00
  -4.9985565e+01   1.4014382e+01
  -1.3506959e+02   1.6204736e+02
  -2.3390070e+01  -1.9792186e+01
  -1.3875742e+02   1.6845578e+02
   5.0177499e+01  -4.7627597e+01
  -2.4836847e+02   3.2584942e+02
   7.7857521e+01  -5.6473430e+01
  -3.3151676e+02   5.5824872e+02
  -5.4785085e+01   3.7569188e+01
  -8.0731918e+01   9.1701737e+01
   1.4523018e+02  -4.4724939e+01
   1.6851061e+02  -3.4722305e+01
  -4.4614686e+02   8.7946421e+02
  -9.2580886e+01   1.1044294e+02
  -1.6466464e+02   2.1484794e+02
  -9.0208352e+01   7.8437908e+01
  -1.5532897e+02   1.9779858e+02
   6.1338339e+01  -5.0596147e+01
  -2.5227401e+01  -4.2605418e+00
   6.6836205e+01  -5.6677114e+01
   1.8297069e+01  -3.8400673e+01
   5.4039260e+01  -4.8881703e+01
  -4.0207209e+02   7.5083622e+02
  -2.2408211e+02   2.7382535e+02
  -3.4994839e+02   6.0673234e+02
   7.8068151e+01  -5.2843866e+01
  -3.9987780e+01   2.8231110e+01
   5.5400829e+01  -5.6140839e+01
  -6.7557139e+01   7.0139958e+01
   7.1868850e+01  -5.6832281e+01
  -3.3262931e+02   5.6088289e+02
  -6.5924766e+01   6.8063632e+01
  -7.2682443e+01   4.5973251e+01
  -1.3100470e+02   1.5485627e+02
  -2.8785644e+02   4.4924511e+02
   6.1666066e+01  -5.0329479e+01
  -3.0933321e+01  -1.6069661e+01
  -1.5954623e+02   2.0587313e+02
  -9.7780411e+01   1.1840818e+02
  -1.9889292e+01  -7.4746134e+00
  -2.5210884e+02   3.3273504e+02
  -2.8059111e+02   4.3247578e+02
  -4.2250890e+02   8.0853266e+02
  -4.7966886e+02   9.8661671e+02
  -2.4890192e+02   3.2539549e+02
  -1.7037749e+02   2.1591929e+02
  -2.0572734e+02   2.3613718e+02
  -3.4897952e+02   6.0484400e+02
  -3.6619467e+02   6.5069420e+02
   1.7403625e+02  -3.3185560e+01
  -4.4019364e+00  -1.7529234e+01
  -4.7108481e+02   9.5803596e+02
  -2.5441862e+02   4.0279021e+02
   1.1580876e+02  -5.2202895e+01
   8.4435632e+01  -5.6191311e+01
  -5.0467304e+01   4.3422464e+01
  -1.6516639e+02   2.0638558e+02
   1.3027952e+01  -3.6816964e+01
  -3.5195269e+02   6.1168535e+02
  -1.4029235e+02   1.7058124e+02
  -5.5093352e+01   5.0868241e+01
  -3.5008724e+02   6.0781869e+02
  -7.4983559e+00  -1.5347031e+01
  -4.4593231e+01   3.5185048e+01
  -1.6785826e+02   2.2077798e+02
  -8.5402766e+01   1.0140958e+02
  -3.2700829e+01   2.1135014e+01
  -2.8970815e+01  -1.0803280e+00
  -3.0309231e+02   4.8611066e+02
  -4.6751488e+02   9.4582489e+02
  -3.2419386e+02   5.3902706e+02
  -1.0858004e+02   1.3290050e+02
  -2.3642336e+02   2.9983041e+02
  -2.5471066e+02   4.0210269e+02
  -6.6478855e+01   6.8689098e+01
   1.5280792e+02  -1.3248748e+01
  -3.3081056e+02   5.5622686e+02
  -2.8025978e+02   4.3187870e+02
  -4.2658061e+02   8.1973729e+02
  -7.7176790e+01   6.3088855e+01
  -2.5767449e+02   3.4611966e+02
  -7.5672905e-01  -1.9553760e+01
  -1.2438192e+02   1.8275414e+02
  -7.5595365e+01   6.0827320e+01
  -2.3001971e+02   2.8508760e+02
  -3.3539119e+02   5.6729259e+02
  -3.9699330e+02   7.3329323e+02
  -2.9266638e+02   4.6078965e+02
  -6.4266454e+01   4.7526956e+01
   1.0892965e+02  -5.3386913e+01
  -4.4420884e+01   3.3972363e+01
  -6.5610473e+01   6.6637666e+01
  -2.6456492e+01  -1.8381678e+01
   7.4323101e+01  -5.6252395e+01
  -3.3332106e+01   1.5430818e+00
  -3.6159006e+02   6.3901897e+02
  -1.8290482e+01  -2.2458142e+01
  -3.1664758e+01  -1.5794608e+01
  -1.6211678e+02   2.0953626e+02
  -1.3571188e+02   1.6277609e+02
   1.1707602e+02  -5.1821390e+01
   1.5390737e+02  -4.1425799e+01
  -8.1213205e+01   5.4113155e+01
  -2.1634373e+02   2.5797412e+02
  -5.1508488e+01   3.6544754e+01
  -3.3318338e+02   5.6340026e+02
  -5.3436078e+01   4.7926658e+01
  -4.5218937e+02   9.0077002e+02
  -2.1552707e+02   2.5649003e+02
  -4.6304253e+02   9.3343837e+02
  -8.1476533e+00  -2.7682461e+01
  -2.7083213e+01  -2.4527515e+00
  -1.2807105e+02   1.8763628e+02
   1.0487478e+02  -5.3836826e+01
  -3.2461710e+02   5.4186181e+02
  -8.9415850e+01   7.7657653e+01
  -3.5357821e+01   2.2942202e+01
  -1.7464442e+01  -2.3202961e+01
  -9.2497394e+01   8.1303588e+01
  -2.5459670e+02   3.3942723e+02
  -5.1563513e+01   3.6975659e+01
  -4.0447772e+02   7.5835847e+02
  -2.5832639e+02   4.1262533e+02
   3.0809159e+01  -4.2592724e+01
  -5.3453129e+01   3.5887477e+01
  -4.3238629e+02   8.4055873e+02
  -2.4665496e+02   3.2226273e+02
  -3.8430381e+02   7.0066142e+02
   1.7408848e+02  -3.3232858e+01
   2.1767245e+01  -4.0205328e+01
   3.7612933e+01  -4.4875262e+01
  -2.9456036e+02   4.6683726e+02
  -2.9382282e+02   4.6282405e+02
  -8.6765126e+01   7.4627687e+01
  -8.6101573e+01   1.0254525e+02
  -3.3043351e+02   5.5530186e+02
  -8.1432293e+01   5.5190978e+01
   4.1149825e+01  -4.6276581e+01
  -3.5618245e+02   6.2238317e+02
  -1.0310529e+02   1.2485066e+02
  -3.9828879e+01   7.0389573e+00
  -5.3080919e+01   4.7560909e+01
  -1.7482794e+02   2.2514059e+02
  -1.6575873e+02   2.1655721e+02
  -2.2963942e+02   2.8522469e+02
   1.1549578e+02  -5.2488888e+01
  -1.2804775e+02   1.8769676e+02
  -1.6547029e+02   2.0739126e+02
  -1.5680844e+02   1.9963573e+02
  -4.7221021e+01   1.2200529e+01
  -4.2399406e+02   8.1491527e+02
  -3.2114764e+01   1.4301089e+00
   1.8698084e+02  -2.6783021e+01
  -2.9743086e+01   1.8780852e+01
   8.0860377e+01  -5.3128334e+01
  -3.3699302e+02   5.7288191e+02
   1.4543458e+02  -4.3838077e+01
  -4.3949743e+02   8.5890513e+02
  -2.0593127e+02   2.3581855e+02
  -1.0200343e+02   1.2360781e+02
  -4.8289997e+02   9.9952786e+02
  -5.8534617e+01   4.3397376e+01
  -2.2805637e+02   2.8211588e+02
  -4.9140458e+00  -2.9169945e+01
  -1.1450673e+02   1.4167133e+02
  -3.8016642e+02   6.8965050e+02
   1.8500486e+01  -3.8945672e+01
  -4.4486770e+02   8.7860870e+02
  -1.5481055e+02   1.9705989e+02
  -4.6989594e+02   9.5650044e+02
  -2.7802351e+02   4.2721257e+02
   1.1461630e+02  -5.2128289e+01
  -2.1497676e+02   2.5437101e+02
  -2.5297996e+02   3.9829014e+02
  -5.1615188e+01   3.6562696e+01
  -4.6151917e+02   9.2943617e+02
  -1.4543142e+02   1.7988142e+02
   5.3333028e+01  -5.6313786e+01
  -4.6354296e+02   9.3231960e+02
   7.5087923e+01  -5.6657444e+01
   8.2422549e+01  -5.2817842e+01
  -3.2083252e+02   5.3115675e+02
   5.9942921e+01  -5.6567371e+01
   9.0778070e+01  -5.5834712e+01
  -3.4318007e+02   5.8913588e+02
  -7.8187039e+01   6.3891596e+01
   7.5575877e+01  -5.6440761e+01
   6.2728330e+01  -5.0363294e+01
   1.9825614e+02  -2.1149311e+01
  -4.0336545e+01   2.7946587e+01
   3.9767061e+01  -4.5278145e+01
  -3.9866942e+02   7.3998813e+02
  -7.7225855e+01   6.2612399e+01
  -2.3999948e+01  -4.9529791e+00
