  -2.2805529e+02   3.6888717e+02
  -5.6436225e+00   1.6615802e+01
   1.1209854e+02   7.7853005e+00
  -1.5537664e+02   1.8500071e+02
  -5.8209612e+01   4.7686086e+01
  -1.2463960e+02   1.3227820e+02
   1.2966092e+02   1.5175176e+01
  -3.8062986e+01   4.2450172e+01
  -1.4156037e+02   1.6204542e+02
  -3.1204326e+02   5.8874022e+02
   1.6098241e+01   6.1140476e+00
  -1.1641391e+02   1.1979054e+02
  -1.4777729e+02   1.7240380e+02
   1.1637025e+02   9.3494921e+00
  -2.4176280e+02   4.0049431e+02
  -5.0465050e+01   1.7065073e+01
  -1.6073026e+02   1.9568848e+02
  -2.1286330e+02   3.0473222e+02
   7.5208081e+01   1.4393499e+00
   5.8068445e+01   1.2499089e+00
   1.4264374e+01   6.9521981e+00
  -5.8207894e+01   2.3375844e+01
  -1.4190069e+02   1.5914750e+02
  -2.1974809e+02   3.1798528e+02
  -1.3619727e+02   1.5085786e+02
  -1.6747147e+00   1.4904202e+01
  -1.1556355e+02   1.1887422e+02
  -8.6147393e+01   7.8667220e+01
  -3.2966357e+02   6.4232365e+02
  -5.5446100e+01   4.3290972e+01
  -6.0579150e+01   2.6738873e+01
   9.8323829e+01   3.7877810e+00
  -1.6648239e+02   2.0546044e+02
  -2.1682200e+01   2.6550856e+01
  -3.9673999e+01   2.7564733e+01
  -2.4461475e+02   4.0983864e+02
  -1.8857685e+02   2.5418681e+02
   4.8596635e+01  -3.5547417e+00
  -2.6427912e+02   4.5953165e+02
   6.4743380e+01   7.5524339e-01
  -2.6322336e+02   4.5588778e+02
   1.1597492e+02   8.9505419e+00
  -1.2484231e+02   1.3268333e+02
  -9.4513157e+01   9.0373959e+01
  -3.4439313e+02   6.8238290e+02
  -1.9562656e+02   2.6737482e+02
  -4.0357453e+02   8.8312171e+02
   6.9148901e+01   1.2967045e+00
   3.3242529e+01   2.0191515e-02
  -3.4998136e+02   7.0231448e+02
  -1.4855485e+02   1.7396077e+02
  -1.7549750e+01   2.6156451e+01
   1.2998607e+02  -3.5568021e+00
  -3.4840145e+02   6.9453557e+02
  -3.9048930e+02   8.3175024e+02
  -2.9629806e+02   5.4267379e+02
   8.0125517e+01  -2.1826980e-01
  -2.8279516e+01   3.4260806e+01
  -3.9183041e+02   8.3520847e+02
  -4.8294529e+01   3.6785133e+01
  -1.3901646e+02   1.5468051e+02
  -3.0729533e+02   5.7465923e+02
  -1.0548256e+02   1.0541190e+02
  -1.5737328e+02   1.8907582e+02
   7.4514688e+01  -1.2380776e+00
   5.2927163e+01  -4.4143550e+00
  -2.2532482e+02   3.3223531e+02
  -5.8837767e+01   4.8156429e+01
  -2.3716822e+01   3.0563802e+01
   2.1480751e+01   4.1825494e+00
  -3.6552883e+02   7.5149438e+02
  -2.3275857e+02   3.8145090e+02
  -2.2355625e+02   3.2917622e+02
  -1.3696834e+02   1.5126287e+02
  -3.0514940e+02   5.6962815e+02
  -1.6961713e+02   2.1035898e+02
  -9.7682617e+01   9.4332212e+01
   8.1101898e+01  -3.8180485e-01
   1.2490221e+02   1.3009256e+01
  -3.5270396e+02   7.1156323e+02
  -1.0545157e+02   1.0525766e+02
  -6.0505459e+01   2.6894292e+01
   2.8200016e+00   1.2422518e+01
  -1.3686354e+02   1.5478401e+02
   8.7443063e+01   7.9804927e-01
   1.4727296e+02   7.2141597e+00
   4.2187704e+01  -2.2136282e+00
  -2.1784544e+02   3.1656002e+02
  -1.6208803e+02   1.9672363e+02
  -3.1814480e+02   6.0812821e+02
  -3.3037355e+01   3.8242445e+01
   1.3724986e+02   2.8972446e-01
  -1.0346781e+02   1.0280635e+02
  -1.7732860e+01   2.4028483e+01
  -3.2639825e+02   6.3061403e+02
  -1.6811035e+01   2.3724730e+01
  -3.4692471e+02   6.9531003e+02
  -1.4127202e+02   1.5841352e+02
  -1.8034895e+02   2.3684065e+02
  -2.1011985e+02   3.0022241e+02
  -7.2307591e+01   6.2867655e+01
   4.0810369e+01  -2.1117392e+00
   5.7654826e+01   9.9405301e-01
  -3.5103503e+02   7.0608074e+02
  -3.1288005e+02   5.9091232e+02
  -2.7740537e+02   4.9223070e+02
   9.7082940e+01   3.4338878e+00
  -4.2807745e+01   3.1524566e+01
  -6.0795655e+00   1.7361118e+01
  -1.2774272e+02   1.3783494e+02
  -2.7557505e+02   4.8832824e+02
  -3.4819713e+02   6.9887943e+02
   1.2165457e+02  -8.4016109e+00
  -1.9172977e+02   2.6014643e+02
  -1.4839266e+02   1.7414590e+02
   6.1643807e+01   1.0908269e+00
   9.9323560e+01   3.9102716e+00
  -3.3487747e+02   6.5786632e+02
  -1.9502133e+02   2.6673971e+02
  -4.1311825e+02   9.1722850e+02
  -4.8380650e+01   1.5700800e+01
  -1.1172251e+02   1.1409042e+02
   4.6122280e+01   1.8822923e+00
  -2.3358102e+02   3.8142772e+02
  -2.8305432e+00   1.5412809e+01
  -2.6789493e+02   4.6665587e+02
  -5.1883747e+01   1.8616515e+01
  -2.8680716e+01   3.4497610e+01
   1.3457922e+02  -7.2098359e-01
  -1.3307864e+02   1.4610006e+02
   1.2580931e+01   7.8152665e+00
   1.3889666e+02   1.7602146e+00
  -2.3724134e+02   3.9123564e+02
  -3.8711674e+02   8.1764720e+02
  -3.6245363e+02   7.4592180e+02
  -3.3074487e+02   6.4397519e+02
  -1.9832095e+02   2.7296161e+02
   3.6777052e+01   3.2232503e+00
  -5.4234126e+01   1.9993951e+01
   4.1911821e+01   2.5220219e+00
  -2.0078784e+02   2.7980363e+02
  -4.0882552e+02   8.9983305e+02
  -2.6228905e+02   4.5506592e+02
   2.4552212e+01   2.7502125e+00
  -3.6459952e+02   7.5004689e+02
  -2.1870375e+02   3.4670759e+02
  -2.4557334e+02   4.1168462e+02
  -1.6229163e+02   1.9704065e+02
  -5.6845986e+01   2.4236525e+01
  -4.0869037e+02   8.9917514e+02
  -1.9010732e+02   2.5575823e+02
  -4.1423585e+02   9.1304180e+02
  -4.4289509e+01   3.2302392e+01
  -2.6541797e+01   3.3016885e+01
  -1.4530780e+02   1.6886897e+02
  -1.0489863e+01   1.9329248e+01
  -6.6829919e+01   5.7656641e+01
  -3.2638796e+02   6.3083613e+02
   3.1970980e+01   4.4747395e-01
  -1.4086984e+02   1.5758921e+02
  -2.6968547e+01   3.3721682e+01
  -2.4813133e+02   4.1915894e+02
  -1.3759627e+02   1.5342563e+02
   1.2109956e+02   1.1083829e+01
  -1.4115932e+02   1.5790601e+02
  -3.6128933e+02   7.4076407e+02
  -4.1274133e+02   9.1383913e+02
   1.2724878e+02   1.4277477e+01
  -4.0393725e+02   8.7766871e+02
   6.3201899e+01   1.1109516e+00
   1.3473024e+02  -9.1794011e-01
  -2.1586739e+02   3.1299047e+02
  -7.9424386e+00   1.7955925e+01
  -5.0578907e+01   1.6473208e+01
  -2.6735473e+02   4.6694521e+02
   2.5127795e+01   2.5859398e+00
  -2.3493610e+02   3.8402586e+02
   1.1082536e+02   7.7102801e+00
  -2.6515435e+02   4.5917146e+02
  -4.1190240e+02   9.0498403e+02
  -2.0194423e+01   2.5226462e+01
  -1.3797511e+02   1.5581713e+02
   3.6177992e+01  -6.0267790e-01
  -3.9332594e+02   8.4832557e+02
  -1.9917989e+02   2.7661787e+02
  -1.7560176e+02   2.2675260e+02
   1.4555546e+02   5.8315670e+00
  -1.1453844e+02   1.1849138e+02
   1.0174426e+02   4.2695596e+00
  -3.5057457e+02   7.0020938e+02
  -2.5315738e+02   4.3092171e+02
  -3.3281054e+02   6.5116255e+02
  -9.8353832e+01   9.5931398e+01
   1.3899565e+02   1.7678835e+00
  -3.1305934e+02   5.9357214e+02
  -1.4035757e+02   1.5921234e+02
   1.0318147e+01   8.9282097e+00
  -2.0850513e+02   2.9618924e+02
  -3.9583860e+01   4.3788631e+01
  -1.3356630e+02   1.4673944e+02
   7.1215807e+01  -1.9138933e+00
  -1.4038200e+02   1.5668584e+02
  -1.8763085e+02   2.5337616e+02
   3.3713583e+01  -1.6161474e-01
  -5.0268276e+01   3.8673585e+01
   4.4984235e+01  -3.0830704e+00
  -3.0696541e+02   5.7397205e+02
   5.2636322e+01   1.4812823e+00
   8.9486644e+01   1.4706605e+00
  -1.3257289e+02   1.4493202e+02
  -1.4098628e+01   2.1473369e+01
  -2.5976728e+02   4.4806532e+02
  -1.6759904e+02   2.1149666e+02
  -5.0897670e+01   3.9128503e+01
  -3.5085266e+02   7.0905387e+02
   7.9400472e+00   9.9623866e+00
  -2.1868604e+01   2.9268241e+01
  -3.5006606e+02   7.0361662e+02
   4.3173058e+01   2.2486999e+00
  -1.6022170e+01   2.2983588e+01
   1.3493983e+02  -1.1415035e-01
  -1.9277446e+01   2.4564393e+01
  -1.8024544e+02   2.3709150e+02
  -1.7411219e+01   2.3684734e+01
   8.3076698e+01   6.7653181e-02
  -1.4165408e+02   1.5847257e+02
  -2.1331497e+02   3.0447876e+02
  -2.0039415e+02   2.7724836e+02
   4.6224384e+01   1.9866258e+00
  -3.5612244e+02   7.2261920e+02
  -1.8899368e+02   2.5578592e+02
   4.9078465e+01  -3.7112520e+00
   5.4773327e+01   1.0468372e+00
  -5.7903163e+01   4.7071634e+01
   6.4090683e+01   1.0560575e+00
   1.0416615e+02   4.9934864e+00
   4.5397331e+01  -3.3304511e+00
   1.2094732e+02  -8.1650799e+00
  -2.2591227e+02   3.6387680e+02
   1.2419291e+02  -7.2437352e+00
   7.2137921e+01  -1.3900763e+00
  -1.5748340e+02   1.8997723e+02
  -6.0614363e+01   2.5959348e+01
  -7.3884014e+01   6.5183808e+01
   7.4016156e+01  -1.5013095e+00
  -3.5563036e+01   4.0691801e+01
  -2.2857825e+02   3.7022240e+02
  -3.2363697e+01   3.8286353e+01
  -3.5002206e+02   7.0536393e+02
  -3.4389651e+02   6.8530110e+02
  -2.6636600e+02   4.6292311e+02
  -3.8872610e+02   8.2622470e+02
   1.1855846e+02   1.0610016e+01
   3.6950773e+01  -1.0975130e+00
  -2.0675223e+02   2.9150720e+02
  -2.4482566e+02   4.1081834e+02
  -1.3999343e+02   1.5962457e+02
  -1.9638161e+02   2.6973066e+02
   1.1083468e+02   7.1436256e+00
  -3.8936738e+02   8.2644107e+02
  -7.4937061e+01   6.6724416e+01
  -2.0948429e+02   2.9806136e+02
  -3.9611480e+02   8.5471608e+02
  -2.4963693e+02   4.2102862e+02
  -2.9366154e+02   5.3721287e+02
   7.5252017e+01  -1.1768575e+00
  -1.2344444e+01   2.0836000e+01
  -2.0324717e+02   2.8337437e+02
  -3.7596991e+02   7.8576298e+02
  -3.6150150e+02   7.4226965e+02
  -5.8916050e+01   4.8690088e+01
   7.1122495e+01  -1.6594468e+00
  -4.0561940e+02   8.8669590e+02
  -4.1277443e+02   9.1531012e+02
   1.1072942e+02   7.3797934e+00
   8.0826139e+01  -3.7352769e-01
   8.4667981e+01   2.8353480e-01
   7.6949576e+01  -1.2400155e+00
  -5.0096675e+01   3.7912925e+01
  -1.6738796e+01   2.6972896e+01
  -1.7476330e+02   2.2591521e+02
  -1.1195591e+02   1.1388203e+02
  -2.6507131e+02   4.6167107e+02
   3.1331631e+01   7.6282906e-01
  -1.1959666e+02   1.2505610e+02
  -1.6623261e+02   2.1015040e+02
  -1.4175373e+02   1.6197055e+02
  -5.7010906e+01   4.5445369e+01
   3.8736696e+01  -1.2084311e+00
  -1.6952053e+02   2.1026605e+02
  -1.8747739e+02   2.5180384e+02
   6.3390870e+01   1.0799117e+00
   1.2946225e+02   1.4916542e+01
   3.8110500e+01  -1.2730359e+00
  -6.3520669e+01   5.3432996e+01
  -3.3733694e+02   6.6381992e+02
  -1.2498029e+02   1.3322775e+02
   1.1591279e+02   9.3948132e+00
  -4.4423089e+01   1.2189418e+01
  -6.3243541e+01   5.2770513e+01
  -1.2227831e+02   1.2973308e+02
   1.0365182e+01   8.5951996e+00
  -2.2344788e+02   3.5782456e+02
  -4.9492680e+01   3.6900047e+01
  -3.3604271e+02   6.6299923e+02
  -3.2322252e+02   6.2213764e+02
   2.0239456e+01   4.7775277e+00
   8.6438469e+00   9.3207559e+00
  -3.0279430e+02   5.6225918e+02
   4.2202799e+01  -2.3843008e+00
  -2.8623182e+02   5.1820654e+02
   7.3472698e+01   1.3673851e+00
  -1.2868066e+02   1.3912578e+02
  -2.0212476e+02   2.8349675e+02
  -7.6845010e+01   6.8983087e+01
   7.2359709e+01   1.1539486e+00
   1.3045027e+02  -3.7558160e+00
  -2.2045282e+02   3.5273643e+02
  -1.0313939e+02   1.0271838e+02
   2.4779930e+01   2.9020479e+00
  -1.0579028e+02   1.0617707e+02
  -2.2439694e+02   3.2878683e+02
  -2.0783140e+01   2.9301297e+01
   5.8408361e+01   1.2470467e+00
  -3.3097814e+02   6.4676145e+02
   3.8487827e+01   3.1683040e+00
  -4.0099515e+02   8.7146846e+02
  -3.2793927e+02   6.3555999e+02
  -1.3795162e+02   1.5604083e+02
  -5.8240775e+01   4.7665900e+01
  -1.2765139e+02   1.3630870e+02
  -5.3358632e+01   4.2433842e+01
  -4.1006571e+02   8.9810018e+02
  -4.0086159e+02   8.7128849e+02
   8.2723999e+01   6.6513457e-02
   6.6255316e+01   8.3315714e-01
  -1.3039472e+02   1.4189883e+02
   1.0422689e+02   5.2235396e+00
  -1.1818526e+02   1.2289386e+02
   1.3020795e+02  -3.4263927e+00
  -2.1564097e+02   3.1100871e+02
  -3.2251610e+02   6.1811114e+02
  -2.2854144e+02   3.7079675e+02
  -6.0055173e+01   4.8347545e+01
   7.6132311e+01  -1.4747493e+00
  -2.2324803e+02   3.2728910e+02
   4.2845650e+01  -2.6058993e+00
  -4.9622561e+01   3.8599845e+01
   8.7024516e+01   4.5296755e-01
   1.2115391e+02  -8.8001439e+00
  -4.0103351e+02   8.7472807e+02
   6.3095606e+01   6.8372022e-01
  -3.3534875e+02   6.5978115e+02
  -2.7055814e+02   4.7533215e+02
  -2.4620136e+02   4.1434555e+02
  -6.2408577e+01   2.8247031e+01
  -1.5063969e+02   1.7732075e+02
  -9.9199062e+01   9.6061352e+01
  -3.1638128e+02   6.0258018e+02
   1.1567013e+02   9.3775992e+00
  -1.0821646e+02   1.0957916e+02
   2.9569448e+01   1.2525091e+00
  -2.1473014e+01   2.9196287e+01
  -1.1604277e+00   1.4232927e+01
   1.2584922e+02  -5.7565571e+00
  -7.7122338e+01   6.8259031e+01
  -2.2137686e+02   3.5389688e+02
  -1.2281209e+02   1.2977287e+02
   1.3664577e+02   6.7929446e-01
  -5.4235056e+01   2.1228502e+01
  -9.1038378e+01   8.6527169e+01
  -1.2162338e+02   1.2779572e+02
  -3.6677518e+02   7.5387066e+02
  -1.1442240e+02   1.1805843e+02
  -1.6840067e+02   2.1415927e+02
   1.2320140e+02   1.2635487e+01
   7.6510890e+01  -7.5136087e-01
   1.1249655e+02   7.9704495e+00
   9.9355531e+01   3.6394671e+00
  -1.0552095e+02   1.0532439e+02
  -2.3683252e+02   3.9058863e+02
   4.0308505e+01  -1.7691931e+00
  -2.8288045e+02   5.0778545e+02
  -3.4928644e+01   3.9679602e+01
   2.2886165e+01   3.8189856e+00
   7.5353513e+01  -9.8314009e-01
  -3.4594654e+02   6.9185550e+02
  -3.0453332e+02   5.6735198e+02
  -4.1382265e+02   9.1616753e+02
   1.4601709e+02   6.5418015e+00
   1.4550921e+02   5.4791886e+00
   7.6341307e+01  -6.0604276e-01
  -1.0239287e+02   1.0028260e+02
   1.2013665e+02   1.0529323e+01
  -1.9409306e+02   2.6528149e+02
  -1.9219289e+02   2.6023062e+02
   1.4043667e+02   2.6104087e+00
   9.8787018e+01   3.7464138e+00
  -4.0107303e+02   8.7485101e+02
   5.6542883e+01   7.6053551e-01
   5.1629055e+01  -4.1838598e+00
   6.6180886e+01   1.2493968e+00
   3.7173505e+01   3.1898557e+00
  -6.1890232e+01   5.0476208e+01
  -1.3382076e+02   1.4675375e+02
  -3.2489846e+02   6.2894445e+02
  -1.4193218e+02   1.5954094e+02
  -5.5134755e+01   4.4087302e+01
  -3.2566789e+02   6.2879047e+02
  -3.8860304e+02   8.3021053e+02
  -2.8081230e+02   5.0376881e+02
   9.0784030e+01   1.6624362e+00
  -1.4502084e+02   1.6763571e+02
  -1.1987116e+02   1.2545773e+02
  -3.3287580e+02   6.5392077e+02
   2.5711842e+01   2.6151197e+00
  -6.3885485e+00   1.7107627e+01
   4.8642509e+01  -4.0630054e+00
  -2.5306708e+02   4.3146850e+02
  -2.2276829e+02   3.2642093e+02
  -1.3803709e+01   2.1428330e+01
  -3.5403887e+02   7.1528276e+02
   1.2369806e+02  -7.0817093e+00
  -3.4237617e+02   6.7781515e+02
  -3.3125370e+02   6.4321973e+02
   1.2823746e+02  -4.8274407e+00
  -2.8805689e+02   5.2336035e+02
   8.2756933e+01   1.3427172e-01
  -1.8363169e+02   2.4321297e+02
  -7.6144663e+01   6.7940893e+01
  -2.2019696e+02   3.5018826e+02
  -3.5024860e+02   7.0448627e+02
  -2.1067590e+01   2.6346288e+01
   2.8898014e+01   1.5552989e+00
  -2.2982441e+02   3.7402458e+02
   2.3510257e+01   3.4660311e+00
  -2.6497051e+02   4.6172283e+02
   9.8785768e+01   3.6877190e+00
  -8.2521522e+01   7.5061230e+01
  -1.2617059e+02   1.3508850e+02
   1.2704358e+02  -5.7146753e+00
  -2.0510103e+02   2.8862065e+02
   4.7416100e+01  -3.4475220e+00
  -2.5210691e+02   4.2768701e+02
  -1.3401610e+02   1.4973486e+02
  -1.3722377e+02   1.5191909e+02
  -3.2486129e+02   6.2587624e+02
  -6.8996569e+01   6.0354534e+01
  -3.7411217e+02   7.7927184e+02
   1.5234787e+02   1.0679359e+01
  -3.8291774e+02   8.0686403e+02
   4.9949036e+01   1.5911297e+00
   8.0226434e+01  -6.2344353e-01
   2.5255943e+01   2.8027096e+00
   7.3339692e+01   1.0562094e+00
  -3.6931271e+02   7.6262422e+02
  -2.8634571e+02   5.1875188e+02
  -2.8865701e+02   5.2235120e+02
   2.4359342e+01   3.1218392e+00
  -1.2147054e+02   1.2802541e+02
  -2.4369390e+02   4.0552887e+02
   1.1250090e+02   8.3113492e+00
  -7.8100993e+01   6.9728377e+01
   5.6084033e+01   1.3270739e+00
  -5.4784050e+01   4.3308597e+01
  -4.0012637e+02   8.6556315e+02
  -3.8066317e+02   7.9794423e+02
  -3.9109045e+01   4.2746531e+01
   8.1512311e+01  -3.0442873e-01
   1.2067364e+02   1.1121838e+01
  -2.3271881e+01   3.1292783e+01
  -2.3814624e+01   3.1384073e+01
  -2.3615942e+02   3.8824689e+02
   7.1659152e+01   1.2655476e+00
   9.2196923e+01   1.6014040e+00
  -2.4864746e+02   4.1930693e+02
   4.9357081e+01  -3.9190337e+00
  -2.7665924e+02   4.8978755e+02
  -1.9435086e+02   2.6341401e+02
  -1.6483146e+02   2.0315554e+02
  -3.8906449e+02   8.2489339e+02
  -6.0376149e+01   4.8671924e+01
  -4.0414413e+02   8.8246655e+02
   7.5616094e+01   1.5135780e+00
  -4.8614871e+01   3.7058412e+01
   7.2868636e+01   1.4171706e+00
  -1.2360257e+02   1.3069448e+02
  -3.1003432e+02   5.8444405e+02
   1.3505344e+02  -6.9324471e-01
  -3.4105916e+01   3.8527794e+01
   6.0064321e+01   1.1686885e+00
  -2.7549782e+02   4.8735597e+02
  -3.0463067e+02   5.6616819e+02
  -1.1241948e+02   1.1418834e+02
  -1.8815041e+02   2.5181636e+02
  -3.7726081e+02   7.8829364e+02
  -6.7431554e+01   5.7691677e+01
  -1.6386477e+02   1.9958690e+02
  -1.7661659e+02   2.2948127e+02
  -5.6486361e+01   4.4801305e+01
  -3.9798254e+02   8.5905760e+02
  -1.0130541e+02   9.9505987e+01
   1.2417314e+02   1.2853519e+01
   2.4577624e+01   2.8632628e+00
  -1.5230653e+02   1.8060530e+02
  -4.9474753e+01   3.8311705e+01
  -4.0615790e+02   8.9285662e+02
   1.1280345e+02   8.0355133e+00
  -1.9835629e+02   2.7499955e+02
  -3.3538284e+02   6.5717906e+02
  -1.9538573e+02   2.6652737e+02
  -2.4738059e+01   3.1490440e+01
   5.8709064e+01   7.6067754e-01
  -1.0020370e+02   9.7820756e+01
  -4.1486717e+02   9.1542841e+02
  -1.3567347e+02   1.5225935e+02
   1.2077803e+02   1.1254508e+01
  -1.1822260e+02   1.2237394e+02
   1.3038363e+02  -3.9401567e+00
  -2.8591950e+02   5.1677572e+02
  -6.3355664e+01   5.2862699e+01
  -3.3532153e+02   6.5577347e+02
   4.9307285e+01   1.6654749e+00
   3.5605468e+00   1.1524835e+01
  -3.0445865e+02   5.6603218e+02
  -4.6182353e+01   3.4309322e+01
   6.7131034e+01   8.5287069e-01
   1.2438898e+02  -7.1573340e+00
  -2.7877897e+02   4.9683246e+02
   3.8871707e+01  -1.1513614e+00
  -4.0304290e+02   8.7742045e+02
  -2.5498294e+02   4.3432552e+02
  -1.1020282e+02   1.1147505e+02
   7.3337319e+01   1.6216842e+00
  -1.4669011e+02   1.7023692e+02
  -1.0490872e+01   1.9420988e+01
  -1.4788470e+02   1.7224832e+02
   9.7428447e+01   3.7871895e+00
  -3.8361286e+02   8.0810692e+02
   8.5954351e+01   5.5808947e-01
  -6.6598363e+01   5.7256141e+01
  -3.4005942e+02   6.6938189e+02
   3.5751282e+01  -5.5370487e-01
  -2.3291999e+02   3.7986094e+02
  -2.7095115e+02   4.7591135e+02
   3.6878421e+01  -8.8253098e-01
  -3.1864412e+02   6.0848556e+02
  -1.1302243e+02   1.1559764e+02
  -4.0934374e+02   8.9726442e+02
  -3.8426715e+02   8.1725489e+02
  -1.6388705e+02   2.0019541e+02
  -9.0829003e+01   8.6056008e+01
  -3.8162407e+02   8.0463490e+02
  -1.3605525e+02   1.4961539e+02
  -3.4050326e+02   6.7195483e+02
  -1.7924079e+01   2.7425648e+01
  -1.2263193e+02   1.2944449e+02
  -8.8442344e+01   8.3486703e+01
  -2.3713549e+02   3.9030529e+02
  -2.8477797e+02   5.1448668e+02
  -3.9465523e+02   8.4806961e+02
  -3.3407639e+02   6.5750070e+02
  -4.1803274e+01   3.0494904e+01
   2.8849166e+01   1.4555985e+00
  -3.4235483e+02   6.8123106e+02
   4.1982467e+01   2.4826346e+00
  -2.5932529e+02   4.4573103e+02
  -1.3458470e+02   1.4864637e+02
  -3.9384939e+02   8.4593565e+02
  -3.2850671e+02   6.3828655e+02
   3.9798591e+01  -2.1801282e+00
   5.9377945e+01   8.3341226e-01
  -2.7950205e+02   4.9825198e+02
  -6.0188446e+01   4.9559345e+01
   1.3207770e+02   1.6192996e+01
   6.9968306e+01   1.3303306e+00
  -1.8205635e-01   1.4254028e+01
   4.2348028e+01  -2.1934729e+00
   4.5402846e+01  -3.0429959e+00
  -3.4547702e+02   6.8601108e+02
  -6.2644709e+01   2.7169688e+01
  -2.0480845e+02   2.8784816e+02
  -1.6413446e+02   2.0031024e+02
  -6.8968052e+01   5.8495406e+01
  -3.8620104e+01   2.6657521e+01
  -1.9918894e+01   2.5451694e+01
  -2.8579291e+02   5.1512200e+02
  -7.2996735e+01   6.4633748e+01
  -3.4886927e+02   7.0160984e+02
  -2.6705405e+02   4.6731763e+02
  -1.0922476e+02   1.1098818e+02
  -2.3175010e+02   3.7823424e+02
  -1.6228970e+02   2.0320594e+02
   9.5855209e+01   2.5518490e+00
  -3.8489156e+02   8.1670813e+02
  -4.3689356e+00   1.5955851e+01
  -2.7897062e+02   4.9729733e+02
  -8.1767330e+01   7.4224591e+01
  -2.6689078e+02   4.6611794e+02
  -3.5550945e+02   7.2428581e+02
  -2.5632559e+02   4.3598998e+02
  -2.2526753e+02   3.6390940e+02
  -4.9312735e+01   3.8541294e+01
  -2.3943565e+02   3.9669852e+02
   1.2635388e+02   1.3561976e+01
   3.3313215e+01   2.5818800e-01
  -2.4949710e+02   4.2121768e+02
  -2.4232956e+02   4.0488714e+02
  -2.7117270e+02   4.7591600e+02
   1.2297950e+01   8.0489149e+00
  -2.2303172e+02   3.2739745e+02
  -6.1664646e+01   5.0968061e+01
  -1.5855837e+02   1.9112978e+02
   3.8790811e+01  -1.4549046e+00
  -3.0993244e+02   5.8281196e+02
  -1.7049621e+02   2.1191614e+02
  -3.2236194e+02   6.1760219e+02
  -1.2355155e+02   1.3136997e+02
  -3.9325440e+02   8.4773074e+02
  -3.4827261e+02   6.9626022e+02
  -1.6879089e+02   2.0894168e+02
   8.1045890e+01   4.0189844e-02
  -2.2622103e+02   3.6392404e+02
   9.1643025e+01   1.4245313e+00
  -3.4492967e+02   6.8859973e+02
  -3.0773815e+02   5.7751170e+02
   7.1606337e+01  -1.6775508e+00
   1.1999620e+02   1.0877506e+01
  -8.1949122e+01   7.5471016e+01
  -1.6397798e+02   2.0505930e+02
  -1.1256083e+02   1.1543211e+02
  -2.3093661e+02   3.7604174e+02
  -3.8938440e+02   8.3204816e+02
  -2.1677080e+02   3.1470388e+02
   1.3629606e+02  -2.0268503e-01
   5.8495329e+01   1.1893777e+00
  -1.2631418e+02   1.3590370e+02
  -1.6134808e+02   1.9568421e+02
   2.2533163e+01   3.8843238e+00
   6.9620251e+01  -2.0472053e+00
  -4.5941635e+01   1.2289344e+01
   8.8361936e+01   1.1813664e+00
  -3.6129650e+02   7.4027994e+02
  -3.2077491e+02   6.1578255e+02
   7.5498489e+01  -7.5243958e-01
  -3.6012304e+02   7.3853698e+02
   9.9521865e+01   3.7724834e+00
  -3.2239195e+02   6.2062944e+02
  -2.4826050e+01   3.1670168e+01
   4.1164812e+01   2.8545846e+00
  -1.8099238e+02   2.3857675e+02
   4.3950812e+01   2.2442467e+00
  -3.3555640e+02   6.5609101e+02
  -6.7513916e+01   5.7298034e+01
  -3.8945823e+01   2.7508155e+01
  -1.5462104e+02   1.8471859e+02
   7.6936794e+01  -9.9521590e-01
   7.6557332e+01   1.3054781e+00
  -2.1990594e+02   3.1969130e+02
  -3.8893420e+02   8.3227763e+02
   1.4417534e+01   6.9210798e+00
  -3.6090739e+02   7.3854784e+02
  -2.3701283e+00   1.4844692e+01
   1.0949621e+02   6.9553436e+00
   7.0573064e+01  -1.5318166e+00
  -3.0759141e+02   5.7355859e+02
  -7.3208601e+01   6.4378969e+01
   1.2759118e+02  -4.7090652e+00
  -4.1529660e+02   9.1847789e+02
  -2.1924558e+02   3.1868962e+02
  -3.3620204e+02   6.6151066e+02
  -2.8928015e+02   5.2589488e+02
   4.7888154e+01  -3.4591469e+00
  -1.3729524e+02   1.5542636e+02
   5.0202998e+01   1.8093706e+00
   1.2080417e+02  -8.7823893e+00
   4.1847470e+01   2.5067261e+00
  -1.6508174e+02   2.0879863e+02
  -2.1183637e+01   2.6333470e+01
  -2.8110635e+02   5.0090697e+02
  -2.9151578e+02   5.2962640e+02
   1.3444954e+02  -9.9400770e-01
   6.5640085e+01   1.1076595e+00
   8.9751078e+01   1.0818832e+00
   9.0838802e+01   1.5615868e+00
  -3.0137718e+01   3.6297760e+01
  -2.6015692e+02   4.4638399e+02
   6.1429775e+01   1.1241973e+00
  -2.0887446e+02   2.9617628e+02
  -1.1918726e+02   1.2453987e+02
   2.0215447e+01   4.4810277e+00
  -3.1006006e+02   5.8285142e+02
  -1.6149072e+02   2.0150125e+02
  -3.5041968e+02   7.0306537e+02
   6.4529010e+01   1.1551557e+00
  -6.0733926e+01   4.9757177e+01
  -5.1235828e+01   1.7745076e+01
  -3.4293771e+02   6.8002017e+02
  -1.3926654e+02   1.5476391e+02
  -2.3706824e+02   3.9017452e+02
  -9.1374882e+01   8.6313943e+01
   2.6063011e+01   2.6421528e+00
  -2.4881036e+02   4.1952402e+02
  -3.9818658e+02   8.5917762e+02
  -3.3145267e+02   6.4450308e+02
  -1.6059094e+02   2.0000981e+02
  -1.5867754e+01   2.2550758e+01
  -2.2980612e+02   3.7417869e+02
  -1.6834309e+02   2.0876462e+02
  -3.2650807e+02   6.3057739e+02
   1.1940631e+02   1.0856736e+01
  -3.2168393e+02   6.1640220e+02
  -1.6942464e+02   2.1597161e+02
  -2.1783577e+02   3.4657672e+02
   1.8082706e+01   5.6358237e+00
  -1.9630613e+02   2.6939221e+02
   4.5904532e+01  -3.1128070e+00
  -2.8041293e+02   5.0048921e+02
  -2.2299693e+02   3.5842748e+02
  -2.5651350e+02   4.4029401e+02
  -9.0826837e+01   8.5841686e+01
  -2.8252269e+02   5.0705546e+02
  -3.1101570e+02   5.8426862e+02
  -2.8533114e+02   5.1356993e+02
  -1.7300116e+02   2.2230899e+02
   4.2904077e+01   2.4336456e+00
  -8.7828916e+01   8.2233325e+01
  -2.0267668e+02   2.8310535e+02
  -2.8521931e+01   3.4891212e+01
   8.4903444e+01   4.1787974e-01
  -1.6506024e+02   2.0291112e+02
  -1.8090993e+02   2.3675799e+02
   4.7876087e+01   1.9910926e+00
   4.1025967e+01   2.3263650e+00
  -3.7832277e+02   7.9689781e+02
  -3.7461496e+02   7.8490945e+02
   1.2412456e+02  -7.0766266e+00
  -2.4029192e+02   3.9973583e+02
  -4.1143527e+02   9.0541640e+02
  -2.9740811e+02   5.4577902e+02
  -9.2322312e+01   8.7666620e+01
   4.3030244e+01  -2.5013896e+00
  -1.6417889e+02   2.0570304e+02
   5.0118357e+01   1.4747535e+00
  -2.1893945e+02   3.4845938e+02
  -1.4119925e+02   1.6173633e+02
  -5.1857990e+01   1.9576988e+01
  -3.4806004e+02   6.9538738e+02
  -2.0956856e+01   2.9620775e+01
   1.3604675e+02   5.1956272e-03
  -3.5988664e+02   7.2913673e+02
  -8.4285445e+01   7.7691750e+01
   8.4324884e+01  -8.5114740e-02
  -3.3307402e+02   6.5029243e+02
  -3.4357346e+02   6.8268651e+02
  -8.8010565e+01   8.2865168e+01
  -3.7644990e+02   7.8829084e+02
  -1.6676950e+02   2.1082429e+02
   5.8822429e+01   1.1651033e+00
   6.4482571e+01   8.2288482e-01
  -3.4544329e+02   6.9098124e+02
  -2.8105454e+02   5.0438353e+02
  -2.0188648e+02   2.7960205e+02
   8.5945160e+01   4.8642807e-01
   1.0626808e+01   8.4910299e+00
  -2.7335790e+02   4.8126560e+02
  -2.8677456e+02   5.1839327e+02
  -3.5165974e+02   7.1138270e+02
  -2.4849209e+02   4.1927665e+02
  -3.9973041e+02   8.6347217e+02
   2.1486359e+01   4.0893225e+00
  -2.4673246e+01   3.1371733e+01
  -1.4106222e+02   1.5735390e+02
   1.0267226e+00   1.3476813e+01
   1.1090728e+02   7.1475257e+00
   4.5196970e+01  -3.2096008e+00
  -1.3587206e+02   1.5316048e+02
  -3.2938859e+02   6.4193924e+02
  -9.8416519e+01   9.6260479e+01
  -2.6550960e+02   4.6346005e+02
  -1.3613861e+02   1.5318769e+02
  -2.6871784e+02   4.7156809e+02
   1.5320292e+02   1.1515693e+01
   1.2872912e+02   1.4451031e+01
  -1.9674571e+01   2.5575391e+01
  -2.1479370e+02   3.0989570e+02
  -7.2175577e+01   6.2246975e+01
  -2.9202782e+02   5.3393750e+02
  -1.4016275e+02   1.5646586e+02
   1.3325906e+02  -1.7478956e+00
   1.3268975e+02  -2.7069412e+00
   1.1901387e+02   1.0298576e+01
   1.3573519e+02  -5.2779391e-02
  -1.2256547e+02   1.2946301e+02
  -2.4619357e+02   4.1319833e+02
   1.3107539e+02  -2.7705399e+00
  -2.7427286e+02   4.8365199e+02
  -3.8887789e+02   8.2698655e+02
  -2.8166977e+02   5.0368610e+02
  -1.9252628e+02   2.6284218e+02
  -1.3780107e+02   1.5246626e+02
  -3.2002836e+02   6.1148169e+02
  -3.0906553e+02   5.8276574e+02
  -1.6232768e+02   2.0342143e+02
  -2.7727435e+02   4.9287525e+02
   2.4378808e+01   3.0429309e+00
   1.6137736e+01   6.0681938e+00
   7.3578995e+01   1.2894476e+00
   1.2140514e+02  -8.8569041e+00
   1.3321416e+02   1.7094086e+01
  -3.2072696e+02   6.1521941e+02
  -5.7853493e+01   2.4373194e+01
   1.2435969e+01   7.6973547e+00
  -3.3474025e+02   6.5347936e+02
  -1.4177417e+01   2.1757603e+01
  -1.4356904e+02   1.6540212e+02
  -2.0251834e+02   2.8309627e+02
  -3.1953748e+02   6.1102410e+02
  -8.6441156e+01   7.9079920e+01
   2.9710889e+01   1.4262999e+00
   1.3726435e+02   5.7563442e-01
  -2.2250718e+01   2.9596753e+01
  -7.0369799e+01   6.0058378e+01
  -3.4738731e+02   6.9656368e+02
  -3.8000511e+02   8.0375111e+02
  -1.6980099e+02   2.1713242e+02
  -1.1130215e+02   1.1324841e+02
  -4.2152902e+01   3.1156568e+01
  -3.4025182e+02   6.7378064e+02
   1.4330629e+02   4.1899893e+00
   1.2616714e+02  -6.1783725e+00
   2.4116305e+01   2.8633156e+00
  -3.8246000e+02   8.0349544e+02
   1.2012936e+02  -9.0963466e+00
  -3.5994063e+02   7.3508634e+02
  -3.3629059e+02   6.6034337e+02
  -1.9197975e+01   2.4839393e+01
  -4.0588744e+02   8.8621998e+02
  -2.2232354e+02   3.2691783e+02
  -4.1428774e+02   9.1247387e+02
   1.3960329e+02   2.0183108e+00
  -3.3613911e+02   6.5962786e+02
  -1.8369078e+02   2.4239917e+02
  -2.2057444e+01   3.0008328e+01
  -2.9819038e+02   5.4858028e+02
   3.8228177e+01   3.1539021e+00
   3.6496879e+01  -1.0729261e+00
   9.1688010e+01   1.5758085e+00
  -9.2206672e+01   8.7304494e+01
  -2.7942579e+02   4.9674736e+02
  -8.8723084e+00   1.8453737e+01
  -2.7640210e+02   4.8864476e+02
   1.3427383e+02  -1.3268177e+00
   4.2649933e+01  -2.4689128e+00
  -2.1793260e+02   3.1508010e+02
   5.8326717e+01   9.9661255e-01
  -3.0671479e+01   3.6681351e+01
  -4.7879786e+01   3.6159727e+01
   1.2616551e+02  -5.9548610e+00
   8.1906120e+00   9.6573687e+00
  -1.9291943e+02   2.6301908e+02
   4.3928901e+01   2.2897791e+00
   4.6654715e+01  -3.7040111e+00
  -2.2122908e+02   3.2489754e+02
  -2.0839107e+02   2.9550873e+02
  -2.2774744e+02   3.6924984e+02
   4.0605108e+01   2.9209346e+00
  -1.7753334e+02   2.2997851e+02
  -2.0389747e+01   2.8364299e+01
  -3.5070186e+02   7.0298324e+02
  -2.3065071e+02   3.7447830e+02
  -1.5899235e+02   1.9184444e+02
  -2.2157669e+02   3.5460488e+02
  -1.7053149e+02   2.1179931e+02
   5.1594201e+01   1.2821775e+00
  -3.2378162e+02   6.2135856e+02
  -2.3374982e+01   3.0406603e+01
  -3.9831572e+02   8.6031547e+02
  -8.7278160e+01   8.1264719e+01
  -1.5160423e+02   1.7895422e+02
   2.8422201e+01   1.6649189e+00
  -8.4567518e+01   7.7598839e+01
   1.3643251e+02  -1.1799415e-01
   7.6708296e+01   1.6673123e+00
  -3.2156882e+02   6.1630269e+02
  -5.6082815e+01   4.5546371e+01
  -3.5587480e+02   7.2500620e+02
  -2.4202156e+02   4.0145321e+02
   4.2984579e+01   2.4256442e+00
  -3.8565376e+01   4.2822810e+01
  -1.8994863e+02   2.5489816e+02
  -3.7394280e+02   7.8211594e+02
  -4.5168285e+01   3.2883011e+01
   1.8248181e+01   5.2490978e+00
  -2.1766857e+00   1.5059019e+01
  -3.3326191e+02   6.5247374e+02
  -3.3315199e+02   6.5216699e+02
  -2.7913243e+02   4.9638766e+02
  -3.4366012e+02   6.8458344e+02
   1.3717305e+02   1.0092521e+00
  -2.0607077e+01   2.5624576e+01
   5.8869721e+01   1.3632604e+00
  -2.1620154e+02   3.1332655e+02
  -1.3667611e+01   2.1090643e+01
   1.0075677e+01   8.6789096e+00
  -1.2807951e+02   1.3878210e+02
  -2.9574305e+02   5.4108558e+02
  -4.4895546e+01   1.3509412e+01
  -1.4724688e+02   1.7162622e+02
  -2.5736923e+02   4.4306917e+02
  -2.2451931e+02   3.3234352e+02
   9.3965683e+01   2.5830547e+00
  -2.7540747e+02   4.8820925e+02
   1.2375286e+02   1.2494217e+01
  -2.0116058e+02   2.7745776e+02
  -1.2129767e+02   1.2806068e+02
  -1.6142481e+02   2.0045731e+02
  -5.9282680e+01   2.4524889e+01
   1.1847833e+02   1.0313942e+01
  -7.9034211e+01   7.0145284e+01
  -3.1058902e+02   5.8308605e+02
  -3.2006462e+02   6.1263360e+02
  -2.0686921e+02   2.9256454e+02
  -5.3855311e+01   1.9384765e+01
  -1.2079816e+02   1.2661999e+02
   4.9405960e+01   1.6104520e+00
  -1.6597261e+02   2.0904891e+02
  -3.9470207e+02   8.5272244e+02
  -1.4275590e+01   2.1888246e+01
  -3.7930454e+02   7.9643058e+02
  -1.5968798e+02   1.9269661e+02
  -2.0879442e+02   2.9482905e+02
   9.1799694e+01   1.9356880e+00
  -1.1542415e+01   2.0038913e+01
  -2.1699299e+01   2.6766906e+01
  -1.6716982e+02   2.1146026e+02
  -7.8329609e+01   7.0471178e+01
  -2.0999273e+02   2.9698617e+02
  -3.7662529e+02   7.8608978e+02
   8.8423613e+01   1.3630028e+00
  -2.4384331e+02   4.0668133e+02
  -1.7061350e+02   2.1288089e+02
  -2.3347520e+02   3.8229606e+02
  -1.9147522e+02   2.6056323e+02
   4.6279621e+01  -3.3240044e+00
  -3.7193532e+02   7.7546717e+02
  -3.9549676e+02   8.5508329e+02
  -2.6920193e+02   4.7085683e+02
  -1.5853139e+01   2.2850109e+01
  -1.7957777e+02   2.3505320e+02
  -2.7379832e+02   4.8335597e+02
   2.9182782e+01   1.4699605e+00
  -2.5152402e+02   4.2602512e+02
  -9.8218497e+01   9.4819244e+01
   6.1373644e+01   1.3214395e+00
   3.4789016e+01  -5.4428172e-01
  -2.6706549e+02   4.6697126e+02
  -1.0067594e+02   9.8460912e+01
   1.1610274e+02   9.0216403e+00
  -3.4524821e+02   6.9269484e+02
  -1.0920451e+02   1.1035021e+02
  -2.4011440e+02   3.9861473e+02
  -5.0300856e+01   1.7231144e+01
  -2.0172474e+02   2.8175954e+02
  -1.9068047e+02   2.5821140e+02
  -2.3263160e+02   3.8050445e+02
   1.2670242e+02   1.3984113e+01
  -1.3512911e+02   1.5103235e+02
   4.0872980e+01   2.6292835e+00
  -9.2466151e+01   8.8303351e+01
  -1.6975474e+01   2.3676398e+01
  -1.3738129e+02   1.5259995e+02
  -3.4599394e+02   6.9065033e+02
   1.2152135e+02  -8.4050587e+00
  -3.9281727e+02   8.4759749e+02
  -3.4088659e+01   3.8561256e+01
   1.3356169e+02  -1.5687308e+00
  -1.0336653e+01   1.9770970e+01
  -1.7349647e+01   2.3460609e+01
  -3.4257764e+02   6.7647571e+02
   1.1107357e+02   7.9381617e+00
  -2.1735880e+02   3.1623521e+02
   1.5011788e+02   9.3803193e+00
   1.2414155e+02  -7.3669025e+00
   1.2427314e+01   8.1683390e+00
  -1.6619479e+02   2.1102626e+02
   1.3266936e+02   1.6769259e+01
  -3.1875188e+02   6.1152785e+02
   1.2147216e+02   1.1768772e+01
   9.6441353e+01   2.6694469e+00
  -3.5639035e+01   4.0981156e+01
  -1.7087675e+01   2.3607746e+01
  -2.8617072e+02   5.1671474e+02
   1.1760149e+02   1.0258596e+01
  -1.9174485e+02   2.5970004e+02
   6.7701360e+01   1.0121013e+00
   5.3389649e+01   1.4104015e+00
  -2.4068445e+02   3.9970442e+02
   1.4616370e+02   6.5472961e+00
   1.0900064e+02   6.8764040e+00
   6.1800462e+01   1.1692506e+00
  -3.4519266e+01   3.9544408e+01
  -3.4423744e+00   1.5507406e+01
  -8.3107480e+01   7.6166191e+01
  -1.0460937e+02   1.0423540e+02
  -5.1956594e+01   1.7888124e+01
   5.2561593e+01  -4.8583927e+00
   5.5960769e+01   1.2972116e+00
  -2.4526346e+02   4.0979732e+02
  -7.3922165e+01   6.4376726e+01
   1.9986854e+01   4.8871546e+00
   1.2536721e+02  -6.3114725e+00
  -5.1615124e+01   1.8196749e+01
  -2.5390774e+01   3.2836431e+01
   6.8168137e+01   1.2716614e+00
  -8.5355406e+01   7.9509414e+01
   9.9531985e+01   3.9418158e+00
  -1.3421303e+02   1.4792150e+02
   4.9928065e+01  -3.9280088e+00
  -2.5541096e+02   4.3668943e+02
   1.3817673e+02   1.4175926e+00
   9.8876435e+01   3.3611583e+00
   6.7700574e+01   9.7828564e-01
   1.3059577e+02  -3.7512684e+00
  -6.9579330e+01   6.0263128e+01
  -1.5438762e+02   1.8384693e+02
  -2.8827605e+02   5.2193132e+02
  -1.4063448e+02   1.6099612e+02
   8.0560817e-02   1.3598054e+01
  -3.5663311e+02   7.2771729e+02
   1.1586822e+01   8.1929193e+00
   9.0418709e+01   1.2816407e+00
  -3.3561780e+02   6.5846940e+02
  -7.7507385e+01   6.8605530e+01
  -3.5388421e+02   7.1204286e+02
  -3.2720401e+02   6.3385811e+02
  -3.2468548e+02   6.2543786e+02
   1.0330606e+02   4.7961043e+00
  -1.3454304e+02   1.5067860e+02
  -2.8559798e+02   5.1476903e+02
  -2.7014497e+02   4.7405474e+02
  -3.9331927e+02   8.4190510e+02
   5.1023564e+01  -4.2760692e+00
   1.0904983e+02   6.2689385e+00
  -1.9551919e+02   2.6870959e+02
   1.0197728e+02   4.5020412e+00
  -4.1105182e+02   9.0410932e+02
  -5.5460617e+01   2.1353405e+01
  -4.6116835e+01   1.4236912e+01
   7.7559746e+01   1.9636804e+00
  -3.7714172e+02   7.8734924e+02
  -1.2946776e+01   2.0889966e+01
  -4.0101982e+02   8.7572741e+02
  -6.1791303e+01   5.2337653e+01
  -2.9395628e+02   5.3918267e+02
  -2.9953677e+01   3.5451995e+01
  -6.8574627e+01   5.8683434e+01
  -1.3797597e+02   1.5587283e+02
   1.3750587e+02   9.3391738e-01
  -1.0607019e+02   1.0560301e+02
   1.2749863e+02   1.4644263e+01
  -1.9693752e+02   2.7039875e+02
  -1.0701315e+02   1.0786696e+02
  -1.9440507e+02   2.6515231e+02
  -1.9102318e+02   2.5757610e+02
  -3.2898382e+02   6.4145218e+02
  -6.1034956e+01   2.7006490e+01
   3.8108221e+01  -1.5585056e+00
  -3.1249687e+02   5.8981764e+02
  -2.2034150e+02   3.2118692e+02
  -2.1160312e+02   3.0321556e+02
  -1.7040416e+02   2.1295993e+02
  -8.5558215e+01   7.9569933e+01
  -1.7650154e+02   2.3004740e+02
  -1.6990124e+02   2.1729334e+02
  -6.1630787e+01   2.7155902e+01
   4.0917218e+01   2.8567726e+00
  -4.1728741e+00   1.5763691e+01
  -3.1570110e+02   6.0000352e+02
  -1.9445420e+02   2.6616443e+02
  -3.6306002e+01   4.0732919e+01
  -1.3776533e+02   1.5339087e+02
  -3.0721228e+02   5.7480158e+02
  -3.2971413e+02   6.4262537e+02
  -1.9274073e+02   2.6286749e+02
   3.4207953e+01  -3.3657720e-01
   3.8162308e+01   2.9551309e+00
  -1.6625890e+02   2.1020157e+02
   7.8427444e+01  -7.9269289e-01
  -1.1223003e+02   1.1420468e+02
   1.0069667e+02   3.9755061e+00
  -2.3838626e+02   3.9381853e+02
   7.0030723e+01   1.2129375e+00
  -8.2170460e+01   7.3869880e+01
   1.0735741e+02   6.2018773e+00
  -1.3462388e+02   1.4784996e+02
   1.2643993e+02   1.3569874e+01
  -8.0704194e+01   7.2686599e+01
  -1.3760096e+02   1.5336925e+02
  -3.1182382e+02   5.8934436e+02
   4.5239946e+01  -3.0958615e+00
  -1.5343558e+01   2.2544296e+01
  -5.0228384e+01   3.8396784e+01
  -4.1535309e+02   9.2125310e+02
  -9.5574742e+01   9.2180655e+01
   6.9684267e+01  -1.3327698e+00
  -1.3812764e+02   1.5398560e+02
  -1.6713306e+02   2.1140506e+02
   9.1953090e+01   1.9726443e+00
   4.0698107e+01   3.1236311e+00
   5.5768295e+01   1.1709965e+00
  -9.7071253e+01   9.4881493e+01
   9.6245077e+01   2.9375237e+00
  -5.4776762e+01   2.0586853e+01
  -1.6898872e+02   2.0881442e+02
   1.5043582e+02   8.6983745e+00
  -4.1424240e+02   9.1420059e+02
   7.1408414e+01  -1.3122382e+00
   8.6469168e+01   9.9601838e-01
  -3.6834281e+02   7.6150601e+02
  -4.1238852e+02   9.0741131e+02
  -9.2851209e+01   8.8490865e+01
   1.4904549e+02   8.0798001e+00
  -2.9640964e+01   3.5740463e+01
  -1.4058176e+02   1.6023449e+02
  -1.2960446e+02   1.4002333e+02
  -3.3340781e+02   6.5383277e+02
  -3.2668588e+02   6.3219367e+02
  -2.9439616e+02   5.3789647e+02
   7.1893885e+01   1.1603879e+00
  -1.3065973e+02   1.4188237e+02
  -2.9147341e+02   5.2959083e+02
  -1.5539472e+02   1.8618369e+02
   3.3676044e+01   1.8178512e-01
  -2.6361881e+00   1.4918671e+01
   3.7821773e+01  -1.3372823e+00
   5.7687978e+01   1.3030416e+00
  -1.3237730e+02   1.4492036e+02
  -2.9351453e+02   5.3717634e+02
  -1.3435122e+02   1.4814237e+02
  -2.5175024e+02   4.2663330e+02
   4.1806628e+00   1.1525688e+01
   4.3754568e+01  -2.6177134e+00
  -1.6801264e+02   2.0765954e+02
  -5.7667709e+01   2.4862815e+01
  -1.2306987e+02   1.3124045e+02
   4.4753524e+01   2.2185202e+00
   5.5533605e+01   1.0247267e+00
   1.2889482e+02  -4.3471537e+00
  -2.9407938e+02   5.4013321e+02
  -1.3595177e+02   1.5239760e+02
   4.1398435e+01  -2.2908826e+00
  -3.0354610e+02   5.6439524e+02
  -2.7499563e+02   4.8659539e+02
  -6.0292281e+01   4.8903659e+01
  -1.4049862e+02   1.5680221e+02
   1.4348870e+02   4.3066444e+00
   1.2438669e+02  -6.9921720e+00
  -1.7951530e+01   2.4334160e+01
  -1.2113564e+02   1.2752703e+02
  -1.7875396e+02   2.3327429e+02
  -3.5620474e+02   7.2298752e+02
  -2.2367457e+02   3.5884994e+02
  -4.0047784e+01   2.8787281e+01
  -2.4028359e+02   3.9958086e+02
   7.6916852e+01  -1.0420035e+00
   1.0746510e+02   6.2837792e+00
   1.2027735e+02   1.1209956e+01
  -4.2266623e+01   2.9876366e+01
  -8.8455477e-01   1.4004544e+01
   8.0427909e+01  -4.5121105e-01
  -4.0015413e+02   8.6663353e+02
   3.1588369e+01   7.4354731e-01
  -1.1704582e+02   1.2157834e+02
  -1.4142714e+02   1.6271278e+02
  -7.7146843e+01   6.8555154e+01
   7.0685501e+01  -1.7826447e+00
  -1.5544948e+02   1.8601126e+02
  -1.0551862e+02   1.0515833e+02
  -6.8471374e+01   5.8080726e+01
  -3.6779400e+02   7.5708527e+02
  -2.8334394e+02   5.0712989e+02
  -2.1734751e+02   3.4474689e+02
   3.6339674e+01   3.4408021e+00
  -1.1622653e+02   1.1952304e+02
  -3.8206491e+02   8.1026999e+02
   7.3349278e+01   1.3699825e+00
   6.8958188e-01   1.3803653e+01
  -9.1219184e+01   8.6673498e+01
  -1.7394053e+02   2.2523514e+02
  -2.0713377e+02   2.9040722e+02
  -2.5271822e+02   4.2973748e+02
   4.5878038e+01  -3.6071330e+00
  -2.5912966e+02   4.4543052e+02
   6.9281307e+01   1.1204388e+00
  -2.6572089e+02   4.6212096e+02
  -2.1710867e+02   3.1517888e+02
  -3.2760148e+02   6.3331577e+02
  -2.2680655e+02   3.6704018e+02
  -5.1882440e+01   1.8469454e+01
