   1.1195599e+02   5.4536702e+00
  -3.7091443e+02   7.4318457e+02
   1.4244337e+02   2.1590258e+01
  -1.4503856e+02   1.7157981e+02
  -1.9045908e+02   2.5054522e+02
   4.2802018e+01  -1.8945356e+00
  -1.6371205e+02   2.0496488e+02
  -3.1559744e+02   5.7686800e+02
   2.7561557e+00   8.1686728e+00
  -4.4215791e+01   3.9377134e+01
  -4.6221641e+01   4.4700774e+01
  -1.7233232e+02   2.2544120e+02
  -3.9180131e+00   1.1513617e+01
  -1.4597732e+02   1.7363093e+02
  -2.6132913e+01   2.6292518e+01
  -1.0452096e+02   1.2758132e+02
  -3.9224746e+01   3.9638349e+01
  -3.7058288e+02   7.3987033e+02
  -2.3528954e+01   2.4405266e+01
  -8.4207608e+01   1.0899384e+02
   6.7772112e+01  -3.2244794e+00
  -3.5259584e+02   6.8503220e+02
  -2.5498420e+02   3.9638023e+02
  -1.3694747e+02   1.7651127e+02
  -2.0203332e+02   2.7861957e+02
   1.0562968e+02   3.1774658e+00
  -1.7590889e+02   2.3458021e+02
   1.0385814e+02   4.2293668e+00
  -1.9427961e+00   1.0680539e+01
  -1.6297340e+02   2.0341490e+02
  -9.0772113e+01   1.1733093e+02
  -1.2096419e+02   1.5199847e+02
  -3.1189185e+02   5.6273883e+02
  -2.9111142e+02   5.0850324e+02
  -3.3270838e+02   6.2544699e+02
  -3.5496309e+02   6.9078798e+02
  -3.7219259e+02   7.4604239e+02
  -9.8537432e+00   1.6049008e+01
  -2.9938038e+02   5.3044518e+02
  -2.9863329e+02   5.2687656e+02
  -1.8979964e+01   2.1575335e+01
  -3.5657924e+01   3.2766684e+01
   8.1450440e+01  -5.3095825e+00
  -9.1823579e+01   1.1843771e+02
  -4.4050769e+01   3.9192501e+01
  -1.7418873e+02   2.2976648e+02
  -3.8126177e+00   1.2928073e+01
  -2.8242476e+02   4.8366332e+02
  -3.4504080e+02   6.6097871e+02
  -2.7628680e+00   1.0991546e+01
  -3.4090357e+02   6.4853724e+02
  -1.9162602e+02   2.5257851e+02
   5.2568482e+01  -2.8930256e+00
  -1.7555596e+02   2.3413907e+02
  -7.5573294e+01   9.6970529e+01
   7.9071906e+01  -5.4365787e+00
   1.0512060e+02   4.2354563e+00
   1.1240758e+02   5.8652534e+00
   1.0518019e+02   3.2110898e+00
  -1.0547291e+02   1.2871660e+02
   2.2631294e+01   1.6009122e+00
   8.1535173e+01  -4.8965007e+00
  -2.5840857e+02   4.0511627e+02
  -8.6209331e+01   8.7909918e+01
  -6.4228523e+01   6.1970921e+01
  -6.1060941e+01   5.8380630e+01
  -7.2567382e+01   9.2931298e+01
  -2.9517018e+02   5.1787172e+02
  -1.2300487e+02   1.5411299e+02
  -6.5367726e+00   1.2963580e+01
  -3.6428112e+02   7.1894968e+02
  -2.5164134e+02   3.8893608e+02
  -1.6715089e+02   2.1165410e+02
  -3.3007410e+02   6.1845846e+02
   3.1405205e+00   8.4942729e+00
  -7.1550517e+01   9.2441462e+01
  -1.6093513e+01   1.9790214e+01
   2.3456943e+01   1.9993202e-01
  -1.9980212e+02   2.7459411e+02
  -1.0599001e+02   1.2951635e+02
   4.7218638e+01  -2.5328847e+00
   9.4433079e+01   1.3875763e+00
  -3.0688832e+02   5.5128775e+02
   5.0963345e+01  -2.6009083e+00
  -8.6595744e+01   1.1168849e+02
  -7.3971043e+00   1.3220127e+01
  -4.6592868e+01   4.1202147e+01
  -3.2695497e+02   6.0910655e+02
  -3.7686440e+01   3.4467127e+01
  -8.1625405e+00   1.5230278e+01
  -8.1466311e+01   8.2702587e+01
  -3.9097548e+01   3.5335749e+01
  -2.5400319e+02   3.9498054e+02
  -2.3383658e+02   3.4641284e+02
  -2.6640572e+02   4.4242719e+02
  -3.4034831e+01   3.1530155e+01
  -1.8768766e+02   2.5338528e+02
   1.1663918e+02   7.6060032e+00
   9.4598340e+01   1.2069730e+00
   6.3991360e+01  -3.1563403e+00
  -2.3201554e+02   3.4181802e+02
  -2.7557725e+02   4.6642649e+02
   1.2103542e+02   9.9155552e+00
  -2.9420242e+02   5.1549707e+02
   1.4160854e+02   2.1064160e+01
   1.3307351e+01   4.1462100e+00
  -6.4252147e+01   6.1702688e+01
  -3.7630945e+02   7.5576722e+02
  -3.8062584e+02   7.7159390e+02
  -2.9308093e+02   5.1260151e+02
   9.4580872e+01   1.2730668e+00
  -3.0578522e+02   5.4618704e+02
   1.2715903e+02   1.3008936e+01
  -7.7476965e+01   1.0002485e+02
  -2.5864541e+02   4.0585410e+02
  -8.1092315e+01   1.0409393e+02
  -7.1343633e+01   6.9484006e+01
   5.5751354e+01  -2.8750215e+00
  -3.2947255e+02   6.1394589e+02
   8.8163059e+01  -3.4321600e-01
  -1.0944104e+02   1.3451521e+02
  -2.6322133e+02   4.3482833e+02
  -1.8613703e+02   2.4163720e+02
  -7.2193927e+01   7.2092165e+01
  -6.3469840e+01   6.1040839e+01
   4.2613043e+01  -1.8803580e+00
   3.8527962e+01  -1.3653694e+00
   6.2254376e+01  -3.2119711e+00
  -2.8733224e+02   4.9770183e+02
  -1.5281533e+02   1.8595980e+02
  -3.1898267e+02   5.8561096e+02
  -8.4591264e+01   8.5802370e+01
  -1.5456988e+02   1.8885743e+02
   1.0493746e+02   3.2606444e+00
  -2.7371650e+02   4.6178738e+02
  -3.2415320e+02   6.0066244e+02
  -2.3162915e+02   3.4167833e+02
   1.2542527e+02   1.1791116e+01
  -8.8155208e+01   8.9868806e+01
   5.0143137e+01  -2.6118455e+00
  -3.3371911e+02   6.2718383e+02
   7.1886923e+01  -4.3165035e+00
  -3.2298536e+02   5.9505647e+02
  -1.8681808e+00   1.1841011e+01
  -1.7293049e+02   2.2618979e+02
  -3.0755818e+02   5.5159579e+02
  -1.8837928e+02   2.5485040e+02
  -2.7158477e+02   4.5649948e+02
  -7.3417780e+01   7.1150748e+01
   2.5251289e+01  -2.8721450e-01
  -1.3797370e+02   1.7806249e+02
  -9.2722081e+01   1.2052400e+02
  -8.5618537e+01   8.7056863e+01
   2.3200697e+01   5.1126471e-01
  -1.8644128e+00   1.0215939e+01
  -2.2586872e+00   1.0720000e+01
   1.2056251e+02   9.7729910e+00
  -6.8784023e+01   6.6479685e+01
  -3.0402356e+02   5.4236674e+02
  -9.4074514e+01   1.0537225e+02
   4.2256887e+01  -1.9959276e+00
  -3.7864045e+02   7.6663528e+02
  -3.0933078e+02   5.5687627e+02
   1.0789288e+02   3.7949933e+00
   1.0693406e+02   5.1885539e+00
  -1.1025567e+02   1.3482269e+02
  -3.7061563e+02   7.4312610e+02
  -3.1828189e+02   5.8198589e+02
  -9.9748046e+00   1.6406307e+01
   8.3392019e+01  -1.2727973e+00
   3.7487567e+01  -1.2259057e+00
   1.5712368e+01   3.2761722e+00
  -7.5929723e+01   9.7865050e+01
  -1.7665979e+02   2.3362437e+02
  -3.7283872e+02   7.4727806e+02
   6.0185559e+01  -3.0686279e+00
  -2.7507558e+02   4.6465215e+02
   4.1346340e+01  -1.8022648e+00
   6.5896694e+01  -2.8958163e+00
   1.2948380e+02   1.4167194e+01
   2.9138066e+00   8.2707949e+00
   1.0218992e+02   3.3632040e+00
  -5.0230825e+01   4.8320200e+01
  -1.1350805e+01   1.6966903e+01
  -1.4656864e+02   1.7400896e+02
  -1.7726869e+02   2.3742172e+02
  -2.8717108e+02   4.9719745e+02
   2.1809724e+01   1.0406191e+00
  -1.2330263e+02   1.5546352e+02
  -6.1915184e+01   5.9184289e+01
  -1.2866263e+02   1.6389422e+02
  -2.7020706e+02   4.5169467e+02
  -9.5782604e+01   1.0686876e+02
  -2.6045301e+02   4.2660062e+02
  -3.7489044e+02   7.5455359e+02
  -2.6219518e+02   4.3182230e+02
  -2.4823505e+02   3.8112871e+02
  -2.2153281e+02   3.2164178e+02
  -3.4978886e+00   1.2809615e+01
  -3.4441168e+02   6.5878545e+02
   1.7195754e+01   2.5381470e+00
   3.3310740e+01  -6.0760686e-01
  -2.5852809e+02   4.2272212e+02
  -7.1819202e+01   7.1349959e+01
   1.4539864e+01   3.5551612e+00
  -2.1899209e+01   2.3591055e+01
  -1.9197177e+02   2.6204392e+02
   6.9663009e+01  -6.4373778e+00
  -2.6424328e+02   4.3701031e+02
  -6.5179243e+01   6.2629284e+01
  -2.2327015e+02   3.2575150e+02
  -4.0751809e+01   4.0936332e+01
  -6.9511409e+01   8.9100487e+01
  -4.0842858e+01   4.0910676e+01
  -6.5256656e+01   6.2893710e+01
   2.1462765e+01   1.1110426e+00
  -9.3000755e+01   1.2094808e+02
  -3.7762548e+02   7.6384394e+02
   7.0127563e+01  -4.3790271e+00
  -2.8831070e+02   4.9851809e+02
  -9.3325304e+01   9.5981975e+01
  -1.9971098e+02   2.7474508e+02
   2.6654997e+01  -5.7420045e-01
  -1.9752591e+01   2.2169559e+01
  -4.3816805e+01   4.2759614e+01
  -4.0990203e+00   1.3039840e+01
  -2.3320859e+02   3.4459300e+02
  -2.2649833e+02   3.3375836e+02
  -3.6621884e+02   7.2590927e+02
  -1.2348766e+02   1.5562932e+02
  -7.8507828e+01   7.8617775e+01
   2.7746063e+01   7.2043611e-01
  -3.0337016e+02   5.4135752e+02
   1.2637329e+02   1.2144647e+01
  -3.5217181e+02   6.8296599e+02
  -1.0946124e+02   1.3396358e+02
  -2.9832039e+02   5.2598506e+02
  -1.5975328e+02   1.9758710e+02
  -1.1752675e+02   1.4553453e+02
  -2.6069951e+02   4.2713858e+02
  -2.7285843e+02   4.6003703e+02
  -3.8434984e+02   7.8696636e+02
  -3.0548915e+02   5.4545229e+02
   7.3949810e+01  -6.4309438e+00
  -3.2506574e+02   6.0013640e+02
  -6.7236587e+01   6.4836833e+01
  -8.5160251e+00   1.5333845e+01
   3.0963409e+01  -2.1349057e-01
  -2.5786527e+02   4.0408350e+02
   6.6668337e+01  -4.9456990e+00
   2.1082675e+01   1.1828257e+00
   6.1755155e+01  -3.2174158e+00
  -2.6987975e+02   4.5173792e+02
  -3.5352878e+02   6.8764700e+02
  -2.5904594e+02   4.0683978e+02
  -2.8251957e+01   2.7597810e+01
   1.2242058e+02   1.0468535e+01
  -7.3924100e+01   9.5281284e+01
   4.5259409e+01  -2.4804999e+00
  -3.5115587e+02   6.7914542e+02
  -1.6544882e+02   2.0809821e+02
  -7.4417587e+01   7.2439083e+01
  -1.8036193e+02   2.4242173e+02
  -7.6917733e+01   9.9126804e+01
   7.0236950e+01  -4.6796892e-01
   8.2430113e+01  -1.7786199e+00
   1.0940283e+02   4.7510027e+00
   1.0282420e+01   5.2535491e+00
  -1.8667871e+01   2.1388342e+01
  -2.7522546e+02   4.6479014e+02
  -2.6696627e+02   4.4326184e+02
  -2.0207844e+02   2.7896805e+02
   1.0421461e+02   3.9892802e+00
   7.1902050e+01  -6.3694372e+00
  -4.3652659e+01   4.2581905e+01
  -2.6860904e+02   4.4846117e+02
  -8.9243864e+01   9.1189764e+01
   4.7500526e+01  -2.4402610e+00
  -2.0532695e+02   2.8626936e+02
  -1.8851674e+02   2.4605257e+02
  -2.4625485e+02   3.7659496e+02
  -2.0000159e+02   2.7494868e+02
  -3.4476418e+02   6.5904655e+02
  -3.0606969e+02   5.4817534e+02
  -2.4147714e+02   3.6424952e+02
  -3.6423084e+02   7.2161288e+02
  -2.4670975e+02   3.7668362e+02
   8.8588228e+01  -4.3567479e-01
  -1.1837870e+02   1.4736770e+02
  -1.3518077e+02   1.7416851e+02
  -8.8508059e+01   1.1386832e+02
  -5.8274633e+01   5.5847895e+01
   2.8298140e+01   2.4080912e-01
  -1.1554122e+02   1.4283338e+02
  -2.6258900e+02   4.3315906e+02
  -2.3041522e+02   3.3855205e+02
  -1.2075283e+02   1.5047387e+02
   1.2157079e+02   1.0381272e+01
  -1.7496899e+02   2.2539274e+02
  -9.8859718e+01   1.1848546e+02
  -8.5213079e+01   8.6263834e+01
  -7.9892816e+01   8.0757849e+01
  -1.4635775e+01   1.9154684e+01
  -3.6541475e+02   7.2615824e+02
  -7.6486504e+01   9.8481540e+01
  -5.8409469e+01   5.6292078e+01
   6.7177523e+01  -4.6896695e+00
   6.5519138e+01  -3.1079980e+00
  -1.0700415e+01   1.6544545e+01
  -2.8584377e+02   4.9245685e+02
  -2.5473147e+02   3.9586195e+02
  -4.3584131e+01   4.2122726e+01
   2.6757573e+01   8.7800417e-01
  -1.2023402e+02   1.5001795e+02
   9.0538302e+01   1.0325186e-01
  -9.2253152e+01   1.1927916e+02
   1.2496611e+01   4.5036164e+00
  -8.1253318e+01   8.1770680e+01
  -1.1871854e+02   1.4700754e+02
   1.2804566e+01   4.1079685e+00
  -2.9148609e+02   5.0767711e+02
  -2.3963869e+02   3.6070764e+02
  -9.3702846e+01   9.6301388e+01
  -3.8395506e+02   7.8264121e+02
   2.7895794e+01  -1.1405280e+00
   3.0337237e+01  -1.0094565e-01
  -2.2366614e+02   3.2721920e+02
   1.6693488e+00   8.7434693e+00
  -1.1612306e+02   1.4301474e+02
   9.7174477e+01   1.9260997e+00
   1.2792883e+02   1.3377592e+01
  -2.3303629e+02   3.4437990e+02
  -2.3593102e+02   3.5106983e+02
  -1.4098156e+02   1.8372349e+02
  -3.5058748e+02   6.7734252e+02
  -3.5455307e+02   6.9044900e+02
  -2.6398301e+02   4.3622560e+02
  -2.7073701e+01   2.6822455e+01
  -3.7420646e+02   7.5327232e+02
  -4.1420176e+01   4.1483677e+01
  -8.1995590e+01   8.2960588e+01
  -1.6854944e+02   2.1383063e+02
  -3.8491698e+02   7.8604172e+02
  -1.5872240e+02   1.9597781e+02
  -3.3686410e+02   6.3722141e+02
  -3.2781130e+01   3.0965344e+01
   1.8726581e+01   1.7548939e+00
   4.2692764e+01  -1.8261746e+00
  -8.6442404e+01   8.7223664e+01
   1.2030947e+02   9.6281194e+00
   1.0827834e+02   4.4065695e+00
  -3.5056369e+02   6.8027307e+02
  -2.4308130e+02   3.6815961e+02
  -5.2268938e+01   5.0265675e+01
  -3.1325640e+02   5.6817685e+02
  -1.8884195e+02   2.5586861e+02
  -3.3300689e+02   6.2590532e+02
  -1.2442485e+02   1.5560092e+02
  -3.3084557e+02   6.2011761e+02
  -3.7791755e+02   7.6306274e+02
  -3.4318845e+02   6.5804373e+02
  -3.8590974e+01   3.9144559e+01
   1.2579092e+02   1.2295793e+01
   5.1089731e+01  -2.8311822e+00
  -1.8536001e+02   2.4825404e+02
  -5.5666820e+01   5.3746201e+01
   7.4760059e+00   6.3526702e+00
  -1.8463301e+02   2.4685780e+02
  -3.2085352e+02   5.9042990e+02
  -3.6584974e+02   7.2326940e+02
  -6.5968021e+00   1.2824042e+01
  -7.3265715e+01   7.2654911e+01
  -2.2598688e+02   3.3246012e+02
  -9.3675998e+01   9.6486434e+01
  -3.2646492e+02   6.0658007e+02
  -3.9137169e+01   3.5248877e+01
  -1.6280135e+02   2.0279763e+02
  -9.2865510e+01   1.2063989e+02
   3.4407418e+01  -2.5930937e+00
  -7.5836852e+00   1.5147106e+01
  -1.8702240e+02   2.4295665e+02
  -8.9605049e+01   1.1552108e+02
  -2.9609367e+02   5.2120129e+02
   6.8006758e+01  -3.1803479e+00
  -5.3783423e+01   5.1221722e+01
  -1.8931686e+02   2.5702534e+02
   2.8416856e+01  -1.1185694e+00
  -1.6666689e+02   2.0974624e+02
  -2.8671972e+02   4.9567923e+02
   8.5535696e+01  -7.5839781e-01
  -1.0090167e+02   1.2145346e+02
  -2.9586168e+01   2.8184872e+01
   2.8958590e+01  -1.3526166e+00
   9.9334257e+01   2.7775443e+00
  -1.9091799e+02   2.6015781e+02
  -2.3312650e+02   3.4420646e+02
  -3.8704329e+02   7.9274198e+02
  -2.6166633e+02   4.3103806e+02
  -3.8346138e+02   7.8015470e+02
   1.0436114e+02   2.8220957e+00
  -2.5188647e+02   3.8908933e+02
  -2.7542909e+02   4.6527049e+02
  -7.1904713e+00   1.2947954e+01
  -2.8310435e+02   4.8436013e+02
  -2.6822498e+02   4.4637909e+02
  -3.5751582e+02   6.9845378e+02
  -3.5060316e+02   6.7849801e+02
  -2.4028606e+02   3.6120161e+02
   1.0381115e+02   2.7799793e+00
   3.9989088e+01  -1.6986874e+00
  -7.0771778e+01   9.0949373e+01
  -1.4255393e+02   1.6810455e+02
  -3.0483404e+02   5.4396054e+02
  -2.7339376e+02   4.6061743e+02
  -1.9416250e+02   2.6642023e+02
  -1.1631219e+02   1.4449968e+02
  -3.8233319e+02   7.8099555e+02
   1.3262519e+02   1.5815657e+01
  -9.0395167e+01   1.1711472e+02
  -2.2678235e+02   3.3404443e+02
  -1.1476063e+02   1.4201157e+02
  -1.0119376e+02   1.2165871e+02
   6.6766683e+01  -4.8213893e+00
  -3.1411602e+02   5.7164836e+02
  -1.8534354e+02   2.3930092e+02
  -3.9693461e+01   3.5894006e+01
  -9.1737345e+01   1.1820974e+02
  -3.7975044e+02   7.6919882e+02
  -2.4390884e+02   3.7001986e+02
   8.0306132e+01  -2.2555073e+00
  -4.2144546e+01   3.7844178e+01
  -6.5476118e+01   6.2985608e+01
  -3.5068833e+02   6.7823395e+02
   5.7369062e+01  -3.1870619e+00
  -1.2668916e+02   1.5959407e+02
  -1.6571085e+02   2.0841718e+02
  -3.5368609e+02   6.8741011e+02
   5.0830364e+01  -2.4366590e+00
   7.1691112e+01  -6.4627027e+00
  -3.2475636e+02   6.0178805e+02
   3.1278887e+01  -2.0477336e+00
   1.1022564e+02   6.1544404e+00
   2.6415298e+01  -5.4335974e-01
  -2.9658211e+02   5.2083600e+02
  -8.3543021e+01   8.4199173e+01
  -1.9165808e+02   2.5216726e+02
   9.8742731e+01   2.2266405e+00
  -3.3308777e+01   3.1064771e+01
  -3.3554328e+02   6.3256158e+02
  -2.9945532e+02   5.3093958e+02
   2.7797443e+01  -7.9938206e-01
  -8.1200367e+01   1.0409578e+02
   3.8481265e+01  -1.5227267e+00
  -4.0955812e+01   3.6516088e+01
  -1.3438346e+02   1.7318509e+02
  -3.8572691e+02   7.8767157e+02
   1.1208231e+02   5.7417566e+00
  -2.0197118e+02   2.7896237e+02
   8.3054909e+01  -5.0103727e+00
  -6.5627855e+00   1.4235050e+01
   9.6944975e+01   1.8846077e+00
  -1.4868631e+02   1.7815239e+02
  -6.3765878e+01   6.1413270e+01
  -2.6467251e+02   4.3880900e+02
  -1.5381734e+02   1.8679689e+02
  -3.5872785e+02   7.0298800e+02
  -1.1965423e+02   1.5014238e+02
  -2.2663628e+02   3.3329144e+02
  -2.1931778e+02   3.1736593e+02
   1.4004831e+02   2.0211446e+01
   1.0744645e+02   3.9295461e+00
  -1.4206788e+02   1.8463512e+02
  -1.8300628e+02   2.3397559e+02
  -1.3986530e+02   1.8158421e+02
  -7.8146396e+01   1.0039068e+02
  -7.1624737e+01   6.9631150e+01
  -1.8814228e+02   2.4526150e+02
   1.0680577e+02   4.8363941e+00
  -4.5075122e+01   4.3882808e+01
  -3.3773429e+02   6.4127990e+02
  -1.8778904e+02   2.4452148e+02
  -2.6949117e+02   4.5018545e+02
  -7.9805955e+01   8.0055971e+01
  -2.6252331e+01   2.6133329e+01
  -4.0500047e+01   3.6728418e+01
  -3.5188945e+02   6.8276876e+02
  -1.4442420e+01   1.8894840e+01
   3.5043147e+01  -8.3024958e-01
  -1.5130357e+02   1.8206329e+02
  -3.7956709e+02   7.7098624e+02
  -1.6613709e+00   1.0613219e+01
   6.2898784e+01  -3.2404174e+00
  -7.8040924e+01   7.7704847e+01
  -2.1594583e+02   3.0973784e+02
  -2.4532612e+02   3.7321724e+02
   1.1675159e+02   7.7454818e+00
   3.2751511e+01  -4.0051329e-01
  -7.1305387e+01   7.0862080e+01
  -1.8331208e+02   2.4422566e+02
   1.3593109e+02   1.7859343e+01
  -1.5864510e+02   1.9564881e+02
  -4.0629290e+01   3.6763424e+01
  -3.5831381e+02   7.0128483e+02
  -1.2033808e+02   1.5119253e+02
  -7.4216311e+01   7.4002644e+01
  -2.3874612e+02   3.5848188e+02
  -2.3011693e+02   3.3816004e+02
   1.2298909e+02   1.0953742e+01
  -1.8716879e+02   2.5229956e+02
  -1.7662879e+02   2.3391022e+02
  -3.0919663e+02   5.5661417e+02
  -1.0400588e+02   1.2543346e+02
  -2.6833968e+02   4.4766940e+02
  -3.5323290e+02   6.8773739e+02
  -8.8913993e+01   1.1445787e+02
  -2.2304363e+02   3.2553892e+02
  -3.5132068e+02   6.7982643e+02
  -4.3689151e+01   3.8734650e+01
  -4.1969386e+01   4.1135963e+01
  -1.3634012e+02   1.7529633e+02
  -1.9008684e+02   2.4840892e+02
  -2.6457463e+02   4.3692266e+02
  -9.9397101e+01   1.1878660e+02
  -1.4179986e+02   1.8457122e+02
  -2.6994544e+02   4.5087219e+02
  -4.4531179e+01   4.3063011e+01
  -1.4457230e+02   1.7106171e+02
  -3.3715272e+02   6.3775246e+02
  -1.1101941e+01   1.6964388e+01
  -1.6911420e+02   2.1429153e+02
  -2.5460536e+02   3.9676298e+02
  -2.0292937e+02   2.8115272e+02
  -1.0030880e+02   1.1947238e+02
  -2.4401720e+02   3.7073292e+02
  -2.5772265e+01   2.5853230e+01
  -2.0696055e+02   2.8972737e+02
   5.7326744e+01  -2.9725214e+00
  -3.3247167e+02   6.2305747e+02
   4.7316827e+01  -2.6461485e+00
   9.4140294e+01   1.1737300e+00
  -2.0748490e+02   2.9050090e+02
  -8.8590954e+01   9.0517087e+01
   1.0210298e+02   3.5104646e+00
   8.4593387e+01  -1.1511684e+00
   1.0628684e+02   4.6746755e+00
  -4.1343037e+01   3.6939851e+01
  -2.9251081e+02   5.0961935e+02
  -2.3646673e+02   3.5248678e+02
  -3.3559296e+00   1.1197113e+01
  -1.7551868e+02   2.3376223e+02
   1.3699674e+02   1.8588651e+01
   2.6488294e+01  -3.8067355e-01
   1.1010889e+02   4.8389075e+00
   1.0899437e+02   6.1239815e+00
  -3.4283113e+00   1.2659588e+01
  -4.3279392e+01   3.8401316e+01
  -2.8463114e+02   4.9065324e+02
  -2.4466331e+02   3.7150342e+02
   2.9585667e+01  -1.2929467e+00
   1.2062491e+02   9.5272675e+00
  -3.7171558e+02   7.4561624e+02
   1.3247912e+02   1.5522647e+01
  -1.5333212e+01   1.9380811e+01
  -2.5486678e+02   3.9632219e+02
  -2.8002496e+02   4.7762463e+02
   8.7512957e+01  -9.6182851e-01
  -2.9457191e+01   2.8353951e+01
  -4.8360520e+01   4.6614158e+01
  -8.8997956e+01   9.0702332e+01
   1.3775973e+02   1.8646318e+01
  -3.4448151e+01   3.1635207e+01
   1.2052191e+02   9.6493155e+00
   1.4692806e+01   3.3301180e+00
   1.2933297e+02   1.4023018e+01
  -2.5477916e+02   3.9600333e+02
  -2.6520828e+02   4.3899069e+02
  -1.5213539e+02   1.8442142e+02
  -3.8657581e+02   7.9236022e+02
   8.1845800e+01  -1.5854290e+00
  -2.5805273e+02   4.0459375e+02
   2.8212119e+01  -1.1028123e+00
   3.7056575e+01  -1.2120444e+00
  -1.2982243e+02   1.6498541e+02
  -1.8420889e+02   2.3776570e+02
  -3.6860409e+02   7.3441283e+02
  -1.3522349e+02   1.7307651e+02
   3.4980695e+01  -1.1331728e+00
  -3.5367033e+02   6.8646980e+02
   6.3652020e+01  -3.2689857e+00
  -6.3769833e+01   6.1574784e+01
  -2.6063968e+02   4.1062287e+02
  -3.1580290e+02   5.7387743e+02
  -3.6994894e+02   7.3936045e+02
  -2.4085033e+02   3.6326091e+02
  -3.5948915e+02   7.0411058e+02
  -2.9896326e+02   5.2805468e+02
  -3.6177307e+02   7.1204123e+02
  -3.7390144e+01   3.3877507e+01
  -3.0561018e+02   5.4688878e+02
  -2.1641528e+02   3.1001685e+02
  -9.0195374e+01   1.1608382e+02
  -7.1230442e+01   9.2239544e+01
  -1.4292650e+02   1.6836789e+02
  -2.6263239e+02   4.3266539e+02
  -3.4129478e+02   6.5038485e+02
   9.8504771e+01   2.4966395e+00
  -1.8251014e+01   2.1019469e+01
   6.2478244e+01  -2.9758030e+00
  -2.0407236e+02   2.8364675e+02
  -3.1979644e+02   5.8696862e+02
  -2.8234237e+02   4.8443767e+02
  -2.6662431e+02   4.4343035e+02
  -2.4421033e+02   3.7045562e+02
   1.2969555e+02   1.4169730e+01
   4.3503308e-02   9.7924414e+00
   1.2057484e+02   9.5184665e+00
  -2.8946430e+02   5.0205007e+02
  -2.1456767e+02   3.0670469e+02
  -3.0125176e+02   5.3396231e+02
   1.4157258e+02   2.1280006e+01
  -2.7833982e+00   1.0935039e+01
  -2.4244826e+01   2.4970908e+01
  -9.7955149e+01   1.1831681e+02
  -7.8610185e+01   1.0100486e+02
  -2.9976817e+02   5.2920548e+02
   8.1601337e+01  -5.2280902e+00
  -3.8264156e+02   7.8112362e+02
  -3.1814246e+02   5.8346092e+02
  -3.1849125e+02   5.8292754e+02
  -1.8898778e+02   2.5558700e+02
   6.8226262e+01  -4.3417842e+00
  -7.4039417e+01   7.2148047e+01
  -2.5866643e+02   4.2347502e+02
  -2.2406298e+02   3.2751573e+02
  -2.9792626e+02   5.2606295e+02
   8.0786973e+01  -5.3103331e+00
  -3.3127986e+02   6.2147456e+02
   1.7953649e+01   2.1990597e+00
   1.4280872e+02   2.1768330e+01
   9.3651128e+01   9.2631830e-01
   6.3394165e+01  -3.0273063e+00
   8.5237591e+01  -1.0823547e+00
   6.8820392e+01  -4.6468018e+00
  -2.0957068e+02   2.9561237e+02
  -3.2892680e+02   6.1154024e+02
  -8.8555368e+01   1.1353783e+02
  -2.5832773e+01   2.6080210e+01
  -7.4488761e+01   7.2162746e+01
  -1.4471445e+02   1.7117918e+02
  -3.1030409e+02   5.6045685e+02
  -3.4549035e+02   6.6195031e+02
   1.1842888e+02   8.6184074e+00
  -3.2940510e+00   1.2362633e+01
  -5.7000562e+01   5.4706932e+01
  -1.9078996e+02   2.5929425e+02
  -2.9890068e+01   2.8842792e+01
   9.4592327e+01   1.1332501e+00
  -1.1325152e+02   1.3922152e+02
  -3.1032320e+02   5.6087393e+02
  -1.7388321e+02   2.2350798e+02
  -2.8558811e+02   4.9280250e+02
  -2.5290317e+02   3.9108513e+02
  -3.8186603e+02   7.7747462e+02
   1.0698306e+02   3.3447468e+00
  -1.7109282e+02   2.1886167e+02
  -1.1142687e+02   1.3686168e+02
  -9.9059723e+01   1.1880540e+02
  -2.4934883e+02   3.8347416e+02
  -3.3159329e+02   6.2064970e+02
  -3.7469989e+02   7.5421619e+02
  -1.1299637e+02   1.3987332e+02
  -1.7782456e+02   2.3859054e+02
   1.2584548e+02   1.2206723e+01
  -2.8208588e+01   2.7832754e+01
  -2.2778307e+02   3.3590647e+02
  -2.6140740e+02   4.3006813e+02
   5.6714044e+00   6.9871639e+00
  -2.0507037e+02   2.8564830e+02
  -1.3869828e+02   1.7941665e+02
  -1.1996681e+02   1.5010264e+02
  -1.0891764e+02   1.3351231e+02
  -3.5949016e+02   7.0683197e+02
  -2.6362014e+01   2.6461702e+01
  -1.0058369e+02   1.2138199e+02
  -1.7553168e+02   2.2680150e+02
  -7.3676590e+01   7.3806389e+01
  -1.0346916e+02   1.2582139e+02
  -4.8683247e+01   4.2612449e+01
  -1.1499595e+02   1.4211641e+02
  -2.2514138e+02   3.3024226e+02
   1.4026186e+02   2.0069677e+01
  -3.5673019e+02   6.9781112e+02
  -2.6342062e+02   4.3479782e+02
  -1.7205857e+02   2.2039511e+02
  -9.2350810e+01   1.1896091e+02
   1.2176632e+02   1.0054851e+01
  -1.5318290e+02   1.8606722e+02
   1.6256491e+01   2.9794101e+00
  -2.9805628e+02   5.2620151e+02
   1.3565977e+02   1.7704167e+01
   1.4161245e+02   2.1198840e+01
  -1.0343957e+02   1.2565609e+02
   1.1317755e+02   5.8158872e+00
  -1.8608735e+02   2.5055538e+02
   3.6057612e+01  -1.2151325e+00
   1.2995079e+02   1.4287686e+01
  -4.8590754e+00   1.3303609e+01
  -3.2430052e+02   5.9908897e+02
   5.9829934e+01  -2.9333987e+00
  -3.3180591e+02   6.2152271e+02
  -2.0667000e+02   2.8967199e+02
  -3.8566753e+01   3.8308074e+01
   7.5595004e+01  -6.0543404e+00
  -3.8426109e+01   3.4808703e+01
  -4.9640502e+01   4.8167336e+01
   4.3549108e+00   7.7584033e+00
  -1.6300923e+02   2.0424784e+02
  -2.8863118e+02   5.0031487e+02
   6.7380080e+01  -2.8375661e+00
   8.0759514e+01  -2.0214482e+00
  -9.2821754e+01   1.2031634e+02
  -1.8294338e+00   1.0815002e+01
  -8.3629494e+01   8.4604283e+01
  -3.7559476e+00   1.2857631e+01
  -6.4068966e+00   1.4347295e+01
   3.3989090e+01  -1.0138052e+00
  -3.6736948e+02   7.2991724e+02
   9.9547529e+01   2.6360876e+00
  -3.0883790e+02   5.5780062e+02
   6.8713910e+00   6.8036466e+00
   1.1019613e+02   4.8025199e+00
   1.0999450e+02   4.6615547e+00
  -3.0783034e+02   5.5317205e+02
  -1.8953680e+02   2.4774479e+02
   3.0256291e+01  -1.7199524e+00
  -1.8410370e+01   2.1293669e+01
  -1.3984911e+02   1.8141554e+02
  -7.9826300e+01   7.9478093e+01
  -1.4015769e+02   1.8297206e+02
  -7.9248793e+01   1.0158975e+02
   1.4105067e+02   2.0585133e+01
  -1.8533868e+02   2.4008527e+02
  -9.6302184e+01   1.2481389e+02
  -2.2221507e+02   3.2388037e+02
  -1.2275947e+02   1.5420754e+02
  -8.3291817e+01   8.4718946e+01
  -2.5976956e+02   4.2568356e+02
  -1.6592060e+02   2.0922240e+02
  -7.3527198e+01   9.4441327e+01
   4.2308403e+01  -1.9508693e+00
   2.8907147e+01   3.5667217e-01
  -3.8318596e+02   7.8072003e+02
  -2.2460962e+02   3.2929325e+02
  -2.4795179e+02   3.7979086e+02
  -3.8169225e+02   7.7386633e+02
  -3.2953703e+02   6.1514725e+02
  -2.6086306e+00   1.2261365e+01
  -1.5408072e+02   1.8794731e+02
  -9.3821582e+01   1.0537781e+02
  -2.3324083e+02   3.4517345e+02
   1.3415038e+02   1.6334635e+01
  -2.9423151e+02   5.1441109e+02
   3.7256715e+01  -1.2952989e+00
   1.0607793e+02   4.5782939e+00
  -2.5968270e+02   4.0823337e+02
  -2.9590143e+02   5.2024264e+02
   4.1027950e+01  -1.5454079e+00
  -2.6415432e+02   4.3676614e+02
  -2.7875850e+02   4.7355202e+02
  -1.0275769e+02   1.2329337e+02
  -7.9334553e+01   7.9827779e+01
   5.8213661e+00   6.9370793e+00
   1.1825864e+02   8.2691382e+00
  -1.4997463e+02   1.8060524e+02
  -2.5039496e+02   3.8603859e+02
   8.7776876e+01  -6.7433783e-02
   1.2284222e+02   1.0890880e+01
  -1.7464891e+02   2.2454388e+02
  -3.3655525e+02   6.3698226e+02
   1.4041446e+02   2.0267426e+01
  -2.7131274e+02   4.5554211e+02
  -1.9067166e+02   2.5926823e+02
  -1.7154941e+02   2.1985271e+02
   3.8451423e+01  -1.4324190e+00
   6.8981516e+01  -3.0437294e-01
  -1.1796750e+02   1.4653643e+02
  -1.5528533e+02   1.8999539e+02
  -9.0353080e+01   9.2758466e+01
  -1.7438595e+01   2.0562647e+01
  -4.5212467e+01   4.4109007e+01
   8.2123096e+01  -4.9682081e+00
  -5.4106851e+01   5.1672746e+01
  -1.2302688e+02   1.5400170e+02
   9.5821478e+01   1.4743294e+00
  -1.4178665e+02   1.8528738e+02
  -1.7374862e+02   2.2784606e+02
   2.5184807e+01   1.0364976e+00
  -3.1213378e+02   5.6564404e+02
  -5.9677080e+01   5.7040532e+01
  -2.3405515e+02   3.4659006e+02
   6.5410356e+01  -3.3470746e+00
  -9.3821329e+01   1.0519567e+02
  -3.3766650e+02   6.3943735e+02
  -3.4938434e+02   6.7437801e+02
  -3.2384542e+01   3.0482713e+01
  -1.2915088e+02   1.6419245e+02
  -2.1479015e+02   3.0703595e+02
  -7.3009303e+01   7.2627957e+01
  -2.1553358e+02   3.0839092e+02
  -2.8904302e+02   5.0189600e+02
  -8.3340461e+01   8.3882564e+01
  -3.4737124e+01   3.2151751e+01
  -3.1684467e+02   5.7744231e+02
  -3.5027981e+02   6.7784808e+02
  -2.6603043e+02   4.4137044e+02
  -2.3246627e+02   3.4305400e+02
  -3.2118010e+02   5.8977224e+02
  -2.5585761e+02   3.9901895e+02
  -3.6435881e+02   7.2014702e+02
  -3.7300845e+02   7.4548832e+02
  -1.6086674e+02   1.9972667e+02
  -3.2678420e+02   6.0825116e+02
  -4.9978661e+00   1.1864708e+01
  -3.0697905e+02   5.5097186e+02
  -1.9209202e+02   2.5242596e+02
  -1.2911067e+02   1.6487264e+02
  -5.0257265e+01   4.8124213e+01
  -1.9180342e+02   2.6145253e+02
  -8.8044146e+01   1.1381433e+02
  -3.3840373e+02   6.4105032e+02
  -1.7486981e+02   2.3075700e+02
  -3.2060264e+02   5.9056241e+02
   1.3091165e+02   1.5206922e+01
  -2.7538054e+02   4.6474912e+02
  -4.1577634e+01   4.1656623e+01
  -6.9705290e+01   8.9141830e+01
  -2.1569040e+02   3.0878770e+02
  -1.5961286e+02   1.9813211e+02
   3.3845238e+01  -7.2907699e-01
  -1.8393713e+02   2.3678263e+02
  -1.2069363e+02   1.5086776e+02
  -6.8586780e+01   8.8253153e+01
  -6.0406329e+01   5.7984347e+01
  -2.6858172e+02   4.4860197e+02
   2.3832545e+01   1.2716674e+00
  -2.3241853e+02   3.4257137e+02
  -1.3228528e+02   1.6829607e+02
  -2.6512538e+02   4.3802997e+02
   4.9894767e+01  -2.7127917e+00
  -3.1888932e+02   5.8396974e+02
  -2.1756885e+02   3.1359738e+02
   2.1191210e+01   1.0984471e+00
  -1.8880151e+02   2.5520024e+02
  -1.8289405e+02   2.3491129e+02
  -2.6047362e+02   4.2683482e+02
  -1.9087183e+02   2.5969821e+02
  -2.6742226e+02   4.4474606e+02
  -7.5656641e+01   7.4978276e+01
  -2.2517885e+02   3.3008020e+02
  -1.6310630e+02   2.0426158e+02
  -8.1993773e+01   8.3070990e+01
  -7.0766124e+01   9.1125875e+01
  -5.8616639e+01   5.6495862e+01
  -1.9475851e+02   2.6788648e+02
   5.2600912e+00   7.3999982e+00
  -3.4907008e+02   6.7349755e+02
  -3.6312154e+02   7.1741282e+02
   1.0639510e+01   5.1671859e+00
  -1.7472730e+02   2.2604593e+02
  -2.7762991e+02   4.7092429e+02
  -3.6321751e+02   7.1662381e+02
   7.8507956e+01  -5.4869934e+00
   7.4086172e+01  -6.1446289e+00
   8.0234586e+01  -1.7391987e+00
  -3.5494083e+02   6.9266133e+02
  -2.0526920e+02   2.8596498e+02
   1.2458090e+02   1.1639987e+01
  -3.3480548e+02   6.3077477e+02
   1.1507680e+02   7.0496445e+00
  -3.3624624e+02   6.3520819e+02
   6.9867650e+01  -4.5650290e+00
   9.5443688e+00   5.4266988e+00
  -3.8663122e+01   3.5337448e+01
  -5.9181361e+01   5.6515831e+01
  -2.1523802e+02   3.0781938e+02
  -2.7049944e+02   4.5372019e+02
  -3.1589872e+02   5.7557833e+02
  -1.7489200e+02   2.3246044e+02
  -2.9515920e+02   5.1844083e+02
  -8.3513802e+01   1.0725112e+02
   6.3920306e+01  -3.3355067e+00
   7.9844941e+01  -5.6736618e+00
  -5.9662716e+00   1.2824072e+01
  -8.9397197e+01   1.1540102e+02
   6.2783846e+01  -3.3687534e+00
  -2.1563901e+02   3.0828159e+02
  -2.1531457e+02   3.0814544e+02
  -1.5203233e+02   1.8424114e+02
   1.7834446e+01   2.4846948e+00
   2.7487274e+01   7.3821179e-01
  -1.2906625e+02   1.6485522e+02
  -1.8762385e+02   2.4473197e+02
  -2.6195586e+02   4.3087328e+02
  -1.7765400e+02   2.3755280e+02
  -1.1722055e+02   1.4602492e+02
  -4.4287596e+01   4.2857567e+01
  -3.0481698e+02   5.4300556e+02
  -4.5454467e+01   4.0355467e+01
   8.2559686e+01  -1.6737975e+00
   3.4945103e+01  -7.9939870e-01
   5.2819811e+01  -2.7541253e+00
  -3.6036956e+02   7.0967045e+02
  -1.3229738e+02   1.6940089e+02
  -3.8307438e+01   3.8522115e+01
  -7.3741299e+01   7.3644030e+01
  -5.7497404e+00   1.4054888e+01
  -1.4341640e+02   1.6910757e+02
  -2.7743050e+02   4.7053346e+02
  -2.2275852e+02   3.2453797e+02
  -7.7281511e+01   7.7222901e+01
  -8.0862395e+01   1.0395704e+02
   7.4884332e+01  -5.8208677e+00
  -3.4861648e+02   6.7462636e+02
   1.5245861e+01   3.2523138e+00
   8.8492489e+01  -5.7350376e-02
   4.1448557e+01  -1.8751092e+00
   9.4980883e+01   1.2664275e+00
  -8.5684460e+01   1.1051545e+02
  -1.2398723e+02   1.5650645e+02
  -3.7519767e+02   7.5588863e+02
  -7.9937319e+01   8.0277531e+01
  -2.1527312e+02   3.0780343e+02
  -1.8601559e+02   2.5059507e+02
  -1.9482788e+02   2.6812891e+02
   4.3100810e+01  -1.8789484e+00
  -1.1707385e+02   1.4437550e+02
  -3.3706440e+00   1.1183221e+01
  -2.8993649e+02   5.0403992e+02
   2.5078649e+01   4.2248277e-02
  -3.5311023e+01   3.2356725e+01
  -1.3431033e+02   1.7294970e+02
  -2.3482413e+02   3.4894920e+02
  -2.1447947e+02   3.0594589e+02
   1.4066809e+02   2.0463981e+01
   7.5943370e+01  -6.2098176e+00
  -2.3866678e+02   3.5757486e+02
  -3.8863263e+02   7.9950015e+02
   3.2728994e+01  -7.1049921e-01
  -1.8477132e+02   2.4746213e+02
  -1.6393868e+02   2.0478484e+02
  -2.5643064e+02   4.0031758e+02
  -3.5409381e+02   6.8881712e+02
   9.5002670e+01   1.4259536e+00
  -3.6009125e+02   7.0855880e+02
  -6.0971753e+00   1.4282624e+01
   2.6281087e+01  -3.3619055e-01
  -2.4659791e+02   3.7665888e+02
  -3.8636034e+02   7.9443979e+02
  -1.3066053e+01   1.7862035e+01
   4.7558876e+01  -2.4940960e+00
  -1.6518645e+02   2.0728178e+02
  -7.5304677e+01   7.4769160e+01
   9.5424961e+01   1.1067785e+00
  -3.3968287e+02   6.4606330e+02
  -2.0331048e+02   2.8233626e+02
  -3.3817177e+02   6.4066334e+02
  -1.7142794e+01   2.0570693e+01
  -4.4895692e+01   3.9805106e+01
  -2.6541209e+02   4.4012890e+02
  -1.1647659e+02   1.4445379e+02
  -3.3148328e+02   6.2186065e+02
  -1.7388233e+02   2.2387336e+02
  -3.8222259e+02   7.7912726e+02
  -3.4792767e+02   6.7108235e+02
  -1.5243803e+02   1.8515524e+02
  -8.1180977e+00   1.5304423e+01
  -4.3075571e+01   3.8257814e+01
  -9.4256451e+01   1.2235839e+02
  -3.7179616e+02   7.4586063e+02
   2.6234327e+00   8.3963761e+00
  -3.3666676e+02   6.3743502e+02
  -6.8940581e+01   8.8915864e+01
  -1.0125381e+02   1.2232256e+02
   8.0624757e+01  -5.1313359e+00
  -3.1167786e+01   2.9870170e+01
  -2.3449077e+02   3.4729955e+02
  -4.0556247e+01   3.9805380e+01
  -1.6891560e+02   2.1486834e+02
  -1.1697115e+02   1.4531988e+02
   1.3822166e+02   1.8774131e+01
  -5.2435254e+01   5.0209984e+01
  -2.8635474e+00   1.1081498e+01
  -1.7707391e+02   2.3662874e+02
  -1.8729734e+02   2.4372114e+02
  -3.0718621e+02   5.5085614e+02
   3.2460856e+01  -2.3986668e+00
  -1.8921615e+02   2.5666190e+02
  -6.2481829e+01   6.0315092e+01
  -1.8770814e+02   2.4421208e+02
  -3.7745112e+01   3.8239378e+01
   1.1039782e+02   5.0167224e+00
  -2.8102944e+02   4.7958828e+02
  -2.9939474e+02   5.2884013e+02
   6.1568127e+01  -3.4614949e+00
  -3.1042690e+02   5.5989829e+02
  -4.0289347e+01   3.9545651e+01
   7.3197230e+01  -6.2858906e+00
  -2.7288566e+02   4.5834975e+02
  -2.8603734e+01   2.7760154e+01
  -2.0988373e+02   2.9623865e+02
  -1.7654038e+02   2.3561274e+02
  -5.5819679e+01   5.3316088e+01
  -1.3437071e+02   1.7206749e+02
  -1.2959643e+02   1.6537573e+02
  -1.7992423e+02   2.4263993e+02
  -7.4592415e+01   7.4385557e+01
  -1.7892318e+02   2.3957063e+02
   3.0120139e+01   1.9957163e-01
   5.2027441e+01  -2.7794286e+00
  -5.8719999e+01   5.6333737e+01
  -7.1696365e+01   9.1937800e+01
   6.6610819e+01  -2.9867796e+00
  -2.9149470e+02   5.0728286e+02
  -2.1438251e+02   3.0622248e+02
  -7.8157359e+01   1.0044454e+02
  -3.2040202e+02   5.8842833e+02
  -1.3978567e+02   1.8128779e+02
  -4.1647557e+01   4.0906891e+01
  -5.2238851e+01   5.0425034e+01
  -1.4011038e+02   1.8110477e+02
  -1.9559013e+02   2.7037636e+02
  -1.7950478e+02   2.4158397e+02
  -3.0929825e+02   5.5630654e+02
   4.6764161e+01  -2.5175539e+00
  -2.1851887e+02   3.1505362e+02
   1.4212059e+00   8.8246172e+00
  -2.9446779e+02   5.1627602e+02
   1.4660931e+01   3.4303860e+00
  -2.6734990e+01   2.6768701e+01
  -2.2285827e+02   3.2532322e+02
  -3.3777740e+02   6.4043842e+02
  -1.9692859e+02   2.7187513e+02
   2.3151481e+01   1.4975856e+00
  -2.5042241e+02   3.8522048e+02
   6.3235108e+01  -3.1764302e+00
   1.2238151e+02   1.0600985e+01
   1.1926224e+02   9.0535813e+00
  -1.3629530e+02   1.7557585e+02
  -2.8150670e+02   4.7992988e+02
  -3.1470298e+02   5.7163906e+02
  -9.1425682e+01   1.1736845e+02
  -2.3743379e+02   3.5507003e+02
  -4.8948782e+01   4.3188466e+01
  -2.5994355e+02   4.0967451e+02
  -3.3483425e+02   6.3269097e+02
   3.9247951e+01  -1.4608366e+00
  -2.6213594e+02   4.3166981e+02
  -1.0163848e+02   1.2165912e+02
  -1.7658546e+02   2.2850779e+02
  -7.1876248e+01   6.9579629e+01
  -5.6016632e+01   5.3209257e+01
  -2.5460841e+02   3.9515469e+02
   1.8104048e+01   2.2097821e+00
  -2.6141517e+02   4.2878983e+02
  -2.1917606e+02   3.1694572e+02
  -2.9310716e+02   5.1226095e+02
   1.8130560e+01   2.3575788e+00
  -1.3053964e+02   1.6674065e+02
  -4.2843571e+01   4.1566264e+01
   9.0396293e+01   1.4034564e-01
   1.2904461e+02   1.4217094e+01
  -3.6508639e+02   7.2197990e+02
   7.4369498e+01  -6.3192861e+00
  -3.4332532e+02   6.5557284e+02
   1.2204080e+02   1.0293893e+01
  -3.3062781e+02   6.1734393e+02
  -2.9418575e+02   5.1411773e+02
  -3.1429973e+01   2.9858990e+01
  -3.5685648e+02   6.9894499e+02
   1.1839836e+02   8.4062517e+00
   3.7625736e+01  -1.1923062e+00
  -2.9560272e+02   5.1833082e+02
   1.0064330e+02   3.1066204e+00
   1.4238029e+02   2.1734512e+01
  -3.8386309e+01   3.4709698e+01
  -1.6856222e+02   2.1364789e+02
  -2.4915881e+02   3.8219091e+02
  -3.5071297e+02   6.7924583e+02
  -1.8966321e+02   2.4857911e+02
  -3.1188026e+02   5.6408315e+02
   1.2754536e+02   1.3108431e+01
   9.1119807e+01   3.7728253e-01
  -7.5974197e+01   7.5503553e+01
   1.3409948e+02   1.6519122e+01
  -7.3680394e+01   7.1475741e+01
  -2.0293300e+02   2.8118692e+02
  -2.3612025e+02   3.5236841e+02
   1.9070721e+01   2.0452309e+00
  -1.1916223e+02   1.4845345e+02
  -6.1046158e+01   5.8637919e+01
  -3.4398444e+02   6.5761673e+02
   1.2170755e+02   1.0289926e+01
  -1.1295564e+02   1.3929257e+02
  -3.0412914e+02   5.4284569e+02
  -8.1284797e+01   1.0448995e+02
   1.0133395e+02   3.1144540e+00
  -1.7540046e+02   2.2674010e+02
   1.1937846e+02   9.1783176e+00
   7.4674785e+01  -6.2130723e+00
  -3.1972222e+02   5.8727823e+02
   1.0489101e+02   2.9354231e+00
   2.9295488e+01  -1.2680326e+00
  -1.5496208e+01   1.9187535e+01
  -1.3015299e+02   1.6617640e+02
  -1.6590735e+02   2.0863502e+02
  -1.6219211e+02   2.0234699e+02
  -1.0938294e+02   1.3322655e+02
  -8.2789233e+01   1.0640080e+02
   1.0412507e+02   4.3041480e+00
  -1.3056079e+02   1.6659493e+02
  -2.8396838e+02   4.8846740e+02
  -3.0314323e+02   5.4047832e+02
  -3.7410863e+02   7.5396925e+02
  -1.1076688e+01   1.6874182e+01
  -2.0225088e+02   2.8018972e+02
  -2.1516903e+02   3.0793702e+02
   1.0924022e+02   6.0430924e+00
   6.9877768e+01  -7.0359049e+00
   7.5385137e+01  -6.1551866e+00
   6.9634663e+01  -4.5394081e+00
  -2.8606737e+01   2.8039856e+01
  -5.6742782e+01   5.4755883e+01
  -1.8655997e+02   2.5090798e+02
  -2.0616041e+02   2.8783301e+02
  -8.3380520e+01   8.4590047e+01
  -1.0601421e+02   1.2807166e+02
  -2.4050140e+02   3.6164642e+02
  -4.7361145e+01   4.1665453e+01
  -3.4423264e+01   3.2063269e+01
   4.8777153e+00   7.3103080e+00
  -1.3313862e+02   1.7035130e+02
   1.2145537e+02   1.0244129e+01
   7.8887375e+01  -5.8969759e+00
  -3.4254576e+02   6.5508612e+02
  -1.4529237e+02   1.7248481e+02
  -3.8228055e+02   7.7808111e+02
  -1.3421183e+02   1.7262292e+02
  -2.0124283e+02   2.7723686e+02
  -2.0027203e+02   2.7557899e+02
  -4.8603843e+01   4.6718062e+01
   5.6706261e+01  -3.0983602e+00
   7.2118956e+01  -4.4423859e+00
  -8.1041015e+01   8.1731994e+01
  -1.2803368e+02   1.6279233e+02
   3.6947117e+01  -1.3008125e+00
  -8.2425588e+01   1.0599801e+02
   1.0963483e+02   5.8457781e+00
  -8.5732499e+01   8.6592613e+01
  -3.0082084e+02   5.3513511e+02
  -2.2215565e+02   3.2331490e+02
  -2.0632488e+02   2.8869885e+02
  -8.2174833e+01   8.3046201e+01
  -1.0439048e+02   1.2675191e+02
  -2.0870107e+02   2.9352670e+02
  -1.8383463e+02   2.4513408e+02
  -1.5985929e+02   1.9841280e+02
  -3.1026276e+02   5.5843741e+02
  -4.3012999e+01   4.2514116e+01
  -2.3615940e+01   2.4774487e+01
  -3.3679861e+02   6.3692558e+02
  -1.9136242e+02   2.6088869e+02
   4.0286611e+01  -2.0105774e+00
  -3.1914779e+02   5.8516313e+02
  -3.0750180e+02   5.5230000e+02
   7.0626411e+01  -5.5077948e-01
  -1.9989351e+02   2.7431156e+02
  -1.1901930e+02   1.4872113e+02
  -1.8306995e+02   2.4336541e+02
   2.0068463e+01   1.3329901e+00
   1.7791571e+01   2.2673905e+00
  -2.2704101e+02   3.3480682e+02
  -8.1566920e+01   8.2063060e+01
  -7.6783435e+01   7.6630283e+01
   1.3304504e+02   1.6001773e+01
  -1.4764069e+02   1.7610176e+02
  -2.3208843e+02   3.4260322e+02
   6.9217094e+01  -4.3008725e-01
  -2.8517375e+01   2.7839256e+01
  -2.5831380e+02   4.2266846e+02
   6.8573990e+01  -4.7366664e+00
   1.0332464e+02   2.4520370e+00
  -2.4657012e+01   2.5084146e+01
  -3.6816358e+02   7.3401005e+02
  -7.4978561e+01   7.2848032e+01
  -3.1887830e+01   3.0145693e+01
  -1.4226309e+02   1.6771953e+02
   1.0577316e+02   3.0811094e+00
  -1.5081871e+02   1.8246635e+02
  -9.9706272e+01   1.2062362e+02
   6.9078226e+01  -4.1579520e-01
  -2.8790964e+02   4.9960655e+02
  -4.4297848e+01   3.9092366e+01
  -1.8951986e+02   2.5667558e+02
  -2.2117740e+02   3.2149407e+02
  -2.6364521e+02   4.3524143e+02
   1.7167465e+00   8.8181292e+00
  -7.4679498e+01   7.2440676e+01
  -2.3141821e+02   3.4105456e+02
  -3.6980066e+00   1.1355281e+01
  -3.7014882e+02   7.3934572e+02
  -3.2157440e+02   5.9333213e+02
  -4.9487474e+01   4.7963700e+01
  -3.4991553e+02   6.7749243e+02
  -2.0957642e+02   2.9558531e+02
  -2.3148736e+02   3.4146909e+02
   2.0108947e+01   1.4535627e+00
  -3.5831748e+02   7.0182607e+02
   1.5841740e+01   3.0312636e+00
  -1.9359007e+02   2.6542841e+02
  -1.5711590e+02   1.9368333e+02
   6.2635871e+01  -3.0064618e+00
  -3.0413466e+02   5.4216287e+02
  -2.9104032e+02   5.0676561e+02
   8.2629845e+00   6.0915553e+00
   1.2508910e+02   1.1946555e+01
   1.1639292e+02   7.5376156e+00
  -8.9153073e+01   9.0647764e+01
  -4.5470167e+01   4.3908554e+01
   2.1856324e+01   1.9677674e+00
  -3.4671372e+02   6.6650333e+02
  -3.2448277e+02   6.0083314e+02
  -7.2783971e+01   9.3456761e+01
  -2.7001156e+02   4.5086227e+02
  -8.2726685e+01   1.0651706e+02
  -2.7571642e+02   4.6651729e+02
  -7.5794106e+01   7.5466143e+01
  -4.5362846e+01   4.0091549e+01
  -3.7841140e+01   3.4595742e+01
   1.3520848e+02   1.7276158e+01
  -3.0875886e+02   5.5600822e+02
  -8.4065302e+01   8.5102851e+01
   5.8208897e+01  -3.3368039e+00
  -2.0644956e+02   2.8896426e+02
  -2.3929118e+02   3.5882778e+02
  -1.2396755e+02   1.5628081e+02
  -1.6466604e+01   2.0073021e+01
   7.9382441e+01  -5.7249537e+00
  -7.5581685e+01   9.6779518e+01
  -1.4987717e+01   1.9048060e+01
  -2.4546023e+02   3.7372807e+02
  -3.3657809e+02   6.3515403e+02
   1.0734305e+02   3.8289414e+00
  -1.1379685e+02   1.3998682e+02
   1.3946605e+02   1.9568428e+01
  -3.3783518e+02   6.3919753e+02
   6.7792788e+01  -4.6013213e+00
  -3.7824907e+02   7.6601191e+02
  -1.6485871e+01   2.0257083e+01
   1.0687934e+02   4.9969020e+00
  -4.9636109e+01   4.7880658e+01
   1.0414672e+02   2.5629494e+00
   2.8852145e+01  -1.1768923e+00
   9.0873095e+01   3.6732940e-01
  -3.4472662e+01   3.2119957e+01
  -2.7513213e+02   4.6416807e+02
   1.1279024e+01   4.7640222e+00
  -8.5586131e+01   8.6967956e+01
   8.9534877e+00   5.6515679e+00
  -1.1857831e+02   1.4737738e+02
  -4.6188708e+00   1.3223500e+01
  -1.4361753e+02   1.6925514e+02
  -2.9560690e+02   5.1835951e+02
   1.2726241e+02   1.3114863e+01
   2.4421863e+01   1.6921121e-01
  -2.4345064e+02   3.6876610e+02
  -2.1101536e+02   2.9935071e+02
  -5.8598924e+01   5.6207441e+01
  -3.3492707e+02   6.3043921e+02
   1.0576909e+02   2.8272282e+00
   3.3502801e+01  -2.3833605e+00
  -2.1499551e+02   3.0729000e+02
  -1.7604480e+02   2.2839418e+02
  -3.5512623e+00   1.1275485e+01
   8.9177035e+00   5.8495678e+00
  -3.4117211e+02   6.4853614e+02
  -1.6876413e+02   2.1442810e+02
  -7.8930814e+01   1.0122354e+02
   9.6221374e+00   5.4619196e+00
  -8.1237580e+01   1.0444334e+02
  -1.3417176e+02   1.7186800e+02
   4.1022952e+01  -1.7744492e+00
   1.2620963e+02   1.2131113e+01
  -2.6024761e+02   4.1009422e+02
  -3.5541775e+02   6.9475806e+02
  -2.4005120e+02   3.6154072e+02
  -3.4742014e+02   6.7009446e+02
  -1.0901491e+02   1.3367773e+02
   1.2083529e+02   9.8620600e+00
  -2.2951578e+01   2.4218532e+01
  -3.4068358e+02   6.4786798e+02
  -2.8128636e+02   4.7985657e+02
  -3.1355708e+02   5.6817183e+02
   8.9728917e+01  -2.5860946e-01
  -3.5198279e+02   6.8084650e+02
  -2.1279754e+02   3.0263315e+02
  -3.7938223e+01   3.8874988e+01
   4.0919262e+01  -1.6495085e+00
  -2.8191933e+02   4.8267292e+02
   8.9045870e+00   5.5120382e+00
   7.0949502e+01  -4.4015530e+00
  -1.5136607e+01   1.9379298e+01
   1.3236130e+02   1.5986911e+01
   1.0434411e+02   2.2307550e+00
  -3.0714801e+02   5.5006752e+02
  -3.1430596e+02   5.7212157e+02
  -1.1636349e+02   1.4340545e+02
  -3.0738529e+02   5.5082458e+02
  -2.3665083e+02   3.5335823e+02
  -3.8731260e+02   7.9379038e+02
   1.2381833e+02   1.1350985e+01
  -1.4841407e+02   1.7772107e+02
  -6.6895875e+01   6.3906401e+01
  -6.5199960e+01   6.2621554e+01
  -6.7199035e+01   6.4675498e+01
  -3.8114189e+01   3.8957682e+01
   3.2606514e+01  -3.4560894e-01
  -2.8224098e+01   2.7697418e+01
  -4.3524845e+01   4.2368536e+01
   2.7170612e+01  -7.3331869e-01
   7.0916222e+01  -4.4725197e-01
  -1.6281828e+02   2.0369031e+02
   1.1401147e+02   6.2476793e+00
  -1.0156877e+02   1.2194796e+02
  -7.0921660e+01   6.8656090e+01
  -6.8614069e+01   6.6480099e+01
  -2.0712237e+00   1.1903278e+01
   1.0295406e+02   3.6804919e+00
  -5.4952583e+01   5.2814583e+01
  -6.9599619e+01   6.7703087e+01
  -1.1040370e+01   1.6862645e+01
   1.1890303e+02   8.9077476e+00
  -4.9393438e+01   4.7237271e+01
  -4.2952325e+01   3.8169717e+01
  -1.0207780e+02   1.2296630e+02
  -1.5903306e+02   1.9635303e+02
  -3.0963317e+02   5.5804218e+02
   5.9235501e+01  -3.1280440e+00
   1.6409135e+01   2.7565830e+00
  -3.2067168e+02   5.9084583e+02
  -1.5428952e+02   1.8838455e+02
  -3.1422758e+02   5.7062148e+02
   8.0846884e+01  -1.8497673e+00
  -4.0834642e+01   3.9864106e+01
  -3.4265309e+02   6.5378588e+02
   1.3009880e+01   4.1424969e+00
  -3.3335579e+02   6.2611465e+02
   9.9842450e+00   5.3027373e+00
  -2.9806868e+02   5.2597129e+02
  -2.5434169e+02   3.9505986e+02
  -2.2689221e+02   3.3428945e+02
  -7.2214244e+00   1.3177638e+01
   7.0682065e+01  -4.6768351e-01
  -2.5665437e+02   4.0030408e+02
  -3.5629622e+02   6.9670365e+02
  -4.4495647e+01   3.9472442e+01
  -1.0914834e+02   1.3317656e+02
  -9.3379111e+01   1.2046820e+02
  -1.8312188e+02   2.3470795e+02
  -2.4882624e+02   3.8131150e+02
  -1.3351351e+01   1.8239965e+01
  -1.1352845e+02   1.3975289e+02
   2.8088740e+01   4.6263967e-01
  -1.1472972e+02   1.4273223e+02
  -3.7491252e+02   7.5499426e+02
  -1.6469319e+02   2.0658300e+02
  -2.8428622e+02   4.8908173e+02
  -2.9750703e+02   5.2336914e+02
  -1.3726818e+02   1.7681899e+02
  -3.7012989e+02   7.3990553e+02
   1.1677346e+01   4.6775527e+00
  -1.9467157e+02   2.6775493e+02
  -6.5832134e+01   6.2988588e+01
  -1.9349089e+02   2.6561251e+02
   1.2558496e+02   1.1973582e+01
   2.4933200e+01   1.1623361e+00
  -3.3664711e+02   6.3597740e+02
  -8.6282154e+01   1.1078473e+02
  -2.2104888e+02   3.2083590e+02
  -3.8604338e+01   3.8761915e+01
  -9.0455317e+01   9.2213174e+01
   8.4005547e+01  -1.6218462e+00
   1.1433540e+02   6.7568153e+00
  -3.0341587e+02   5.3958698e+02
   7.3116535e+01  -6.4152532e+00
   5.5663557e+01  -3.1176599e+00
  -3.7161897e+02   7.4375250e+02
  -2.5951904e+02   4.2424438e+02
  -1.7242236e+02   2.2574024e+02
   1.3825037e+02   1.8977836e+01
   8.2997687e+01  -4.7501658e+00
