  -3.0598698e+02   5.0708780e+02
  -2.1586491e+02   2.9527208e+02
  -1.5592137e+02   1.8778521e+02
  -4.7753847e+01   4.0254111e+01
   3.0525745e+01  -8.8387300e+00
  -2.1740557e+00   3.6320317e+00
  -1.5355297e+02   1.8354738e+02
   9.5989274e+01  -3.3824552e+01
  -1.1173865e+02   1.0994231e+02
   3.2557933e+01  -8.5560034e+00
   1.0965933e+02  -2.9969664e+01
   3.9473130e+01  -1.0485106e+01
  -2.5975845e+02   3.9292730e+02
  -1.1045708e+02   1.0843979e+02
  -2.2693462e+02   3.1972655e+02
  -4.2547907e+01   1.3015075e+01
  -1.2267324e+02   1.2687047e+02
   8.2945272e+01  -1.5385915e+01
  -1.5310906e+00   3.6869549e+00
  -3.1879239e+02   5.4257290e+02
  -1.5309072e+02   1.7519506e+02
   1.4010810e+01  -2.8379359e+00
  -1.5414804e+02   1.7687548e+02
  -1.9706299e+02   2.5720935e+02
  -1.6503347e+02   1.9606818e+02
  -5.0378031e+01   4.2483049e+01
  -1.2014530e+02   1.2258380e+02
  -1.6920243e+02   2.0331761e+02
  -2.1832817e+02   3.0103818e+02
  -7.0479633e+01   6.2741844e+01
  -3.2470391e+02   5.5831763e+02
  -6.7394971e+01   5.9324830e+01
   2.5116257e+01  -6.9239481e+00
  -3.2318397e+01   2.0745672e+01
  -2.5542996e+02   3.8299083e+02
  -4.0746543e+01   1.2133073e+01
  -1.8632430e+02   2.3604558e+02
   9.8754503e+01  -3.3172730e+01
   1.3582419e+02  -2.0037054e+01
   8.6997944e+01  -1.4980950e+01
  -3.6615106e+01   9.2224116e+00
  -1.5482417e+02   1.7752415e+02
  -2.8931609e+02   4.6395565e+02
  -7.8259555e+01   7.0802349e+01
  -3.5718209e+02   6.4785413e+02
   5.5421042e+00   4.7545924e-01
  -7.1182804e+01   6.2817893e+01
   5.4261462e+01  -1.3273490e+01
  -4.7203398e+01   3.9771015e+01
  -3.2755866e+02   5.6537758e+02
   1.1331630e+00   2.2318416e+00
  -3.6007692e+02   6.5602468e+02
  -2.1527395e+02   2.9457886e+02
  -1.1968606e+02   1.2224100e+02
  -9.0579155e+01   8.4997100e+01
  -1.0430312e+02   9.9996209e+01
  -1.4316785e+02   1.5933337e+02
  -9.6340941e+01   9.9158560e+01
   6.3285474e+00   3.1506595e-01
  -8.2259575e+01   7.5700078e+01
  -2.9856076e+02   4.9166945e+02
   6.0693798e+01  -1.4327210e+01
   1.0217780e+01  -1.7377758e+00
   7.6984635e+01  -3.6908581e+01
  -3.6861182e+01   2.6654017e+01
  -4.5865793e+01   3.8874590e+01
  -2.6766904e+02   4.1179508e+02
  -3.6273095e+01   2.5763951e+01
  -9.7686357e+01   1.0107527e+02
  -2.5034452e+02   3.7244278e+02
  -1.6679036e+02   1.9975483e+02
   6.5594306e+01  -1.4689962e+01
  -2.7673478e+02   4.3399707e+02
  -7.2571670e+01   6.4819885e+01
  -7.0277516e+01   6.2463314e+01
  -1.0564687e+02   1.0157020e+02
  -1.2213541e+02   1.2600414e+02
   2.0457134e+01  -5.6395205e+00
  -3.6152172e+01   2.9810788e+01
  -1.0088488e+02   9.7477142e+01
   2.8576671e+01  -7.7955842e+00
   1.0638835e+02  -3.1195875e+01
  -1.5289448e+02   1.7469436e+02
   6.6843363e+01  -1.5315489e+01
  -2.5198644e+01   1.6186811e+01
   3.2886510e+01  -8.6668178e+00
  -7.7347934e+00   6.9933106e+00
   9.6230028e+01  -1.4014638e+01
  -3.1908770e+01   2.0175834e+01
  -3.0271840e+02   5.0036461e+02
  -3.0768243e+02   5.1348924e+02
  -2.8327283e+02   4.5018301e+02
  -3.0649699e+02   5.0947644e+02
  -5.1891497e+01   4.4073140e+01
  -2.7090832e+01   1.7984477e+01
  -2.8400263e+02   4.5215516e+02
  -8.7555273e+01   8.8346731e+01
  -1.6869016e+02   2.0304207e+02
  -9.8219595e+01   9.4018656e+01
  -2.6365561e+02   4.0284000e+02
   1.4176532e+02  -1.7769875e+01
  -1.7528291e+01   1.2210824e+01
   9.9723735e+01  -3.3352259e+01
  -2.2094549e+02   3.0625393e+02
  -2.6371724e+02   4.0359205e+02
  -1.4670182e+02   1.6421952e+02
  -3.6037530e+02   6.5747749e+02
  -2.0813487e+02   2.7936138e+02
   4.7192294e+01  -1.2117883e+01
  -9.8802581e+01   9.4942829e+01
  -3.3436376e+02   5.8524756e+02
  -1.8131243e+02   2.2721366e+02
  -1.0101770e+01   7.9686405e+00
  -7.3351808e+01   6.5378390e+01
   3.1565542e+01  -8.8907964e+00
  -2.1844274e+02   3.0086631e+02
  -4.4325830e+01   3.7275643e+01
  -3.8441495e+01   2.7525686e+01
  -3.4979564e+01   2.9129448e+01
   8.3544084e+01  -1.5398075e+01
  -2.2061149e+02   3.0602340e+02
  -7.9514523e+01   7.2474979e+01
  -3.3324407e+02   5.8261311e+02
  -2.4841061e+02   3.6622387e+02
   8.2970622e+01  -3.6463848e+01
   1.1907743e+02  -2.7187830e+01
  -3.4046246e+01   7.5399077e+00
  -9.3079094e+01   8.8085506e+01
   6.2831573e+01  -1.4412037e+01
  -2.2918902e+02   3.2416320e+02
  -1.5137636e+02   1.7185743e+02
  -1.7875524e+02   2.2110576e+02
   8.6948677e+01  -3.6002830e+01
  -6.1236125e+01   5.3060906e+01
  -1.2360498e+02   1.2827563e+02
  -3.4559556e+01   2.2325316e+01
  -2.4442186e+02   3.5805439e+02
  -3.2193601e+02   5.5073754e+02
  -2.1099676e+02   2.8563984e+02
  -2.5148949e+02   3.7262820e+02
   3.8819487e+01  -9.9820296e+00
  -3.4614909e+01   7.8093756e+00
  -8.8791447e+01   8.9734349e+01
  -9.3285530e+01   8.7629294e+01
  -1.4285748e+02   1.5816460e+02
   1.3343141e+02  -2.1382735e+01
  -1.1071250e+02   1.0869940e+02
  -1.2938390e+02   1.3653695e+02
   6.0634222e+01  -1.4304825e+01
  -3.2029909e+01   2.2550308e+01
  -9.7525625e+01   1.0132206e+02
   5.5334994e+00   7.6623320e-01
  -3.7329773e+01   9.6733372e+00
   9.4937040e+01  -1.4430695e+01
  -3.1072952e+01   2.2109733e+01
  -8.9537066e+01   9.0420502e+01
  -3.5808610e+02   6.5404337e+02
  -3.6874215e+02   6.8211026e+02
   7.9075847e+01  -3.7088457e+01
   8.4993938e+01  -3.6429415e+01
  -1.1218418e+02   1.1062378e+02
  -1.0109929e+02   9.7730081e+01
   1.2538857e+02  -2.4682720e+01
  -1.7648514e+02   2.1753807e+02
  -3.4506249e+02   6.1707680e+02
  -2.5784432e+02   3.8891528e+02
   8.6277383e+01  -3.6022791e+01
  -3.0686235e+01   2.1724959e+01
  -3.6751106e+01   3.0505407e+01
  -8.9278553e+01   9.0214248e+01
   7.4642933e+01  -1.5293039e+01
  -1.1718885e+02   1.1797393e+02
  -2.1470741e+02   2.9279535e+02
  -2.7321297e+02   4.2538959e+02
  -7.9339384e+00   6.6380349e+00
   1.6569064e+01  -3.6134259e+00
  -1.8863217e+02   2.4131133e+02
  -1.5177642e+02   1.7262798e+02
   9.0186581e+01  -1.4823830e+01
  -2.2337726e+02   3.1138507e+02
  -2.0531069e+02   2.7284365e+02
  -3.4250125e+02   6.0633677e+02
  -4.4162767e+01   3.1821606e+01
   1.0554459e+01  -1.5481712e+00
   4.1456538e+01  -1.0831741e+01
  -3.1157351e+02   5.2348814e+02
  -3.7146395e+01   9.5246218e+00
   1.1838736e+02  -2.7704092e+01
  -2.9618148e+02   4.8503179e+02
  -3.3456533e+02   5.8738875e+02
  -1.7636674e+02   2.1751906e+02
  -1.1045800e+02   1.0842097e+02
  -2.0887353e+02   2.8060695e+02
   8.7530656e+01  -3.5649272e+01
   3.1786292e+01  -8.7514924e+00
  -4.4148341e+01   3.2144815e+01
  -1.4769690e+02   1.6615558e+02
  -3.3947006e+02   5.9983984e+02
  -2.4686072e+02   3.6322865e+02
  -1.0389254e+02   9.9069203e+01
  -3.2721821e+02   5.6492297e+02
  -3.6624102e+02   6.7416211e+02
  -8.9080586e+01   8.3630734e+01
  -2.9029262e+02   4.6676858e+02
  -1.9906303e+02   2.6046218e+02
   1.0650872e+02  -3.1122924e+01
  -6.3737763e+01   5.5820992e+01
  -1.5769927e+02   1.9029030e+02
  -1.5240979e+02   1.7359667e+02
  -1.6838509e+02   2.0178743e+02
   8.5178310e+01  -1.5100981e+01
  -3.5139190e+02   6.3100369e+02
  -1.3607749e+02   1.4730802e+02
  -1.4693408e+02   1.6503662e+02
  -3.5951300e+02   6.5430019e+02
  -8.2507042e+01   7.5781141e+01
  -6.0845792e+01   5.2907523e+01
   8.9841295e+01  -1.4890172e+01
  -1.3336690e+02   1.4296046e+02
  -2.4407430e+02   3.5767731e+02
  -1.6365131e+02   1.9380040e+02
   7.1574484e+01  -1.5324300e+01
  -3.6367118e+02   6.6809491e+02
  -8.4676450e-01   3.3700468e+00
  -3.4896751e+02   6.2729346e+02
   8.4799145e+00  -8.2379530e-01
  -4.5012831e+01   3.2724994e+01
   1.3496051e+02  -2.0569482e+01
  -1.1542057e+02   1.1574207e+02
  -2.3157471e+02   3.3003466e+02
  -3.6092739e+01   2.9922223e+01
   2.9745536e+01  -7.9238646e+00
  -1.5877430e+02   1.8518136e+02
  -1.5501747e+02   1.7829342e+02
   1.3516588e+02  -2.0984216e+01
   9.3860933e+01  -3.4100890e+01
  -1.9385801e+02   2.5117254e+02
  -3.6630093e+01   9.4303531e+00
  -6.5362078e+01   5.7495356e+01
  -1.1064132e+01   8.4023728e+00
  -1.4547213e+02   1.6269369e+02
   8.6214003e+01  -1.5126767e+01
  -1.5075049e+02   1.7100841e+02
  -4.4257987e+01   3.2329271e+01
   4.7111259e+01  -1.1852790e+01
  -1.5610831e+01   1.0655534e+01
  -3.7084909e+01   3.0715875e+01
  -2.2607161e+02   3.1800144e+02
   1.2692365e+02  -2.4530508e+01
  -1.5695206e+02   1.8975823e+02
   4.4071447e+01  -1.1905026e+01
  -6.4033460e+01   5.5776996e+01
   9.6047455e+01  -3.3785068e+01
  -3.5808083e+02   6.5468138e+02
  -1.1905305e+02   1.2077493e+02
  -3.6967626e+01   2.6735041e+01
  -3.1981950e+02   5.4343472e+02
  -2.8816268e+02   4.6246527e+02
   7.6808547e+01  -1.5419903e+01
   1.7299263e+01  -4.3080465e+00
  -1.1203169e+02   1.1053444e+02
  -2.9208181e+02   4.7467696e+02
  -1.4125293e+02   1.5571112e+02
   1.1061620e+02  -3.0235387e+01
   1.2823463e+02  -2.3702372e+01
   3.7516996e+01  -1.0289683e+01
   9.2061062e+01  -3.5067973e+01
   1.3094696e+02  -2.2377262e+01
  -9.9078183e+01   1.0232008e+02
  -5.6114966e+01   4.7980373e+01
  -6.6626663e+01   5.8334006e+01
  -1.5577802e+02   1.8764132e+02
  -2.5159730e+02   3.7412390e+02
  -2.7767840e+02   4.3513732e+02
  -1.1608143e+02   1.1704593e+02
   5.5658080e+01  -1.3605881e+01
  -1.3713823e+02   1.4904091e+02
  -8.3541065e+01   8.2776656e+01
   1.2467748e+02  -2.5151874e+01
  -3.2391638e+02   5.5757643e+02
  -5.2683521e+01   4.4575570e+01
  -1.0803269e+02   1.0457083e+02
  -3.2782347e+02   5.6422794e+02
  -8.2843719e+01   7.6161124e+01
  -3.5113309e+02   6.3185965e+02
  -2.0513009e+02   2.7381865e+02
  -2.2384558e+02   3.1282201e+02
   1.2615995e+02  -2.4626283e+01
  -1.0175832e+02   9.8389026e+01
  -9.5218716e+01   9.0209416e+01
   1.1622966e+01  -2.4271429e+00
  -2.8275284e+02   4.4734997e+02
  -1.2172370e+02   1.2531311e+02
  -7.8688980e+01   7.1504168e+01
   9.5240753e+01  -1.4671936e+01
  -2.3748953e+02   3.4166265e+02
   1.2734953e+02  -2.4401197e+01
  -2.5151862e+02   3.7406061e+02
  -1.8891339e+02   2.4102931e+02
  -9.8916955e+01   9.5029684e+01
  -1.7990005e+02   2.2289090e+02
  -6.3242433e+01   5.5193856e+01
  -1.0513212e+02   1.0063852e+02
  -3.0425389e+01   1.9260987e+01
   9.5959287e+01  -1.4058765e+01
  -1.1617242e+02   1.1657762e+02
  -3.3623270e+02   5.8955429e+02
  -3.9420528e+01   3.2894527e+01
  -1.9432759e+02   2.5166115e+02
  -2.3940039e+02   3.4575818e+02
   8.8045524e+01  -3.5595071e+01
  -2.7211428e+02   4.2203088e+02
  -1.1058771e+02   1.0869962e+02
  -3.9261084e+01   1.1004287e+01
  -2.1349243e+02   2.8932224e+02
  -3.1242089e+01   2.0143550e+01
  -2.4921685e+02   3.6749688e+02
   5.4729204e+01  -1.3350303e+01
  -1.6195265e+02   1.9136696e+02
  -3.1975409e+02   5.4431855e+02
  -1.6013397e+02   1.8755225e+02
  -3.8585558e+01   3.2338964e+01
   8.1182866e+01  -3.6707475e+01
  -2.0224526e+02   2.6723204e+02
  -1.0855354e+02   1.0567174e+02
  -1.1946292e+02   1.2109247e+02
  -1.9538728e+02   2.5376541e+02
  -1.9908026e+02   2.6068035e+02
  -9.6640249e+01   9.1953820e+01
  -2.9348686e+02   4.7576208e+02
  -8.5528329e+01   8.5813948e+01
   9.6787274e+01  -1.4090653e+01
  -5.4753438e+01   4.6990961e+01
  -1.4517580e+01   1.0294786e+01
  -7.1464374e+01   6.3999851e+01
  -3.0020171e+02   4.9352430e+02
   1.0708760e+02  -3.0963340e+01
  -9.6548805e+01   9.1901694e+01
  -1.8044207e+02   2.2548278e+02
  -2.8447035e+02   4.5497814e+02
  -1.0080433e+02   9.7116432e+01
  -1.5406183e+02   1.8426474e+02
  -2.8573023e+02   4.5624958e+02
  -3.0792857e+02   5.1503781e+02
  -3.5093769e+01   2.2795000e+01
   2.4784508e+01  -6.9264632e+00
   8.8437783e+01  -1.4790530e+01
  -9.3710487e+01   9.5948111e+01
  -8.2161758e+01   7.5590462e+01
   3.3501121e+01  -8.8679153e+00
   7.6088832e+01  -3.7086910e+01
   6.0646118e+00   2.3264452e-01
  -1.3680290e+01   9.8619818e+00
  -9.9378550e+01   9.5806452e+01
   8.9707463e+01  -1.4744073e+01
  -8.8911015e+01   8.9717138e+01
  -1.3595825e+01   9.5765062e+00
  -4.6393181e+01   1.6316356e+01
   3.6533283e+01  -9.9682523e+00
  -2.0432305e+02   2.7136942e+02
   1.5722450e+01  -3.7400749e+00
  -4.2949742e+01   3.1159554e+01
  -4.5859442e+01   3.8507534e+01
  -2.6352166e+02   4.0162860e+02
  -1.0155610e+02   9.8214792e+01
  -2.4736717e+02   3.6314193e+02
  -1.0219107e+02   9.8921262e+01
  -4.7765876e+01   4.0377066e+01
   7.9284011e+01  -3.6731817e+01
  -2.4252026e+02   3.5311274e+02
  -1.5455959e+02   1.7767442e+02
  -2.9651819e+01   2.0630748e+01
  -2.1728426e+02   2.9815323e+02
  -3.5483650e+01   8.4140314e+00
  -1.0875957e+02   1.0611029e+02
  -2.1932452e+02   3.0257916e+02
   5.7187336e+01  -1.3982452e+01
  -8.2470473e+01   7.5614520e+01
   8.7069714e+01  -1.5169448e+01
   8.4255377e+01  -1.5224903e+01
   4.3923974e+01  -1.2085567e+01
  -1.6166607e+02   1.8931715e+02
  -3.7187555e+01   3.0733235e+01
  -3.3035659e+02   5.7324760e+02
  -3.5316922e+01   8.2390183e+00
  -2.5023252e+02   3.7097863e+02
  -1.8702197e+02   2.3755299e+02
   6.5691546e+01  -1.4725627e+01
  -1.0206881e+02   9.8314352e+01
  -8.9878307e+01   8.4250208e+01
   5.0980040e+01  -1.2757707e+01
  -1.5371398e+02   1.8424073e+02
  -3.2696669e+02   5.6695128e+02
  -1.6136932e+02   1.9013830e+02
  -2.8300026e+02   4.5058842e+02
  -3.6375573e+02   6.6717474e+02
  -9.7812103e+01   9.3192662e+01
  -3.1172858e+02   5.2208887e+02
  -2.3692780e+02   3.4158159e+02
  -2.0790212e+02   2.7983748e+02
  -2.2486091e+02   3.1431993e+02
  -2.7043129e+02   4.2001546e+02
  -5.3726138e+01   4.6082906e+01
  -2.2782986e+02   3.2060111e+02
  -1.0208523e+02   9.7041438e+01
  -6.1994791e+01   5.4055613e+01
   8.8411662e+01  -3.5728852e+01
   1.2717925e+02  -2.4382574e+01
  -1.5743843e+02   1.8214103e+02
  -1.5298844e+02   1.7488998e+02
  -3.5336364e+01   2.8979097e+01
   2.7487656e+01  -7.8328921e+00
  -4.4626966e+01   1.5095013e+01
  -3.3440594e+02   5.8576205e+02
  -3.6226744e+02   6.6416558e+02
   1.3448806e+02  -2.0632459e+01
   6.2016533e+00   1.1192346e-01
  -2.2039075e+02   3.0587511e+02
  -1.2156910e+02   1.2468482e+02
  -3.2824752e+01   2.1208126e+01
  -1.1545994e+02   1.1542109e+02
   1.1831433e+02  -2.7234099e+01
  -8.9408612e+01   8.3846393e+01
   1.0742490e+01  -1.2921245e+00
  -1.2765410e+02   1.3349748e+02
   1.3480256e+02  -2.0966714e+01
   4.4850586e+00   1.2545445e+00
  -1.5899813e+02   1.8545511e+02
  -2.2705323e+02   3.1918309e+02
  -9.2774209e+01   8.7362590e+01
  -3.2467156e+02   5.5954252e+02
  -1.6285499e+02   1.9242393e+02
  -3.3510420e+01   2.3758237e+01
  -3.4713594e+02   6.2186689e+02
  -1.5394516e+02   1.7683986e+02
  -2.5679003e+02   3.8840507e+02
  -3.4081295e+02   6.0180470e+02
   2.9491661e+01  -8.4552417e+00
  -2.9739093e+02   4.8569936e+02
  -1.7435995e+02   2.1249197e+02
  -9.6096178e+01   9.8915031e+01
  -8.6584046e+01   8.6558418e+01
  -2.4280868e+02   3.5442837e+02
  -9.6296519e+00   7.5393540e+00
  -3.1344015e+02   5.2809591e+02
  -1.3619817e+02   1.4768578e+02
  -3.4839053e+01   2.2219379e+01
  -2.7585147e+02   4.3191408e+02
  -2.5414519e+01   1.6830794e+01
  -9.8323149e+00   7.5870634e+00
  -2.9750447e+02   4.8685815e+02
   9.7413525e+01  -1.4356044e+01
  -3.3912646e+02   5.9785818e+02
  -9.9684914e+01   9.6108505e+01
  -9.5090412e+01   9.0161353e+01
  -1.3176270e+02   1.4021416e+02
   9.4755358e+01  -3.4290784e+01
   7.7037505e+01  -1.5519924e+01
  -2.0255330e+02   2.6767007e+02
  -1.2124167e+02   1.2490264e+02
  -2.5616711e+01   1.6393898e+01
   3.8516417e+01  -1.0914134e+01
  -1.1377696e+02   1.1290460e+02
   3.6012249e+01  -9.6713717e+00
  -3.2163871e+02   5.4907648e+02
  -8.9169261e+01   8.3466313e+01
   2.0817443e+01  -5.2315170e+00
  -8.6978513e+01   8.0827870e+01
  -2.6900726e+01   1.7683332e+01
   3.1509087e+01  -8.8513266e+00
   5.1993527e+00   1.1053285e+00
  -1.0565321e+02   1.0157894e+02
  -1.5133366e+02   1.7983831e+02
  -1.8388550e+02   2.3116221e+02
  -1.2931500e+02   1.3637699e+02
  -1.7531890e+02   2.1562676e+02
  -1.6402816e+02   1.9377981e+02
  -4.5754502e+01   3.8794427e+01
  -1.0002621e+02   1.0455519e+02
  -2.1595801e+02   2.9535239e+02
  -9.6865321e+01   1.0016514e+02
  -2.8925289e+02   4.6467838e+02
   3.3074533e+01  -9.2416996e+00
  -3.2889630e+01   2.0943698e+01
  -6.2641606e+01   5.4454730e+01
  -2.8090210e+02   4.4512352e+02
   8.0080591e+01  -1.5447058e+01
   3.7051615e+00   1.5055942e+00
  -9.7014644e+01   1.0020469e+02
  -1.0276486e+02   9.7640990e+01
  -2.2776526e+02   3.2047773e+02
  -6.2231563e+01   5.4220841e+01
   1.0643599e+02  -3.1206604e+01
  -3.6484466e+02   6.7270547e+02
  -2.9880380e+02   4.8808810e+02
  -8.6416334e+00   6.9645173e+00
  -1.6354029e+02   1.9319084e+02
  -1.8694623e+02   2.3714663e+02
  -7.5252253e+01   6.7833660e+01
  -1.5678749e+02   1.8940114e+02
  -2.2452005e+02   3.1269104e+02
  -1.3121150e+02   1.3903939e+02
   9.6360642e+01  -3.4140957e+01
  -1.3333703e+02   1.4272446e+02
  -8.8413500e+01   8.1811958e+01
   2.6755516e+01  -7.3420599e+00
  -1.0098828e+02   1.0559697e+02
  -3.5859021e+02   6.5758518e+02
  -1.0541962e+02   1.0085452e+02
  -7.0168322e+01   6.2415732e+01
   1.4157958e+02  -1.7750678e+01
  -2.8321867e+02   4.5145166e+02
  -1.5310211e+02   1.8317837e+02
  -1.0792692e+02   1.0435117e+02
  -1.6388832e+02   1.9470113e+02
  -9.7624987e+01   1.0099656e+02
  -2.6216611e+02   3.9744213e+02
  -3.5170286e+00   4.7401865e+00
  -1.5803964e+02   1.9069349e+02
  -3.1069977e+02   5.2036281e+02
   1.2207378e+02  -2.5999150e+01
  -1.3434999e+02   1.4508823e+02
  -8.6787819e+01   8.6820607e+01
  -1.3236772e+02   1.4145996e+02
   8.0965131e+01  -3.6868787e+01
  -2.2785831e+01   1.4944772e+01
  -1.0055939e+02   1.0537838e+02
  -1.0449642e+02   1.0032900e+02
  -2.9841138e+02   4.8870034e+02
   8.8599734e+01  -1.5182475e+01
   2.1435101e+01  -5.9215955e+00
  -1.0095276e+02   9.7552136e+01
   4.3885582e+01  -1.1700020e+01
  -1.9202738e+02   2.4638253e+02
   3.2901312e+01  -8.6654569e+00
  -2.6243902e+02   4.0060809e+02
  -2.0276383e+02   2.6843925e+02
  -1.2347427e+02   1.2814555e+02
   8.7272980e+01  -3.5563537e+01
  -1.3323451e+02   1.4259816e+02
  -3.2636560e+02   5.6533140e+02
   1.3615679e+02  -2.0117993e+01
  -2.1096485e+02   2.8450570e+02
   7.6054346e+01  -1.5712782e+01
  -6.1356459e+01   5.3271996e+01
  -8.2449017e+01   7.5525568e+01
   1.1284406e+02  -2.9076057e+01
  -4.6252610e+01   3.8858788e+01
  -9.7416813e+01   1.0108185e+02
  -1.0127148e+02   9.5429334e+01
  -3.3979867e+02   6.0192876e+02
  -2.3299959e+02   3.3250875e+02
  -6.2906691e+01   5.4697562e+01
  -3.3800114e+01   2.4169540e+01
  -2.6214257e+02   3.9736660e+02
  -3.5070315e+01   8.2117635e+00
  -1.2473909e+02   1.2964979e+02
   2.6340371e+01  -6.7476193e+00
  -8.7359955e+01   8.7814754e+01
   7.8112498e+01  -1.4818289e+01
   3.5398242e+01  -9.3957633e+00
  -1.8776246e+02   2.3973888e+02
   2.8255054e+01  -7.5542702e+00
  -1.3578074e+02   1.4705561e+02
  -8.4216419e+01   7.7644177e+01
   9.4340963e+01  -1.4279297e+01
  -8.7285369e+01   8.1178640e+01
  -4.6664606e+01   3.9624497e+01
  -3.6226074e+01   3.0133326e+01
   2.7643361e+01  -7.8418539e+00
  -1.9235834e+02   2.4782087e+02
  -3.2617097e+02   5.6119175e+02
   9.1144888e+01  -1.5214099e+01
  -3.4928047e+02   6.2764379e+02
  -2.5198730e+02   3.7413520e+02
  -3.5876504e+02   6.5722853e+02
   4.4567796e+01  -1.2224525e+01
  -2.2579630e+02   3.1596098e+02
   8.9491930e+01  -1.4753222e+01
  -2.5191179e+02   3.7585063e+02
  -1.1553441e+02   1.1580421e+02
  -6.4216887e+01   5.6074274e+01
  -1.6607789e+02   1.9784206e+02
  -1.5899300e+02   1.8532395e+02
  -1.7827774e+02   2.1994013e+02
  -4.4622876e+01   3.2982460e+01
   3.1178922e+01  -8.4840958e+00
  -5.3778804e+01   4.5854016e+01
  -3.2657607e+02   5.6529816e+02
  -1.9144874e+02   2.4610797e+02
  -8.5919363e+01   8.5833817e+01
  -3.6295275e+02   6.6763057e+02
  -1.7705449e+02   2.1940387e+02
  -2.4098969e+02   3.4987211e+02
  -1.4065872e+02   1.5458264e+02
  -1.6293411e+02   1.9307013e+02
  -1.7759988e+02   2.1974428e+02
  -1.0412654e+02   9.9385727e+01
  -8.7867304e+00   6.8997856e+00
  -1.3201876e+02   1.4040279e+02
  -3.0526348e+02   5.0638410e+02
   8.6305313e+01  -1.5449224e+01
  -2.3669001e+02   3.3999469e+02
   6.2705018e+00  -2.8380455e-01
  -3.5873076e+01   2.3296907e+01
   1.0407474e+02  -3.1650411e+01
  -9.2785643e+01   9.4858995e+01
  -2.3543598e+02   3.3847747e+02
  -3.5085995e+02   6.2898004e+02
  -2.9797515e+02   4.8748814e+02
  -1.5699955e+02   1.9005608e+02
  -2.0076743e+02   2.6543235e+02
   1.3755384e+02  -1.9794441e+01
   1.0731912e+02  -3.0804167e+01
  -1.9148353e+02   2.4668243e+02
  -2.5008383e+02   3.7118999e+02
  -3.6201441e+00   4.6131621e+00
  -1.7716059e+02   2.1902589e+02
  -1.9238070e+02   2.4826315e+02
   1.2562954e+02  -2.4397363e+01
  -2.6832830e+02   4.1378607e+02
   5.7387645e+01  -1.3770838e+01
   3.6964547e+01  -9.8845513e+00
  -2.4875485e+01   1.6124184e+01
  -3.8255813e+01   3.1387490e+01
  -3.3281024e+01   2.3425121e+01
  -1.1994227e+02   1.2255513e+02
  -9.9408942e+01   9.3303580e+01
   7.9762556e+01  -1.4904228e+01
  -2.7891191e+02   4.4149731e+02
   6.6171059e+01  -1.4925210e+01
  -1.1652348e+02   1.1725278e+02
  -3.3019668e+02   5.7411047e+02
  -3.2472555e+02   5.5866179e+02
  -2.7682035e+02   4.3509308e+02
  -8.8580410e+01   8.9025187e+01
  -2.7767153e+02   4.3772151e+02
  -3.8552491e+01   3.2019811e+01
  -1.5778279e+02   1.9009375e+02
  -7.7974273e-01   3.2614789e+00
  -1.7302377e+02   2.1099072e+02
  -2.1547248e+02   2.9479739e+02
  -3.0295541e+02   4.9957665e+02
  -2.2908145e+02   3.2301472e+02
   1.0286468e+02  -3.2579875e+01
  -8.2857700e+00   7.3800257e+00
  -4.2309319e+01   3.5230934e+01
   1.1833846e+02  -2.7837791e+01
  -3.3470913e+02   5.8320370e+02
   9.9746372e+01  -3.2866833e+01
  -3.3172394e+02   5.7955705e+02
  -1.7582479e+02   2.1576022e+02
  -2.7676359e+02   4.3465658e+02
  -1.0483691e+02   1.0003835e+02
   8.3226977e+01  -1.5244328e+01
  -1.7482275e+02   2.1391476e+02
   9.5296114e+01  -3.4419607e+01
  -4.0100488e+01   3.3266282e+01
   1.2456571e+01  -2.1595964e+00
  -3.8180744e+01   2.7623477e+01
  -8.0132575e+01   7.3175115e+01
  -1.8267773e+02   2.2883857e+02
   3.3617207e+01  -9.1160007e+00
  -6.8719152e+01   6.1177758e+01
  -1.4377437e+01   1.0258482e+01
  -2.9664444e+02   4.8441547e+02
   1.2361016e+02  -2.5399716e+01
   8.4727392e+01  -3.6318092e+01
  -3.5184343e+02   6.3288184e+02
  -6.8714765e+01   6.0512642e+01
  -8.4996687e+01   8.4855100e+01
  -4.5164533e+01   1.5616185e+01
  -1.2180743e+02   1.2469026e+02
  -3.3716166e+01   2.3635114e+01
  -5.5746611e+00   5.3719520e+00
  -4.6956907e+01   3.9297310e+01
  -3.6695398e+02   6.7882759e+02
   2.1395131e+01  -5.5090228e+00
  -3.4439858e+01   2.4052378e+01
   1.1925610e+02  -2.7315520e+01
  -8.1498229e+01   7.4446333e+01
   3.9622430e+01  -1.0321564e+01
   9.3269876e+01  -3.4768532e+01
  -8.8353862e+01   8.9458436e+01
  -5.1561659e+01   4.3972929e+01
  -1.6576063e+02   1.9794549e+02
  -2.8116942e+02   4.4479374e+02
  -9.0441096e+01   9.2034510e+01
   2.0350311e+00   1.6195644e+00
   8.1394062e+01  -3.6735593e+01
   8.4227997e+00  -6.3759319e-01
  -1.8529673e+02   2.3382628e+02
   5.9595860e+01  -1.4013000e+01
   4.7652309e+01  -1.2637832e+01
  -3.0681483e+02   5.1204996e+02
  -2.1365643e+02   2.9120479e+02
   1.2573439e+02  -2.4929563e+01
   9.0805979e+01  -1.4996521e+01
  -3.2851018e+01   2.3156246e+01
  -4.2078595e+01   3.0380997e+01
   1.1306809e+02  -2.9240190e+01
  -1.6494182e+02   1.9569003e+02
  -3.1740291e+02   5.3735194e+02
   1.1698430e+02  -2.7799451e+01
   3.0722851e+01  -8.2156262e+00
  -1.5359225e+02   1.8396365e+02
  -1.4818218e+02   1.6743127e+02
  -9.6877334e+01   9.2825699e+01
  -1.5099238e+02   1.7176703e+02
  -1.9508289e+02   2.5239217e+02
  -8.3294297e+01   7.6489791e+01
  -3.1377519e+02   5.2915415e+02
  -7.0880583e+01   6.2815450e+01
   9.7648579e+01  -3.3733104e+01
  -7.6711452e+01   6.9307027e+01
  -2.8330136e+02   4.4883806e+02
  -1.5030397e+02   1.7026958e+02
  -1.2515197e+02   1.3012113e+02
  -2.2675925e+02   3.1908231e+02
  -1.5831219e+02   1.8506489e+02
   2.9331306e+01  -7.6343035e+00
  -2.0136738e+01   1.3545408e+01
  -1.2887627e+02   1.3591497e+02
  -2.3810141e+02   3.4375512e+02
  -3.5008277e+01   2.5191810e+01
   3.0980907e+01  -8.2093774e+00
   1.2112027e+02  -2.6396013e+01
  -5.4527526e+01   4.6567153e+01
  -3.2902542e+02   5.7143031e+02
  -9.4249684e+01   8.9152234e+01
  -5.9717220e+01   5.1407895e+01
   9.3157656e+01  -1.4902041e+01
   1.0396924e+02  -3.1783216e+01
   8.8041380e+01  -3.5820753e+01
  -7.7050980e+01   7.0149456e+01
  -8.2564906e+01   7.5320931e+01
   8.2554577e+01  -1.5170744e+01
   2.6813494e+01  -7.2046718e+00
  -3.1402325e+02   5.3163971e+02
  -5.7121637e+01   4.9448322e+01
   1.0672993e+02  -3.1556760e+01
  -3.5619904e+02   6.4656943e+02
  -8.5371488e+01   8.4995762e+01
  -3.4320342e+02   6.1019477e+02
  -3.1375259e+02   5.2746025e+02
   6.9505546e+01  -1.4889403e+01
  -8.4390170e+00   7.0713489e+00
   7.0740589e+01  -1.4651487e+01
  -1.8668782e+02   2.3735331e+02
  -1.7885789e+02   2.2195243e+02
   3.0900324e+01  -8.4884369e+00
  -2.0286326e+02   2.6924960e+02
  -3.2929170e+02   5.7115267e+02
   5.1289687e+01  -1.3284438e+01
  -1.8680714e+02   2.3666013e+02
  -5.8331988e+01   5.0017184e+01
  -2.5086171e+02   3.7379295e+02
  -1.3073965e+02   1.3851282e+02
  -1.4406789e+01   1.0125793e+01
  -3.2228976e+02   5.5014028e+02
   1.2821284e+01  -2.6649109e+00
   8.0199464e+01  -3.6717049e+01
  -1.5218590e+02   1.7352597e+02
  -3.2745259e+02   5.6581200e+02
   1.2554596e+02  -2.4648148e+01
  -4.3959064e+01   3.6941188e+01
   6.5874835e+01  -1.4427373e+01
   1.3330121e+02  -2.1364265e+01
  -1.0924127e+02   1.0643171e+02
  -2.2746617e+02   3.1920588e+02
   1.1527091e+02  -2.8235865e+01
  -3.7325172e+01   3.1188082e+01
   1.0777442e+02  -3.0941026e+01
  -1.4987323e+02   1.6982183e+02
  -3.4984709e+02   6.3054153e+02
  -1.1524667e+02   1.1537118e+02
  -1.8975225e+02   2.4178226e+02
  -2.1349657e+02   2.9138608e+02
   1.0499890e+02  -3.1742964e+01
  -1.5216668e+02   1.8063867e+02
  -2.0027911e+02   2.6327302e+02
   9.6550121e+01  -3.3795180e+01
  -1.8069013e+02   2.2555610e+02
  -3.5521401e+02   6.4398678e+02
   3.5275436e+01  -1.0102970e+01
  -1.1081228e+01   8.3225682e+00
  -4.1919895e+01   1.2668599e+01
   8.6648570e+01  -1.5393237e+01
  -4.2245573e+01   1.3022917e+01
  -3.6279704e+02   6.6702514e+02
   4.6417938e+01  -1.2578427e+01
  -2.2622165e+02   3.1780234e+02
  -1.3759038e+02   1.4986690e+02
   1.0863108e+02  -3.0698955e+01
   6.8676466e+01  -1.4725023e+01
  -1.4431787e+02   1.6001856e+02
  -7.7187806e+01   6.9814291e+01
  -1.0113820e+02   9.7247152e+01
  -2.6990348e+02   4.1663906e+02
   2.2997133e+01  -5.6530996e+00
  -2.9535690e+01   1.8762056e+01
  -2.9875387e+02   4.8959361e+02
   9.3497266e+01  -1.4742709e+01
  -4.3714438e+01   1.4409658e+01
  -1.9167221e+02   2.4612089e+02
  -2.0012750e+02   2.6311816e+02
   7.6273346e+01  -1.5149702e+01
  -3.1356892e+02   5.2840589e+02
  -2.0563662e+02   2.7403521e+02
  -1.8933609e+02   2.4241420e+02
   1.2309523e+02  -2.5850960e+01
   2.0119306e+01  -4.5285457e+00
   8.1899681e+01  -3.6404662e+01
   9.0541722e+01  -3.4987326e+01
  -3.1569345e+02   5.3418389e+02
  -2.4452661e+02   3.5840928e+02
   3.3903349e+01  -9.3816033e+00
   1.2069516e+02  -2.6238750e+01
   3.9262702e+01  -1.0734574e+01
  -3.4924490e+01   2.8692015e+01
   7.5488418e+00  -4.1397029e-01
  -2.1213689e+02   2.8748935e+02
  -1.4358871e+02   1.5942072e+02
  -1.5802945e+02   1.8333953e+02
  -2.7031324e+02   4.1876714e+02
   8.3445023e+01  -3.6225902e+01
  -1.0496952e+02   1.0041092e+02
  -3.4552120e+02   6.1592964e+02
  -7.5306545e+01   6.7655693e+01
  -3.5026165e+02   6.3287433e+02
  -8.6100143e+01   8.6020169e+01
  -2.4932400e+02   3.6942635e+02
  -1.5926419e+02   1.8543157e+02
  -9.0123960e+01   8.4080030e+01
  -1.0956600e+02   1.0734578e+02
  -1.4272933e+02   1.5803290e+02
  -1.5608608e+02   1.8820771e+02
  -3.4457883e+02   6.1436912e+02
  -1.3087382e+02   1.3917587e+02
  -4.0555797e+01   2.9013543e+01
   1.1700390e+02  -2.8338746e+01
  -3.6884987e+02   6.8571530e+02
   1.1395801e+01  -2.0550757e+00
  -2.2978258e+02   3.2541167e+02
  -3.8192767e+01   1.0608311e+01
  -2.3239411e+02   3.3088586e+02
  -9.8858211e+01   9.4626422e+01
  -6.9404240e+01   6.1256686e+01
  -2.4709626e+02   3.6441036e+02
   1.0704443e+02  -3.1213712e+01
   6.6875269e+00   2.4497891e-01
   1.2781173e+02  -2.4153469e+01
  -1.5334680e+02   1.7524834e+02
  -2.9536752e+01   1.8600244e+01
   4.6768997e+01  -1.2257483e+01
   1.0618997e+02  -3.1256647e+01
  -2.9478029e+02   4.8105671e+02
  -3.2720805e+02   5.6720898e+02
   5.0368488e+01  -1.2570965e+01
  -1.8259298e+02   2.2949163e+02
   8.5804085e+01  -1.4888947e+01
  -1.7613273e+02   2.1728108e+02
  -3.3694983e+02   5.9163109e+02
  -2.9018150e+02   4.6717344e+02
   7.8535140e+01  -3.6902809e+01
   6.6767388e+01  -1.4924008e+01
  -2.4976365e+02   3.6946855e+02
  -2.0558628e+02   2.7545807e+02
  -8.2631702e+01   8.2180215e+01
  -3.5931654e+02   6.5354681e+02
  -7.8471959e+01   7.1254747e+01
  -3.2532722e+02   5.6129307e+02
  -2.5098155e+02   3.7254826e+02
  -3.1866574e+02   5.4252297e+02
   7.6198427e+01  -3.6974273e+01
  -1.5557464e+02   1.8654516e+02
  -6.2237134e+00   5.9817371e+00
   4.4955279e+01  -1.1692837e+01
  -3.5262786e+01   8.4687013e+00
   4.9391844e+01  -1.2340000e+01
   1.0964568e+02  -3.0124932e+01
   6.9490806e+01  -1.5004481e+01
  -1.0397501e+02   9.9079367e+01
  -1.8742376e+02   2.3804537e+02
  -1.5421663e+02   1.8481958e+02
  -4.5931056e+01   3.8684017e+01
  -1.8771877e+02   2.3897188e+02
   1.0511581e+02  -3.1479939e+01
   4.1645929e+01  -1.1231996e+01
  -2.7701054e+02   4.3505782e+02
  -4.4899286e+01   3.2772676e+01
  -2.4312612e+02   3.5605252e+02
   1.1240006e+02  -2.9774207e+01
  -2.0890169e+02   2.8029992e+02
   1.0167165e+02  -3.2851035e+01
  -1.4599498e+02   1.6299890e+02
   8.7449204e+01  -3.5445796e+01
  -1.5577874e+02   1.8745330e+02
  -1.9356359e+02   2.5000270e+02
  -4.1495227e+01   3.4689913e+01
   1.2343795e+02  -2.6013612e+01
  -2.8457246e+02   4.5291874e+02
  -1.6870040e+02   2.0310826e+02
  -2.1697542e+02   2.9769701e+02
  -5.8844842e+01   5.0714814e+01
  -3.6492273e+02   6.7113985e+02
  -2.8253368e+02   4.5085634e+02
  -1.3932207e+02   1.5258615e+02
  -3.4106793e-01   3.2207857e+00
   1.2208656e+02  -2.5977251e+01
  -2.6186637e+01   1.7210403e+01
  -4.8748727e+00   5.0854194e+00
  -1.5489268e+02   1.8617777e+02
  -3.4764328e+01   8.2372852e+00
  -9.0490934e+01   8.5117679e+01
  -8.1331118e+01   8.0346934e+01
  -5.2005068e+01   4.4129257e+01
  -1.5009428e+02   1.6995530e+02
  -3.1481423e+02   5.3080896e+02
  -2.6292092e+02   4.0118079e+02
  -5.0778772e+01   4.3072465e+01
  -4.2008914e+01   3.0634617e+01
  -3.0072455e+02   4.9660312e+02
  -1.5259645e+02   1.7413301e+02
  -3.1041475e+02   5.1902681e+02
  -1.1650159e+02   1.1732871e+02
  -8.5081154e+01   8.4880828e+01
   1.2299196e+00   2.4030562e+00
   7.1107505e+01  -1.5478544e+01
   8.5245920e+01  -1.5020379e+01
  -8.6318156e+01   8.6456379e+01
  -1.1751105e+01   9.0468320e+00
  -1.1798588e+02   1.1955231e+02
  -1.7904198e+02   2.2183015e+02
  -2.8477822e+02   4.5537164e+02
  -8.6928488e+01   8.0750681e+01
   9.5774375e+00  -1.6294234e+00
  -3.5377995e+02   6.4179938e+02
  -1.1343606e+01   8.0683276e+00
   9.1736719e+01  -1.4864401e+01
   3.3607460e+01  -8.8239826e+00
  -9.7008471e+01   8.9523049e+01
  -3.6059514e+02   6.6226144e+02
  -3.0307018e+02   5.0246611e+02
   8.5464360e+01  -1.5360835e+01
   1.0612131e+02  -3.1056812e+01
   1.8805767e+01  -4.6688713e+00
   1.0379925e+02  -3.1782375e+01
  -1.5566209e+02   1.8653527e+02
  -2.4810373e+02   3.6676103e+02
  -2.1741904e+02   2.9906292e+02
   7.2495841e+01  -1.4996418e+01
  -1.3751139e+02   1.4897546e+02
   1.5836259e+01  -3.3965219e+00
  -8.4641801e+01   8.4123640e+01
  -2.4239081e+02   3.5272571e+02
   1.1490819e+02  -2.8790825e+01
  -8.2973498e+01   8.2512928e+01
  -2.3953657e+02   3.4644096e+02
  -4.1001127e+01   2.9535528e+01
   2.5436188e+01  -6.4423546e+00
  -1.6178239e+02   1.8975319e+02
  -2.3590802e+02   3.3856804e+02
  -1.2656280e+01   9.1613940e+00
   5.9539831e+01  -1.4352606e+01
  -1.4024417e+02   1.5380085e+02
  -2.1025673e+02   2.8425087e+02
   8.1201087e+01  -1.5083033e+01
   1.4090244e+02  -1.8316829e+01
  -4.4233935e+01   3.6814603e+01
  -1.9442660e+02   2.5125926e+02
   1.2926405e+02  -2.3451363e+01
  -2.4346062e+02   3.5540192e+02
   8.0627163e+01  -1.5627745e+01
  -3.6839101e+02   6.8423936e+02
   8.0876082e+01  -1.5427310e+01
  -5.3540451e+01   4.5541947e+01
  -2.0357882e+02   2.7042917e+02
  -2.7367137e+02   4.2735441e+02
  -1.2550047e+02   1.3087230e+02
  -3.6735930e+01   9.6200619e+00
   8.0978619e+01  -3.6513542e+01
   1.2856680e+02  -2.3406010e+01
   7.7796246e+01  -3.7070008e+01
  -3.3028101e+02   5.7417012e+02
  -1.5044369e+02   1.7054787e+02
  -2.7571278e+02   4.3236788e+02
  -3.2630398e+02   5.6131359e+02
  -3.5874043e+02   6.5305227e+02
  -9.7894164e+01   9.3490493e+01
  -2.1442814e+02   2.9253703e+02
  -2.4536122e+02   3.5942802e+02
  -9.5534443e+01   9.0350773e+01
  -8.3020390e+01   7.6234763e+01
  -2.7989551e+02   4.4189894e+02
  -1.6972481e+00   3.5347350e+00
  -1.7366135e+02   2.1230894e+02
  -2.7999506e+02   4.4147432e+02
  -9.1517638e+01   9.2844216e+01
  -1.4018609e+02   1.5404437e+02
   9.3650435e+01  -1.5291380e+01
   9.4614803e+01  -3.4375032e+01
  -1.5286399e+02   1.7455288e+02
  -9.6309951e+01   9.8913487e+01
  -2.0945551e+02   2.8262593e+02
   9.8349101e+01  -3.3322103e+01
  -2.9846010e+02   4.8757046e+02
   1.2306456e+02  -2.5520712e+01
  -2.2764393e+02   3.2083227e+02
  -9.7456071e+01   1.0101688e+02
   3.6307839e+01  -9.7743696e+00
  -1.5745618e+02   1.8239124e+02
  -3.0486927e+02   5.0544337e+02
   8.7435605e+01  -3.5756044e+01
   7.7053259e+01  -1.5428750e+01
  -4.2773285e+01   3.5834029e+01
  -3.4773316e+02   6.2378804e+02
  -1.2617898e+02   1.3193498e+02
  -7.9215701e+01   7.2535635e+01
  -3.9302562e+00   4.9771662e+00
  -2.8263466e+02   4.4905878e+02
   1.1033430e+02  -2.9866264e+01
   3.6846657e+01  -1.0131899e+01
  -9.6331099e+01   9.9582605e+01
  -1.8706908e+02   2.3751033e+02
  -3.7936253e+01   9.8272513e+00
  -3.8801381e+01   2.7802905e+01
  -3.0525383e+02   5.0585409e+02
  -2.6368281e+02   4.0125393e+02
  -1.2288834e+02   1.2669925e+02
   8.5812612e+01  -3.5858889e+01
   7.1016611e+01  -1.5459008e+01
  -4.6198433e+01   3.8920643e+01
  -2.3517468e+02   3.3646895e+02
   1.1897008e+02  -2.7377633e+01
  -1.1373926e+02   1.1285656e+02
  -3.4922864e+02   6.2485289e+02
  -1.8977320e+02   2.4292443e+02
   6.1626888e+01  -1.4426998e+01
   7.5718568e+01  -1.5065624e+01
   1.2250442e+02  -2.5940168e+01
  -1.5993754e+02   1.8696181e+02
  -1.1197041e+02   1.1075063e+02
   4.4046453e+01  -1.1692688e+01
   7.9131863e+01  -3.6729275e+01
  -1.5615228e+02   1.8845159e+02
   1.3470629e+02  -2.1170947e+01
   5.9657394e+01  -1.4269831e+01
   3.1475695e+01  -8.2616694e+00
  -2.0452093e+02   2.7225975e+02
  -4.3947361e+01   3.7212567e+01
  -3.8579227e+01   3.2405374e+01
  -1.0222589e+02   9.8557686e+01
   1.8393890e+01  -4.4469232e+00
   9.2312194e+01  -1.4712240e+01
   6.1075327e+01  -1.4219224e+01
  -2.7461299e+02   4.2900903e+02
   1.8566301e+01  -4.3978461e+00
  -8.9196702e+01   8.3567611e+01
  -1.8629744e+02   2.3604405e+02
   4.9968839e+01  -1.3046055e+01
   1.0975940e+02  -3.0531558e+01
  -1.0939758e+02   1.0692852e+02
  -2.7201359e+02   4.2218354e+02
  -1.6644098e+02   1.9896419e+02
  -3.8923420e+01   3.2763391e+01
   1.2066370e+02  -2.7148970e+01
  -1.1435648e+02   1.1436518e+02
   1.0482384e+02  -3.1999172e+01
  -2.2005331e+02   3.0401532e+02
  -1.0970147e+02   1.0785025e+02
  -2.8899139e+02   4.6464716e+02
  -8.9044953e+01   8.3059208e+01
  -3.5684308e+02   6.4924123e+02
   1.1610373e+02  -2.8077270e+01
   1.2349951e+02  -2.5596284e+01
  -1.9762056e+02   2.5813201e+02
  -3.5712144e+02   6.4844435e+02
  -7.9673111e+01   7.2414547e+01
   4.9460705e+01  -1.2525073e+01
  -3.0312447e+02   5.0151268e+02
  -1.5409734e+02   1.7724309e+02
   1.1758497e+02  -2.7918516e+01
  -2.3824382e+02   3.4320165e+02
  -1.8440793e+02   2.3181839e+02
  -2.8592946e+01   1.8071485e+01
  -1.7010768e+02   2.0526316e+02
  -2.9923929e+02   4.8994464e+02
   2.0139276e+01  -5.1991799e+00
   1.2267940e+02  -2.6170809e+01
  -3.6804340e+02   6.8476533e+02
   4.2861404e+01  -1.1309425e+01
   5.2359070e+01  -1.2855449e+01
   1.2279837e+02  -2.6282263e+01
  -4.3508172e+01   3.1776000e+01
  -4.2413428e+01   1.2933676e+01
  -2.6948393e+02   4.1498943e+02
   6.0792440e+01  -1.4292762e+01
  -1.9690766e+02   2.5781633e+02
  -1.0095588e+02   9.7040045e+01
