  -6.1634172e+02   1.0239848e+03
  -2.2364853e+02   3.0193243e+02
  -5.3480160e+02   7.9243957e+02
  -6.6402684e+02   1.1733633e+03
  -4.3606238e+02   5.9069027e+02
  -7.2948974e+02   1.3898767e+03
   1.5685909e+02   3.5223177e+01
  -3.0745482e+02   3.1034247e+02
  -5.3874823e+02   8.0353486e+02
  -5.9391655e+02   9.5852578e+02
   7.5681068e+01   7.1893225e+00
  -1.9688093e+02   2.5839657e+02
   1.3106322e+02   7.4943444e-01
  -6.2188184e+02   1.0428318e+03
  -2.1363356e+02   2.8571327e+02
  -1.1413168e+02   1.2585768e+02
  -2.5816617e+02   3.6327698e+02
  -3.8492419e+02   4.7216046e+02
  -6.4719096e+02   1.1208825e+03
  -6.6837981e+02   1.1871188e+03
   1.2812844e+02   3.0825909e+01
  -5.9529893e+02   9.6163556e+02
  -7.7369757e+02   1.5427897e+03
  -6.5726969e+02   1.1508942e+03
  -5.3131874e+02   7.8172114e+02
   8.4446217e+01  -9.4813423e+00
  -5.2128879e+02   7.5597649e+02
  -5.3362806e+02   7.8995605e+02
  -4.3840301e+02   5.9586896e+02
  -4.8596217e+02   6.6474210e+02
  -5.9407558e+02   9.5926693e+02
  -3.0226981e+01   1.4872722e+01
  -5.7549104e+02   9.0423599e+02
  -4.2905293e+02   5.7342026e+02
  -5.5196248e+02   8.3816476e+02
  -3.2249611e+01   1.6454777e+01
  -7.2130135e+02   1.3617619e+03
  -7.1420010e+02   1.3356896e+03
  -8.2459107e+01   9.1226132e+01
   3.5204053e+01   1.8157366e+01
  -5.5076045e+01   3.4444537e+01
  -3.3437060e+02   3.6463011e+02
  -6.0163450e+02   9.8136681e+02
  -1.7125343e+02   2.1832791e+02
   9.2522490e+01  -5.0725097e+00
   1.2279433e+01   2.7134762e+01
  -4.5012725e+02   6.2518735e+02
  -1.3680638e+02   1.6867694e+02
  -7.3712416e+02   1.4178025e+03
   4.2422694e+01   1.5852362e+01
  -9.3906033e+01   1.0594085e+02
  -6.9292138e+02   1.2656828e+03
   1.0594799e+02   2.3756247e+01
  -5.0543101e+02   7.1553048e+02
  -7.1580524e+02   1.3422253e+03
   1.1597282e+02   8.0249865e+00
  -4.7565375e+02   6.3796863e+02
  -8.2389619e+00   3.2815848e+01
   1.1975573e+02   1.0402745e+01
  -6.5411651e+01   4.3346489e+01
  -4.1840601e+02   5.4811941e+02
  -6.1122889e+02   1.0094863e+03
  -5.2075745e+02   7.5411609e+02
  -6.7217927e+01   7.5399805e+01
   1.2899535e+02   3.2807256e-01
  -6.3075885e+02   1.0672703e+03
  -7.3843807e+02   1.4186554e+03
  -4.9259491e+00   3.5192496e+01
   7.8801198e+01  -1.2086302e+01
  -5.3559039e+01   3.3121490e+01
  -6.0206005e+01   6.8493262e+01
  -7.6162766e+02   1.5019381e+03
  -2.4625930e+02   3.4192436e+02
  -6.2316858e+02   1.0467794e+03
  -7.4600235e+02   1.4458864e+03
  -3.7938211e+02   4.5882198e+02
  -5.6356303e+01   3.5335906e+01
   1.2998548e+02  -3.6551443e+01
  -7.4648940e+02   1.4484573e+03
   6.6364937e+01   9.1778431e+00
   4.2536797e+00   3.0898545e+01
   1.2290479e+02  -4.1038099e-01
  -6.5500618e+02   1.1425985e+03
  -1.1680801e+02   1.2872620e+02
   1.3073925e+02   3.2002324e+01
  -7.2417600e+02   1.3708278e+03
  -3.6865416e+02   4.3525793e+02
   4.6967048e+00   3.0660181e+01
  -9.4534609e+01   1.0400177e+02
   1.1715563e+02  -1.5673003e+00
   1.1355467e+02  -3.7283605e+01
  -9.9578716e+01   1.1310372e+02
  -2.0292207e+01   7.9586346e+00
  -1.9198408e+00   3.3838916e+01
   2.6849180e+01   2.1100260e+01
  -5.4904269e+02   8.3069739e+02
  -5.2967890e+02   7.7838483e+02
  -1.6031537e+01   3.7789677e+01
  -6.2441082e+02   1.0482964e+03
  -4.8420676e+02   6.5985105e+02
  -6.0252904e+02   9.8431217e+02
  -6.8790888e+02   1.2485263e+03
  -1.2887765e+02   1.5824410e+02
  -6.6228388e+01   4.3823994e+01
   1.2087388e+02   1.4787940e+00
  -5.7513102e+02   9.0358343e+02
   1.0367587e+02  -3.6920353e+01
  -5.0554594e+01   3.0394734e+01
  -6.0159255e+01   3.8374456e+01
  -1.0262291e+01   3.8069081e+01
  -6.2251228e+02   1.0432702e+03
   1.0377849e+02  -3.7489594e+01
  -7.1278692e+02   1.3318631e+03
   1.1877244e+01   2.7313154e+01
  -2.3020266e+02   3.1455011e+02
   1.2650602e+02   3.0316675e+01
  -1.1064668e+02   1.3446976e+02
  -6.0462623e+02   9.9069055e+02
   1.3017736e+02   3.1837437e+01
  -8.1073877e+00   3.2824758e+01
   1.1513702e+02  -3.7372341e+01
  -4.7759818e+01   5.7089764e+01
  -5.0561367e+02   7.1512717e+02
  -1.7127133e+02   2.1926907e+02
  -2.9986613e+02   2.9645230e+02
  -3.3877917e+02   3.7362601e+02
  -6.2048807e+01   3.9906284e+01
  -5.3870484e+01   3.2951246e+01
  -9.5837664e+01   1.0535752e+02
   1.1820176e+02  -3.7017968e+01
   1.2720878e+02   3.0784832e+01
  -6.1511886e+02   1.0222753e+03
  -3.6333380e+02   4.2441385e+02
   1.2759905e+02  -5.8848416e-02
  -6.7090207e+01   7.5475102e+01
   8.1781349e+01  -1.0708485e+01
  -5.3395049e+02   7.9033474e+02
  -3.3719467e+02   3.6981003e+02
   1.1607194e+02   2.6684872e+01
   3.2861727e+01   1.9236257e+01
  -4.2766878e+02   5.6935314e+02
   1.2013472e+02  -1.2916202e+00
  -1.8259056e+02   2.3583216e+02
  -4.2029858e+00   3.5018498e+01
  -6.7777989e+00  -1.2508216e+00
   8.3109775e+01  -9.6739068e+00
  -1.0129131e+01   3.4185700e+01
  -5.1550402e+01   3.1563516e+01
  -8.0520121e+01   8.9244797e+01
  -4.9036007e+01   5.8646446e+01
  -8.1570762e+01   8.9728221e+01
   3.3859797e+01   1.8795887e+01
  -7.7831504e+02   1.5635217e+03
  -4.9957600e+02   6.9913867e+02
  -2.4597075e+02   3.4184842e+02
  -1.4463164e+02   1.8009493e+02
  -1.0747642e+02   1.1823516e+02
  -1.1252856e+02   1.2396912e+02
  -2.6835982e+02   3.8202297e+02
  -6.1161013e+02   1.0108970e+03
  -9.5987575e+01   1.0538948e+02
   1.1430944e+02  -3.7165041e+01
  -1.3404018e+02   1.6487498e+02
  -2.2902738e+02   3.1216276e+02
  -4.5677105e+02   6.3976050e+02
  -8.8746337e+01   9.7580721e+01
  -7.0051544e+02   1.2929731e+03
  -5.9751056e+02   9.6886209e+02
  -3.8086770e+02   4.6320894e+02
  -8.7211058e+00   3.7301798e+01
  -6.6296254e+02   1.1693950e+03
  -5.1675200e+01   3.1751577e+01
   7.3692027e+01   7.1943892e+00
   3.3022195e+01   1.8956970e+01
  -5.9098388e+02   9.5059835e+02
   3.2075631e+01   1.9658740e+01
  -1.3256204e+02   1.6322697e+02
   1.3006199e+02   3.2155706e+01
  -1.7302961e+02   2.2179790e+02
  -5.0224956e+02   7.0548875e+02
  -5.5643139e+00   3.5433265e+01
  -5.7362633e+02   9.0034350e+02
  -4.5241532e+02   6.2896303e+02
  -2.0354122e+02   2.6989135e+02
  -4.9455381e+02   6.8601909e+02
   1.3519797e+02   8.8017126e-01
   7.7216989e+01  -1.2736965e+01
   1.2430266e+02  -3.7251898e+01
  -6.9969014e+02   1.2905903e+03
  -7.2794099e+02   1.3823073e+03
  -9.8597406e+01   1.1177272e+02
   8.1691867e+01   1.7957566e+01
  -3.8065328e+02   4.6283611e+02
   1.1671764e+02   8.0470224e+00
  -5.6196919e+02   8.6589163e+02
  -5.9645863e+02   9.6633852e+02
  -1.1605998e+02   1.4137050e+02
  -2.0492420e+02   2.7163983e+02
   1.5295043e+02   3.1888179e+01
  -2.1124078e+02   2.8219505e+02
  -1.0729136e+02   1.2271307e+02
  -4.8771044e+02   6.6835323e+02
  -6.1262889e+02   1.0122676e+03
  -4.9189029e+02   6.7912661e+02
   9.0451998e+01  -6.3623401e+00
  -1.7057378e+02   2.1786025e+02
   1.7608616e+01   2.4836838e+01
  -9.3529913e+00   1.5084817e-01
  -5.1985285e+02   7.5070814e+02
   8.0757836e+01  -1.1213960e+01
  -4.2752530e+02   5.6935581e+02
   1.4188635e+02   3.6992580e+01
   1.0120602e+02   3.1208202e+00
  -7.1162638e+02   1.3282788e+03
  -1.0672248e+02   1.2204084e+02
   1.1447382e+02   2.3688118e+00
  -5.2813266e+02   7.7369323e+02
   1.0233953e+02   3.1401127e-02
  -9.3418056e+01   1.0540208e+02
  -2.5328980e+02   3.5473215e+02
  -5.6474701e+02   8.7358665e+02
  -6.8062563e+02   1.2245475e+03
   1.2029916e+02  -1.4038842e+00
   1.2579369e+02   1.3695312e+01
  -3.8068440e+02   4.6194673e+02
   6.8541809e+01  -1.6732057e+01
  -7.7237188e+02   1.5387067e+03
  -1.2213361e+02   1.4893507e+02
  -1.0303480e+01   3.8274600e+01
  -5.0536497e+02   7.1220002e+02
  -9.1609130e+01   1.0329309e+02
  -1.3837794e+02   1.7148409e+02
   1.0741893e+02   2.1919820e+00
  -4.1423260e+02   5.3753079e+02
  -6.4514062e+02   1.1134472e+03
  -6.9082721e+02   1.2588954e+03
  -5.6313939e+02   8.7110687e+02
   1.4068372e+01   2.6618623e+01
  -3.6709815e+02   4.3205870e+02
  -6.3127135e+02   1.0694840e+03
  -9.9655442e+01   1.0894092e+02
   1.0580078e+02   2.6894936e+00
  -4.0216135e+02   5.1094496e+02
   1.0541030e+02   1.1643160e+00
  -1.1400671e+02   1.3907386e+02
  -5.2317371e+01   3.1997614e+01
   1.2802790e+02  -1.1394026e-01
   1.2627701e+02  -2.6502398e-01
  -6.0249616e+02   9.8302470e+02
   8.6869079e+01   1.9167912e+01
  -1.1251695e+02   1.2400173e+02
   1.2233671e+02   2.9391018e+01
  -9.4588458e+01   1.0653957e+02
  -6.4547713e+02   1.1154000e+03
  -9.1523536e+01   1.0076160e+02
  -4.4605980e+00   3.0951002e+01
  -1.0268418e+02   1.1259996e+02
  -4.9214519e+01   5.8461888e+01
  -3.9653008e+02   4.9794497e+02
  -1.0879032e+02   1.2427752e+02
  -4.3815428e+02   5.9472695e+02
  -1.1075562e+01   9.8056688e-01
  -3.0805786e+02   3.1209429e+02
  -6.7969316e+02   1.2230077e+03
  -2.3172214e+02   3.1672486e+02
  -3.3562135e+01   1.7418257e+01
  -5.5193431e+02   8.3868629e+02
  -5.1314440e+01   3.0749306e+01
  -4.8620172e+02   6.6468634e+02
  -6.9458145e+02   1.2734907e+03
   2.9548120e+01   2.0247256e+01
  -3.5544502e+02   4.0892978e+02
  -6.3722348e+02   1.0884257e+03
   1.2954693e+02   3.1380509e+01
   1.1946333e+02   1.4902460e+00
  -1.4254318e+01   3.6397452e+01
  -5.5625846e+02   8.5033803e+02
   1.0329147e+02   2.9646541e+00
  -6.9403222e+02   1.2695997e+03
  -5.3673800e+02   7.9675079e+02
   5.6558579e+01   1.1430367e+01
  -3.8386022e+02   4.7043968e+02
  -7.6059588e+02   1.4996134e+03
  -5.4379666e+02   8.1700154e+02
  -3.5414234e+02   4.0484301e+02
   1.3910967e+02   2.2917786e+01
   1.4749269e+02   2.8296011e+01
   9.8293281e+01  -2.0964925e+00
  -7.3037539e+01   8.1255183e+01
  -7.2073029e+02   1.3592473e+03
  -3.3988153e+02   3.7560981e+02
   3.4660855e+01   1.8383402e+01
   8.0828858e+01  -1.0787343e+01
  -1.9529881e+02   2.5607603e+02
  -5.6132840e+02   8.6297964e+02
  -4.0927615e+02   5.2718712e+02
  -3.1316987e+02   3.2192254e+02
  -1.1322955e+02   1.2460538e+02
  -5.6598279e+02   8.7786418e+02
   9.6269541e+01  -3.2346628e+00
  -1.4087992e+02   1.7437911e+02
  -4.4204438e+02   6.0439994e+02
  -4.2202774e+02   5.5563583e+02
   6.0135857e+00   3.0245790e+01
  -6.8322438e+01   4.5548438e+01
  -1.7558114e+02   2.2497015e+02
   7.9470055e+01  -1.1829245e+01
   8.8923515e+01  -6.9639108e+00
   9.2908413e+01   2.0391298e+01
   1.3649085e+02   1.1152064e+00
   1.1387554e+02   6.1139050e+00
   1.2725624e+02   1.4899201e+01
  -1.8632015e+01   6.4092494e+00
  -1.8527120e+02   2.4026988e+02
  -5.8008226e+02   9.1896972e+02
   8.0186621e+01  -1.1431252e+01
  -5.4944477e+02   8.3164986e+02
  -2.1153153e+01   8.1891030e+00
  -4.3484395e+02   5.8810788e+02
  -1.2903736e+02   1.5853402e+02
  -2.0572478e+02   2.7261708e+02
  -6.6489983e+02   1.1759950e+03
   1.3846260e+02   3.4801927e+01
  -1.8086463e+02   2.3370529e+02
   1.1970880e+02   1.0047281e+01
  -3.9406443e+02   4.9292571e+02
  -5.5356917e+02   8.4369095e+02
  -7.5335855e+02   1.4743719e+03
  -3.8587623e+02   4.7377228e+02
  -7.4964809e+02   1.4585308e+03
  -6.7024043e+02   1.1926215e+03
   1.3379798e+02   1.0912337e+00
  -4.2145283e+02   5.5628270e+02
  -5.2796985e+02   7.7260663e+02
  -4.3129346e+01   2.4607640e+01
  -5.1880633e+02   7.4970358e+02
   9.5048990e+01  -4.2179889e+00
  -1.5056296e+02   1.8793305e+02
  -3.2914339e+01   1.6926297e+01
  -5.6341825e+02   8.7130583e+02
  -5.8293149e+02   9.2777697e+02
  -2.6272236e+02   3.7202376e+02
  -2.1520521e+02   2.8863344e+02
  -1.5754111e+02   1.9849789e+02
  -5.0690801e+02   7.1816319e+02
   1.0483418e+02   9.9723474e-01
  -7.6786546e+02   1.5231970e+03
  -5.2845421e+02   7.7509487e+02
  -6.1049811e+02   1.0071474e+03
  -6.7035599e+02   1.1919163e+03
  -4.0417484e+02   5.1484557e+02
  -5.7040407e+02   8.8972297e+02
  -4.1350806e+02   5.3622247e+02
   5.0649493e+01   1.3534941e+01
   1.3761576e+02   3.4735977e+01
   1.3279032e+02  -3.5827682e+01
  -6.5043399e+02   1.1289251e+03
  -2.0475916e+02   2.7180742e+02
  -3.2106664e+02   3.3711053e+02
   1.1530417e+02   2.0144309e+00
  -1.1120988e+02   1.3447419e+02
  -7.7124546e+01   8.4820378e+01
  -1.1264548e+02   1.3667263e+02
  -3.8119481e+02   4.6398387e+02
   1.2253832e+02   1.1634293e+01
   1.1064234e+02   4.8041798e+00
  -5.7286762e+02   8.9788828e+02
  -6.3688217e+02   1.0868574e+03
  -5.6348362e+02   8.7310751e+02
   5.5591393e+01   1.2018997e+01
  -5.7045906e+02   8.9013219e+02
   1.3269410e+02   3.2536226e+01
  -7.3374107e+02   1.4049081e+03
  -5.2718521e+02   7.7134781e+02
   9.1422411e+01  -5.6995873e+00
   5.5628789e+01   1.1871180e+01
  -7.9802137e+01   8.8550649e+01
  -2.2274222e+02   3.0112225e+02
  -1.3855297e+02   1.7145550e+02
   1.1989632e+02   2.8317569e+01
  -1.1135487e+02   1.2267962e+02
  -5.7567528e+02   9.0601513e+02
  -1.1064530e+02   1.2120976e+02
  -2.1987893e+02   2.9624517e+02
  -1.8468371e+02   2.3888072e+02
  -5.8949555e+02   9.4592063e+02
  -1.9074123e+01   3.9838690e+01
  -4.0268856e+02   5.1150933e+02
   1.1399763e+02   2.6239497e+01
  -5.9120789e+02   9.4852159e+02
  -1.1937839e+02   1.4539857e+02
   1.3986772e+02   3.5308665e+01
   6.5738129e+01   9.0583496e+00
  -3.3782840e+02   3.7094214e+02
   1.0681363e+02   2.3989936e+00
   1.4159608e+02   2.4558524e+01
   1.1329336e+02  -3.7304082e+01
  -1.9739746e+02   2.5934601e+02
  -3.5864485e+02   4.1478332e+02
  -6.4008919e+02   1.0978522e+03
  -5.9077713e+02   9.4984409e+02
  -1.1301322e+01   3.8348420e+01
  -1.1458826e+02   1.3948675e+02
  -5.4752902e+02   8.2570080e+02
   3.0322329e+00   2.6593715e+01
  -4.3804562e+02   5.9407443e+02
   1.3148625e+02   3.8294829e-01
   1.1260037e+02   2.0628451e+00
   4.7036367e+01   1.4627613e+01
  -5.8906514e+02   9.4541030e+02
  -5.5644561e+01   3.4618013e+01
  -7.5814592e+02   1.4892446e+03
  -3.9960148e+02   5.0439030e+02
  -2.6950900e+02   3.8397896e+02
  -4.8277724e+02   6.5633221e+02
   1.2296468e+02  -7.2967267e-01
  -9.2551241e+01   1.0448123e+02
  -6.7867745e+02   1.2205866e+03
  -2.6658161e+02   3.7922079e+02
  -4.3212142e+02   5.8117702e+02
  -5.2279113e+00   3.1281197e+01
  -3.2647103e+02   3.4840179e+02
  -4.1623096e+02   5.4356790e+02
   9.8185362e+01   3.2864071e+00
   5.6227374e+00   3.0351790e+01
  -3.4381735e+02   3.8330902e+02
   1.1332795e+02   6.6670999e+00
  -1.2869125e+02   1.5741919e+02
  -4.8983830e+02   6.7287256e+02
  -4.9276549e+02   6.8035860e+02
  -2.4656574e+02   3.4291660e+02
  -5.3918791e+01   3.3330041e+01
  -4.0600513e+02   5.1934468e+02
  -7.8055445e+02   1.5687876e+03
   2.8319462e+01   2.0506529e+01
  -7.0786423e+01   4.7372017e+01
  -4.8474255e+02   6.5979652e+02
  -3.8951821e+02   4.8212832e+02
  -1.2710092e+01   2.4826443e+00
  -1.8161827e+02   2.3499654e+02
  -1.0335765e+02   1.1332058e+02
  -4.3116323e+02   5.7903414e+02
  -2.9614828e+02   2.8974411e+02
   1.3733230e+02   3.4484271e+01
  -2.3931775e+02   3.3001731e+02
  -1.5635301e+02   1.9673491e+02
  -6.7858616e+02   1.2210331e+03
  -3.1020440e+02   3.1601927e+02
  -9.5411119e+01   1.0735682e+02
  -1.0036453e+02   1.1404077e+02
  -1.0203590e+02   1.1214921e+02
  -7.6388227e+01   8.4605008e+01
  -6.4301748e+02   1.1055591e+03
  -1.5043342e+02   1.8822989e+02
   1.3360618e+02   1.9065411e+01
  -2.1047143e+02   2.8098757e+02
  -1.7095544e+02   2.1875086e+02
   1.4802383e+02   2.8293304e+01
  -1.5000213e+02   1.8721420e+02
  -1.3787793e+02   1.7100521e+02
  -7.7814775e+02   1.5587678e+03
  -1.7737956e+02   2.2855426e+02
  -9.0376269e+00  -7.3638850e-02
  -5.8494534e+02   9.3406388e+02
  -6.2769292e+02   1.0590332e+03
   1.2912892e+02   3.1513478e+01
  -4.3058461e+02   5.7705725e+02
  -1.0205982e+02   1.1621962e+02
  -2.4306322e+02   3.3603574e+02
   3.5798457e+01   1.8153132e+01
  -1.7339572e+02   2.2219016e+02
  -3.9593265e+02   4.9655351e+02
   1.2007344e+02   1.0050213e+01
  -3.1866545e+02   3.3318967e+02
  -7.1397703e+02   1.3347510e+03
  -6.8976759e+01   4.5944620e+01
  -6.3966130e+02   1.0951045e+03
  -2.0937820e+01   4.3312722e+01
  -5.9611418e+02   9.6494261e+02
   1.3718230e+02   2.0951178e+01
  -7.5325931e+02   1.4693618e+03
  -1.7859368e+02   2.3031499e+02
  -2.1286965e+02   2.8512514e+02
   8.0263504e+01  -1.1351819e+01
   4.2710840e+01   1.5738630e+01
  -2.5411915e+02   3.5634941e+02
  -4.2509624e+02   5.6353795e+02
  -2.2528003e+02   3.0550080e+02
  -4.8669487e+02   6.6567042e+02
   1.8013758e+01   2.4975584e+01
  -6.8057769e+02   1.2244980e+03
   1.2699209e+02   3.0716794e+01
  -7.8090172e+02   1.5708469e+03
   1.0025548e+02   2.2485434e+01
  -8.1589636e+01   8.9834524e+01
  -5.0915456e+02   7.2294451e+02
   1.0492535e+02   2.3745227e+01
   1.1730285e+02   2.7390738e+01
  -5.3274375e+02   7.8612050e+02
  -7.3057963e+01   8.1248111e+01
   1.8623728e+01   2.4530561e+01
  -9.1954949e+01   1.0391108e+02
  -7.0566683e+02   1.3075959e+03
   7.4535747e+01   7.3666981e+00
   9.1547725e+01  -5.9004684e+00
  -3.7947952e+02   4.5908200e+02
  -2.0605481e+02   2.7303795e+02
   6.9695018e+01   8.3123113e+00
   1.3920542e+02   2.2685336e+01
  -5.0869763e+02   7.2107698e+02
  -4.4234009e+02   6.0506116e+02
  -1.0034762e+02   1.1440074e+02
  -2.6347023e+02   3.7300873e+02
  -4.2185828e+01   2.3961296e+01
  -6.8852128e+02   1.2493616e+03
  -3.2946699e+02   3.5410279e+02
  -9.7400843e+00   3.5968551e-01
  -1.8954327e+02   2.4670850e+02
  -1.3819242e+02   1.7108962e+02
  -3.4862973e+01   1.8241716e+01
   8.7262214e+01   1.9299728e+01
  -2.2064389e+02   2.9768721e+02
  -9.2002334e+01   1.0347983e+02
  -3.9579303e+02   4.9645211e+02
   1.4519312e+02   2.7022228e+01
   1.0837730e+02   2.7600987e+00
  -7.0640574e+01   4.7370370e+01
  -3.2512077e+02   3.4504848e+02
  -7.1113826e+02   1.3269319e+03
  -5.6446893e+02   8.7425474e+02
  -9.3547918e+01   1.0234922e+02
   4.6536801e+00   2.5464467e+01
  -3.4386492e+02   3.8317693e+02
  -7.0983142e+02   1.3205107e+03
   1.1688507e+02  -3.7038924e+01
  -3.0621627e+02   3.0741754e+02
  -5.2694005e+02   7.7080548e+02
  -1.6766460e+02   2.1380959e+02
  -4.3900252e+02   5.9797459e+02
  -4.5180203e+00   3.0781140e+01
  -9.7072980e+00   3.7928288e+01
  -1.7661319e+02   2.2682198e+02
  -3.1193824e+02   3.1944035e+02
   1.6784108e+01   2.5161273e+01
  -1.8826775e+02   2.4469479e+02
   1.1666744e+02  -1.3828184e+00
  -7.4025889e+02   1.4258094e+03
  -3.2762382e+02   3.5023504e+02
  -3.0981913e+02   3.1499979e+02
  -3.7843065e+02   4.5646929e+02
   1.0060362e+02   3.0564793e+00
  -9.1242340e+00   3.7170474e+01
   1.2354908e+02   2.9459768e+01
   1.2510695e+02   1.3683859e+01
   1.2776954e+02  -3.6363411e+01
  -5.8458057e+02   9.3163143e+02
  -5.6653959e+02   8.7949726e+02
  -7.1368420e+02   1.3334008e+03
  -7.7319880e+02   1.5418771e+03
   1.1384320e+02   6.7451100e+00
  -4.4898977e+01   2.5891060e+01
   8.8392615e+01   1.9207236e+01
  -4.9800816e+02   6.9556681e+02
  -9.3103134e+01   1.0490322e+02
  -1.0678317e+02   1.2932865e+02
   7.7616502e+01  -1.2521260e+01
   1.0963126e+02   2.1272528e+00
  -7.5820237e+02   1.4887072e+03
  -5.7685181e+02   9.1036833e+02
  -5.2577070e+02   7.6687328e+02
  -4.3442326e+02   5.8573920e+02
  -1.2072583e+02   1.3327704e+02
  -3.5516634e+02   4.0725051e+02
  -5.8250057e+02   9.2421167e+02
  -7.1188265e+02   1.3281454e+03
   1.0223227e+02   3.3858851e+00
  -5.0708532e+02   7.1846826e+02
   1.6202089e+01   2.5711337e+01
  -6.3525973e+02   1.0820507e+03
   9.9309783e+01  -3.7035609e+01
  -4.4118295e+02   6.0231050e+02
   1.4198612e+02   2.4813489e+01
  -6.3163257e+02   1.0704686e+03
  -5.0695627e+01   3.0185071e+01
  -6.6389649e+02   1.1731257e+03
  -4.9862809e+02   6.9623997e+02
  -7.8081055e+02   1.5669733e+03
   3.5645421e+01   1.8339564e+01
  -1.7466797e+02   2.2449717e+02
  -7.3744459e+02   1.4137880e+03
  -1.1434680e+02   1.2628046e+02
  -1.0996739e+01   3.4881801e+01
   1.3129760e+01   2.7182878e+01
  -7.7540101e+02   1.5509652e+03
   9.9695071e+01  -3.7186991e+01
  -7.2750502e+02   1.3814412e+03
  -6.1197725e+02   1.0109434e+03
  -1.1515556e+01   3.5313092e+01
  -4.9637942e+02   6.9068226e+02
  -5.8237941e+02   9.2474142e+02
  -2.0238310e+02   2.6749693e+02
  -3.4870172e+01   1.8163776e+01
  -3.2547788e+02   3.4641686e+02
  -1.2016477e+02   1.3235299e+02
   1.2834452e+02   1.5477827e+01
  -6.3753855e+02   1.0899130e+03
  -2.4453705e+02   3.3897381e+02
  -1.0399276e+02   1.1435641e+02
  -1.5823356e+02   1.9956769e+02
  -5.0108574e+02   7.0327502e+02
  -1.8295722e+02   2.3720493e+02
  -7.7918181e+02   1.5658210e+03
  -1.1724222e+02   1.4289015e+02
  -2.0628115e+02   2.7326477e+02
  -6.8900506e+02   1.2526064e+03
  -3.2503606e+02   3.4586704e+02
  -3.7750119e+02   4.5560631e+02
  -5.9062917e+02   9.5017905e+02
  -1.5503568e+01   4.0665175e+01
  -6.1858498e+02   1.0331044e+03
  -1.1298760e+02   1.2489451e+02
  -4.2919453e+02   5.7339314e+02
  -6.6269476e+02   1.1669954e+03
  -5.3821107e+02   8.0087935e+02
  -6.4356124e+02   1.1081396e+03
  -2.6525010e+00   3.4367490e+01
  -2.0169698e+02   2.6624663e+02
   1.3801205e+02   2.1671985e+01
  -1.1175263e+02   1.2332530e+02
  -3.3869696e+02   3.7360688e+02
  -6.5574926e+02   1.1468438e+03
   1.1785708e+02   2.7268092e+01
  -3.3433204e+02   3.6449577e+02
   1.2988307e+02   3.7428908e-01
  -5.8229891e+02   9.2354999e+02
  -7.2151923e+02   1.3609981e+03
  -3.6126722e+02   4.2087714e+02
  -4.1861035e+02   5.4929035e+02
  -5.4344165e+02   8.1455931e+02
  -2.2213713e+02   3.0032794e+02
  -1.1660566e+02   1.2838628e+02
   1.2369430e+02   1.2370932e+01
  -1.3355245e+02   1.6468404e+02
  -3.9035922e+02   4.8322508e+02
   1.2166544e+02  -3.7242731e+01
  -1.3682862e+01   3.9724295e+01
   1.0989938e+02   4.0311998e+00
  -1.4637320e+02   1.8278650e+02
  -2.4874068e+02   3.4631418e+02
   3.6828095e+01   1.7885935e+01
  -4.9657793e+02   6.9115486e+02
  -6.4883962e+02   1.1246642e+03
  -7.3530374e+02   1.4104027e+03
  -5.4482549e+02   8.1882599e+02
  -5.6207630e+01   6.5017876e+01
   1.0606955e+02  -3.7721354e+01
  -4.4890942e+02   6.2055396e+02
   8.4828555e+01  -8.9326414e+00
  -2.2242084e+02   2.9987263e+02
  -4.3882102e+02   5.9622882e+02
  -7.7742688e+02   1.5558819e+03
  -5.6835697e+02   8.8408746e+02
   1.3938491e+02  -3.5765792e+01
  -1.0179621e+02   1.1181481e+02
  -1.9583790e+02   2.5678582e+02
   7.9314808e+01   6.3822850e+00
  -9.5566874e+01   1.0501305e+02
   3.6999729e+01   1.7397139e+01
  -6.5837498e+01   7.4331056e+01
  -2.6753890e+00   2.9699752e+01
  -3.3174364e+02   3.5943433e+02
  -5.3175911e+02   7.8473586e+02
  -7.1919180e+01   8.0039834e+01
  -3.2465913e+02   3.4492136e+02
  -7.1398826e+01   7.9540553e+01
  -6.0683030e+02   9.9724394e+02
  -1.1252615e+02   1.2878809e+02
   2.6024390e+01   2.1644798e+01
  -5.8791336e+01   6.7123813e+01
   1.2600402e+02  -6.6681672e-01
   1.1350927e+02   6.2326733e+00
   7.5513292e+01   7.2112003e+00
  -1.6726932e+01   3.8338491e+01
   5.4004446e+01   1.2339601e+01
  -7.6114732e+02   1.4981166e+03
  -4.9611266e+02   6.8950530e+02
  -4.8493427e+02   6.6039166e+02
  -1.2470699e+02   1.5274538e+02
   1.0867899e+02   3.1980812e+00
   9.9001227e+01  -3.7271937e+01
  -7.3550837e+02   1.4085372e+03
  -7.1924614e+02   1.3559668e+03
  -3.3270410e+02   3.6070906e+02
  -6.5912875e+02   1.1549734e+03
  -4.8130177e+02   6.5278289e+02
   9.3598131e+01   3.9781351e+00
   1.2675215e+02  -3.6648575e+01
   1.0638288e+02   2.4138720e+01
   7.8375177e+01  -1.2101076e+01
  -4.2547251e+02   5.6521396e+02
  -4.7899476e+00   3.5369116e+01
  -3.0200758e+02   3.0029944e+02
   1.1578930e+01   2.7388079e+01
  -6.7463332e+02   1.2072573e+03
   5.5806174e+01   1.1767917e+01
   1.4075279e+02  -3.5739214e+01
  -5.1242233e+02   7.3271988e+02
  -5.9787315e+02   9.7037843e+02
  -7.6863970e+02   1.5262787e+03
  -1.1547920e+02   1.4073188e+02
   1.2611649e+02  -2.5958603e-01
  -7.5887845e+02   1.4903930e+03
  -9.2924564e+01   1.0211570e+02
  -1.0917665e+02   1.2011148e+02
  -4.2241499e+02   5.5689620e+02
   1.3583051e+02   3.3956655e+01
   1.1049153e+02   4.3597791e+00
  -3.0012383e+02   2.9641023e+02
  -1.0321982e+02   1.1346729e+02
  -7.0642339e+01   7.8846510e+01
   1.0436850e+02   1.3026248e+00
   9.4057896e+01   3.9133409e+00
   1.1531583e+02   7.5067927e+00
  -1.8912637e+02   2.4634235e+02
  -6.9263595e+02   1.2635795e+03
  -6.8991778e+02   1.2577828e+03
  -9.5613842e+01   1.0473692e+02
  -6.0651896e+01   6.8945342e+01
  -5.0390881e+02   7.1011244e+02
   9.3905295e+01   3.9446121e+00
  -9.3231467e+01   1.0511760e+02
  -7.0819865e+02   1.3158826e+03
  -1.0453548e+02   1.1458434e+02
  -5.1291307e+02   7.3338681e+02
   8.3651025e+01  -9.2862185e+00
  -3.1434368e+02   3.2426457e+02
  -3.6797941e+02   4.3403785e+02
  -4.8143240e+02   6.5242930e+02
  -3.2019455e+02   3.3589408e+02
  -5.1211962e+02   7.3116382e+02
  -7.5875147e+02   1.4910714e+03
  -3.0437390e+02   3.0529020e+02
   1.4143875e+02   2.4413609e+01
  -2.0201707e+02   2.6684847e+02
  -5.1224708e+02   7.3154680e+02
  -3.5891299e+02   4.1579679e+02
  -5.3833449e+01   6.2301167e+01
  -9.4141800e+01   1.0602613e+02
  -7.1410043e+02   1.3390037e+03
   1.1094430e+02   2.2764948e+00
  -3.2296691e+01   1.6555124e+01
  -7.7808261e+02   1.5606177e+03
  -4.4519490e+02   6.1070530e+02
  -6.3765934e+02   1.0899081e+03
  -1.1113205e+02   1.2176910e+02
  -5.1210218e+02   7.3115190e+02
   1.2355803e+02   1.2530459e+01
   1.0943520e+02   3.9126242e+00
  -2.6506393e+02   3.7532680e+02
  -7.7064304e+02   1.5314958e+03
  -1.1989872e+02   1.4665839e+02
  -2.9842568e+02   2.9396485e+02
  -3.7764131e+01   2.0660427e+01
   1.3310921e+02   8.4115626e-01
   1.0417194e+02   9.3975946e-01
  -8.3314094e+00   3.7064188e+01
  -6.3903517e+02   1.0946130e+03
   9.9116878e+01  -3.7494649e+01
   3.6752219e-01   3.2358724e+01
   9.5665042e+01   3.7852727e+00
  -4.8809004e+02   6.6928674e+02
  -1.5835138e+02   2.0052084e+02
   1.4160373e+02  -3.5417913e+01
  -3.1360019e+02   3.2311742e+02
   1.3970427e+02   3.5403323e+01
  -5.3850584e+02   8.0227134e+02
   2.1400120e+01   2.3515257e+01
   1.2750090e+02  -2.5742770e-01
  -3.4800356e+02   3.9287268e+02
  -9.0559100e+01   1.0185880e+02
  -1.0534797e+02   1.1553593e+02
  -5.8276874e+02   9.2724809e+02
  -7.7530923e+02   1.5483304e+03
  -1.4926908e+02   1.8651819e+02
  -6.1869176e+01   6.9894544e+01
  -6.0247941e+02   9.8315453e+02
  -6.6811070e+02   1.1870051e+03
  -3.0057156e+02   2.9784379e+02
   5.1367209e+01   1.2697391e+01
  -9.4521297e+01   1.0365460e+02
  -6.4367414e+02   1.1078319e+03
   1.3113833e+02   2.0699518e-01
  -4.0798310e+02   5.2441450e+02
  -1.1652985e+02   1.2870309e+02
   9.8473556e+00   2.8324864e+01
  -3.0195909e+02   3.0037804e+02
  -4.4718131e+02   6.1753324e+02
  -4.5192235e+02   6.2852540e+02
   1.1872164e+02   9.4181163e+00
  -7.4337410e+01   8.2492759e+01
  -9.1405042e+01   1.0063305e+02
   1.4481077e+02   2.6327551e+01
   3.2891602e+01   1.9112478e+01
  -7.0844405e+02   1.3175108e+03
  -5.5876502e+01   3.4648532e+01
  -2.7412404e+02   3.9301376e+02
  -6.3802552e+02   1.0905718e+03
  -3.9837105e+02   5.0139104e+02
   1.2559030e+02   3.0096697e+01
   1.1654868e+02   2.7063595e+01
  -2.1173188e+02   2.8306946e+02
  -5.1517451e+01   6.0092453e+01
   1.4987727e+02   2.9931895e+01
  -7.4983637e+02   1.4594606e+03
  -7.1408940e+02   1.3363767e+03
  -7.1775138e+02   1.3468056e+03
  -5.4586882e+02   8.2238047e+02
   1.3792329e+02  -3.5777717e+01
  -3.3241976e+02   3.6093527e+02
  -3.6606847e+02   4.3020475e+02
  -9.3392998e+00   3.1837119e-01
  -1.8244636e+02   2.3600666e+02
   1.3243552e+02  -3.6471614e+01
  -7.4370040e+01   8.2509426e+01
  -7.3250010e+02   1.3971168e+03
  -1.0743389e+02   1.2311962e+02
  -4.8554193e+02   6.6256986e+02
   1.0827835e+02   2.5579158e+00
  -7.5221482e+01   5.1517935e+01
  -3.6230331e+02   4.2211370e+02
  -6.6521862e+02   1.1759544e+03
  -2.9650873e+02   2.9022526e+02
  -1.3099498e+02   1.6112213e+02
  -2.5141996e+02   3.5097402e+02
  -5.3462745e+01   6.2003778e+01
  -4.0656603e+02   5.2156675e+02
   1.1402524e+02   6.4971723e+00
   1.3784807e+02   3.4995729e+01
  -1.1247444e+02   1.3685799e+02
  -5.5943246e+02   8.5981051e+02
  -8.7975834e+01   9.6767816e+01
  -1.0408716e+02   1.1877082e+02
  -1.6091272e+02   2.0346290e+02
  -7.7461525e+02   1.5485991e+03
  -8.5628846e+01   9.4172286e+01
   1.0484797e+02   1.4881208e+00
   6.9019832e+01   8.4534555e+00
  -6.9790450e+01   4.6661046e+01
  -4.4797709e+02   6.2024090e+02
  -8.7452526e+00   3.3446220e+01
  -7.1568126e+02   1.3434055e+03
  -5.0748162e+02   7.1922200e+02
  -1.3172290e+02   1.6219286e+02
   9.2869960e+01   2.0618215e+01
  -1.1384015e+02   1.3852308e+02
  -3.5287923e+02   4.0273714e+02
  -3.4436059e+02   3.8443826e+02
  -2.6247614e+02   3.7148935e+02
  -5.8461871e+02   9.3192152e+02
  -7.5097158e+02   1.4659587e+03
  -2.2795072e+02   3.0989974e+02
   8.9914932e+01  -6.6975075e+00
  -5.2180096e+01   3.1785131e+01
  -2.0655011e+02   2.7413147e+02
  -7.6056773e+02   1.4975138e+03
   1.3137873e+02   1.7504594e+01
   9.8374940e+01  -2.0715488e+00
  -6.2278901e+02   1.0446379e+03
  -1.1342183e+02   1.2492695e+02
   9.2578958e+01  -5.1412976e+00
  -6.2893245e+02   1.0632275e+03
  -9.5712560e+00   3.7836719e+01
  -5.0523631e+02   7.1403261e+02
  -5.6142908e+01   3.5585703e+01
  -6.0176675e+02   9.8077752e+02
  -2.5773264e+02   3.6280371e+02
   7.2284155e+01  -1.4571022e+01
  -6.6683429e+02   1.1791075e+03
   2.6117647e+00   2.7070915e+01
  -4.5113532e+01   2.6328542e+01
  -1.1938336e+02   1.4579701e+02
  -1.7218707e+02   2.1989652e+02
   1.3611842e+02  -3.5895623e+01
   9.5964305e+01  -3.6803019e+00
  -6.2684843e+02   1.0562124e+03
  -1.1436126e+02   1.3914187e+02
  -4.4790947e+02   6.1874509e+02
  -2.9522451e+02   2.8782980e+02
   3.2775610e+01   1.9186040e+01
   1.2536758e+02  -3.6716869e+01
  -4.5010636e+02   6.2486681e+02
   6.5521331e+00   2.9759307e+01
  -7.5385146e+02   1.4721225e+03
  -3.4558127e+02   3.8668806e+02
  -5.2151500e+02   7.5696776e+02
  -5.5363248e+01   6.3967148e+01
  -1.5154237e+02   1.9005685e+02
   1.4710792e+02   2.8157583e+01
  -6.8250883e+02   1.2318960e+03
  -5.7127302e+02   8.9248351e+02
   8.3564141e-01   3.2690574e+01
  -4.4961734e+02   6.2210172e+02
  -5.4771345e+02   8.2711792e+02
  -3.2094225e+02   3.3668696e+02
   1.2646377e+02   3.0375158e+01
  -6.0921159e+02   1.0025678e+03
   9.5588378e+01   3.9003397e+00
   1.0358095e+02  -3.7776682e+01
   8.1313477e+01   1.7599165e+01
  -5.2639399e+02   7.6990308e+02
  -6.5258924e+01   7.3729724e+01
  -5.6841439e+02   8.8482028e+02
   9.1803816e+01   2.0228298e+01
   6.8588215e-02   3.2837950e+01
  -4.0075153e+02   5.0815417e+02
   1.1664226e+02   2.7226399e+01
  -7.4792644e+02   1.4527344e+03
  -5.4604116e+00   3.1541367e+01
  -5.7722442e+00   3.5759074e+01
   1.0238291e+02   2.3249127e+01
  -6.2017714e+02   1.0374248e+03
   1.1237050e+02   2.5847897e+01
   1.5445674e+02   3.2922403e+01
   7.7949168e+01   6.4757914e+00
  -5.6450238e+02   8.7481845e+02
   1.3029344e+02  -3.6491224e+01
  -1.1261088e+02   1.3651660e+02
  -4.0082000e+02   5.0836475e+02
  -4.9390719e+02   6.8353732e+02
  -5.1552383e+02   7.4035538e+02
  -1.4373452e+02   1.7840689e+02
   4.1732682e+01   1.6175050e+01
   4.0849914e+01   1.6482246e+01
  -7.6277496e+02   1.5041756e+03
  -2.0272468e+01   7.6707693e+00
   1.1599346e+02   7.8484232e+00
  -1.1108944e+02   1.2203547e+02
  -6.9518782e+02   1.2748605e+03
  -5.6272437e+02   8.6950620e+02
  -7.6273297e+02   1.5042377e+03
  -5.8790969e+02   9.4035123e+02
  -1.3785505e+02   1.7064922e+02
  -6.1514483e+02   1.0212100e+03
  -2.4532956e+02   3.4053829e+02
  -1.8627847e+02   2.4221692e+02
  -6.6807124e+02   1.1849031e+03
   1.0678644e+02  -3.7648314e+01
  -2.7233640e+02   3.8974253e+02
  -4.9906822e+02   6.9697069e+02
   1.3285078e+02   1.8370239e+01
  -6.5981365e+01   4.3292677e+01
  -6.0565202e+02   9.9344558e+02
   9.8363258e+01  -2.2054482e+00
  -2.1733650e+02   2.9197847e+02
  -6.4395025e+02   1.1085589e+03
  -2.2060280e+02   2.9762805e+02
  -6.7619426e+02   1.2132457e+03
   6.0786523e+01   1.0250464e+01
   1.0453258e+02   2.3594326e+01
   1.1001621e+02   4.7292702e+00
   1.4926059e+02   2.9714323e+01
  -4.9690293e+02   6.9158665e+02
  -2.3254079e+02   3.1808370e+02
   9.3537664e+01   4.2247088e+00
   1.2938999e+02  -3.7027812e+01
   1.2892327e+02   3.1485036e+01
   1.0716306e+02  -3.7285654e+01
   8.7115952e+01   5.1975111e+00
  -5.4423800e+02   8.1645523e+02
  -4.9723434e+02   6.9346647e+02
  -5.7293447e+01   6.5864558e+01
  -3.1893840e+02   3.3363868e+02
  -3.9810712e+02   5.0082504e+02
  -4.8930162e+01   2.9317077e+01
  -1.7500483e+02   2.2485750e+02
   1.0568862e+01   2.7921872e+01
  -2.6074192e+02   3.6841356e+02
   1.3567020e+02   3.3955917e+01
  -3.6072515e+02   4.1931733e+02
   1.3447169e+02   3.3826139e+01
  -1.1038550e+02   1.2667346e+02
  -5.7125432e+02   8.9322244e+02
  -7.1447963e+02   1.3379614e+03
   7.0179912e+01   8.4451139e+00
   1.5651491e+02   3.4937674e+01
  -2.6716135e+02   3.8012420e+02
  -7.1448851e+02   1.3380683e+03
  -7.6266287e+02   1.5023008e+03
  -3.4132813e+02   3.7842134e+02
   5.8178889e+01   1.1365599e+01
   1.0335691e+02   7.8229323e-01
   6.1399491e+01   1.0502546e+01
  -7.6478707e+02   1.5126226e+03
   1.0289819e+02   2.3485850e+01
  -6.5604378e+01   4.3061912e+01
   1.2466917e+02   3.0278981e+01
  -4.3078626e+02   5.7665195e+02
  -4.1992947e+02   5.5159106e+02
  -7.0763777e+02   1.3130318e+03
   1.4081545e+02   2.3891961e+01
